"lon","lat","1950","1951","1952","1953","1954","1955","1956","1957","1958","1959","1960","1961","1962","1963","1964","1965","1966","1967","1968","1969","1970","1971","1972","1973","1974","1975","1976","1977","1978","1979","1980","1981","1982","1983","1984","1985","1986","1987","1988","1989","1990","1991","1992","1993","1994","1995","1996","1997","1998","1999","2000","2001","2002","2003","2004","2005","2006","2007","2008","2009","2010","2011","2012","2013","2014","2015","2016","2017","2018","2019","2020","2021","2022","2023","2024","2025"
879749.068751066,1251576.16101113,NA,NA,NA,NA,NA,NA,NA,NA,NA,NA,NA,NA,NA,NA,NA,NA,NA,NA,NA,NA,NA,NA,NA,NA,NA,NA,NA,NA,NA,NA,NA,NA,NA,NA,NA,NA,NA,NA,NA,NA,NA,NA,NA,NA,NA,NA,NA,NA,NA,NA,NA,NA,NA,NA,NA,NA,NA,NA,NA,NA,NA,NA,NA,NA,NA,NA,NA,NA,NA,NA,NA,NA,NA,NA,NA,NA
887898.2936658,1251576.16101113,NA,NA,NA,NA,NA,NA,NA,NA,NA,NA,NA,NA,NA,NA,NA,NA,NA,NA,NA,NA,NA,NA,NA,NA,NA,NA,NA,NA,NA,NA,NA,NA,NA,NA,NA,NA,NA,NA,NA,NA,NA,NA,NA,NA,NA,NA,NA,NA,NA,NA,NA,NA,NA,NA,NA,NA,NA,NA,NA,NA,NA,NA,NA,NA,NA,NA,NA,NA,NA,NA,NA,NA,NA,NA,NA,NA
896047.518580533,1251576.16101113,NA,NA,NA,NA,NA,NA,NA,NA,NA,NA,NA,NA,NA,NA,NA,NA,NA,NA,NA,NA,NA,NA,NA,NA,NA,NA,NA,NA,NA,NA,NA,NA,NA,NA,NA,NA,NA,NA,NA,NA,NA,NA,NA,NA,NA,NA,NA,NA,NA,NA,NA,NA,NA,NA,NA,NA,NA,NA,NA,NA,NA,NA,NA,NA,NA,NA,NA,NA,NA,NA,NA,NA,NA,NA,NA,NA
904196.743495267,1251576.16101113,NA,NA,NA,NA,NA,NA,NA,NA,NA,NA,NA,NA,NA,NA,NA,NA,NA,NA,NA,NA,NA,NA,NA,NA,NA,NA,NA,NA,NA,NA,NA,NA,NA,NA,NA,NA,NA,NA,NA,NA,NA,NA,NA,NA,NA,NA,NA,NA,NA,NA,NA,NA,NA,NA,NA,NA,NA,NA,NA,NA,NA,NA,NA,NA,NA,NA,NA,NA,NA,NA,NA,NA,NA,NA,NA,NA
912345.96841,1251576.16101113,NA,NA,NA,NA,NA,NA,NA,NA,NA,NA,NA,NA,NA,NA,NA,NA,NA,NA,NA,NA,NA,NA,NA,NA,NA,NA,NA,NA,NA,NA,NA,NA,NA,NA,NA,NA,NA,NA,NA,NA,NA,NA,NA,NA,NA,NA,NA,NA,NA,NA,NA,NA,NA,NA,NA,NA,NA,NA,NA,NA,NA,NA,NA,NA,NA,NA,NA,NA,NA,NA,NA,NA,NA,NA,NA,NA
920495.193324734,1251576.16101113,NA,NA,NA,NA,NA,NA,NA,NA,NA,NA,NA,NA,NA,NA,NA,NA,NA,NA,NA,NA,NA,NA,NA,NA,NA,NA,NA,NA,NA,NA,NA,NA,NA,NA,NA,NA,NA,NA,NA,NA,NA,NA,NA,NA,NA,NA,NA,NA,NA,NA,NA,NA,NA,NA,NA,NA,NA,NA,NA,NA,NA,NA,NA,NA,NA,NA,NA,NA,NA,NA,NA,NA,NA,NA,NA,NA
928644.418239468,1251576.16101113,NA,NA,NA,NA,NA,NA,NA,NA,NA,NA,NA,NA,NA,NA,NA,NA,NA,NA,NA,NA,NA,NA,NA,NA,NA,NA,NA,NA,NA,NA,NA,NA,NA,NA,NA,NA,NA,NA,NA,NA,NA,NA,NA,NA,NA,NA,NA,NA,NA,NA,NA,NA,NA,NA,NA,NA,NA,NA,NA,NA,NA,NA,NA,NA,NA,NA,NA,NA,NA,NA,NA,NA,NA,NA,NA,NA
936793.643154201,1251576.16101113,NA,NA,NA,NA,NA,NA,NA,NA,NA,NA,NA,NA,NA,NA,NA,NA,NA,NA,NA,NA,NA,NA,NA,NA,NA,NA,NA,NA,NA,NA,NA,NA,NA,NA,NA,NA,NA,NA,NA,NA,NA,NA,NA,NA,NA,NA,NA,NA,NA,NA,NA,NA,NA,NA,NA,NA,NA,NA,NA,NA,NA,NA,NA,NA,NA,NA,NA,NA,NA,NA,NA,NA,NA,NA,NA,NA
944942.868068935,1251576.16101113,NA,NA,NA,NA,NA,NA,NA,NA,NA,NA,NA,NA,NA,NA,NA,NA,NA,NA,NA,NA,NA,NA,NA,NA,NA,NA,NA,NA,NA,NA,NA,NA,NA,NA,NA,NA,NA,NA,NA,NA,NA,NA,NA,NA,NA,NA,NA,NA,NA,NA,NA,NA,NA,NA,NA,NA,NA,NA,NA,NA,NA,NA,NA,NA,NA,NA,NA,NA,NA,NA,NA,NA,NA,NA,NA,NA
953092.092983668,1251576.16101113,NA,NA,NA,NA,NA,NA,NA,NA,NA,NA,NA,NA,NA,NA,NA,NA,NA,NA,NA,NA,NA,NA,NA,NA,NA,NA,NA,NA,NA,NA,NA,NA,NA,NA,NA,NA,NA,NA,NA,NA,NA,NA,NA,NA,NA,NA,NA,NA,NA,NA,NA,NA,NA,NA,NA,NA,NA,NA,NA,NA,NA,NA,NA,NA,NA,NA,NA,NA,NA,NA,NA,NA,NA,NA,NA,NA
961241.317898402,1251576.16101113,NA,NA,NA,NA,NA,NA,NA,NA,NA,NA,NA,NA,NA,NA,NA,NA,NA,NA,NA,NA,NA,NA,NA,NA,NA,NA,NA,NA,NA,NA,NA,NA,NA,NA,NA,NA,NA,NA,NA,NA,NA,NA,NA,NA,NA,NA,NA,NA,NA,NA,NA,NA,NA,NA,NA,NA,NA,NA,NA,NA,NA,NA,NA,NA,NA,NA,NA,NA,NA,NA,NA,NA,NA,NA,NA,NA
969390.542813136,1251576.16101113,NA,NA,NA,NA,NA,NA,NA,NA,NA,NA,NA,NA,NA,NA,NA,NA,NA,NA,NA,NA,NA,NA,NA,NA,NA,NA,NA,NA,NA,NA,NA,NA,NA,NA,NA,NA,NA,NA,NA,NA,NA,NA,NA,NA,NA,NA,NA,NA,NA,NA,NA,NA,NA,NA,NA,NA,NA,NA,NA,NA,NA,NA,NA,NA,NA,NA,NA,NA,NA,NA,NA,NA,NA,NA,NA,NA
977539.767727869,1251576.16101113,NA,NA,NA,NA,NA,NA,NA,NA,NA,NA,NA,NA,NA,NA,NA,NA,NA,NA,NA,NA,NA,NA,NA,NA,NA,NA,NA,NA,NA,NA,NA,NA,NA,NA,NA,NA,NA,NA,NA,NA,NA,NA,NA,NA,NA,NA,NA,NA,NA,NA,NA,NA,NA,NA,NA,NA,NA,NA,NA,NA,NA,NA,NA,NA,NA,NA,NA,NA,NA,NA,NA,NA,NA,NA,NA,NA
985688.992642603,1251576.16101113,NA,NA,NA,NA,NA,NA,NA,NA,NA,NA,NA,NA,NA,NA,NA,NA,NA,NA,NA,NA,NA,NA,NA,NA,NA,NA,NA,NA,NA,NA,NA,NA,NA,NA,NA,NA,NA,NA,NA,NA,NA,NA,NA,NA,NA,NA,NA,NA,NA,NA,NA,NA,NA,NA,NA,NA,NA,NA,NA,NA,NA,NA,NA,NA,NA,NA,NA,NA,NA,NA,NA,NA,NA,NA,NA,NA
993838.217557336,1251576.16101113,NA,NA,NA,NA,NA,NA,NA,NA,NA,NA,NA,NA,NA,NA,NA,NA,NA,NA,NA,NA,NA,NA,NA,NA,NA,NA,NA,NA,NA,NA,NA,NA,NA,NA,NA,NA,NA,NA,NA,NA,NA,NA,NA,NA,NA,NA,NA,NA,NA,NA,NA,NA,NA,NA,NA,NA,NA,NA,NA,NA,NA,NA,NA,NA,NA,NA,NA,NA,NA,NA,NA,NA,NA,NA,NA,NA
1001987.44247207,1251576.16101113,NA,NA,NA,NA,NA,NA,NA,NA,NA,NA,NA,NA,NA,NA,NA,NA,NA,NA,NA,NA,NA,NA,NA,NA,NA,NA,NA,NA,NA,NA,NA,NA,NA,NA,NA,NA,NA,NA,NA,NA,NA,NA,NA,NA,NA,NA,NA,NA,NA,NA,NA,NA,NA,NA,NA,NA,NA,NA,NA,NA,NA,NA,NA,NA,NA,NA,NA,NA,NA,NA,NA,NA,NA,NA,NA,NA
1010136.6673868,1251576.16101113,NA,NA,NA,NA,NA,NA,NA,NA,NA,NA,NA,NA,NA,NA,NA,NA,NA,NA,NA,NA,NA,NA,NA,NA,NA,NA,NA,NA,NA,NA,NA,NA,NA,NA,NA,NA,NA,NA,NA,NA,NA,NA,NA,NA,NA,NA,NA,NA,NA,NA,NA,NA,NA,NA,NA,NA,NA,NA,NA,NA,NA,NA,NA,NA,NA,NA,NA,NA,NA,NA,NA,NA,NA,NA,NA,NA
1018285.89230154,1251576.16101113,NA,NA,NA,NA,NA,NA,NA,NA,NA,NA,NA,NA,NA,NA,NA,NA,NA,NA,NA,NA,NA,NA,NA,NA,NA,NA,NA,NA,NA,NA,NA,NA,NA,NA,NA,NA,NA,NA,NA,NA,NA,NA,NA,NA,NA,NA,NA,NA,NA,NA,NA,NA,NA,NA,NA,NA,NA,NA,NA,NA,NA,NA,NA,NA,NA,NA,NA,NA,NA,NA,NA,NA,NA,NA,NA,NA
1026435.11721627,1251576.16101113,NA,NA,NA,NA,NA,NA,NA,NA,NA,NA,NA,NA,NA,NA,NA,NA,NA,NA,NA,NA,NA,NA,NA,NA,NA,NA,NA,NA,NA,NA,NA,NA,NA,NA,NA,NA,NA,NA,NA,NA,NA,NA,NA,NA,NA,NA,NA,NA,NA,NA,NA,NA,NA,NA,NA,NA,NA,NA,NA,NA,NA,NA,NA,NA,NA,NA,NA,NA,NA,NA,NA,NA,NA,NA,NA,NA
1034584.342131,1251576.16101113,NA,NA,NA,NA,NA,NA,NA,NA,NA,NA,NA,NA,NA,NA,NA,NA,NA,NA,NA,NA,NA,NA,NA,NA,NA,NA,NA,NA,NA,NA,NA,NA,NA,NA,NA,NA,NA,NA,NA,NA,NA,NA,NA,NA,NA,NA,NA,NA,NA,NA,NA,NA,NA,NA,NA,NA,NA,NA,NA,NA,NA,NA,NA,NA,NA,NA,NA,NA,NA,NA,NA,NA,NA,NA,NA,NA
1042733.56704574,1251576.16101113,NA,NA,NA,NA,NA,NA,NA,NA,NA,NA,NA,NA,NA,NA,NA,NA,NA,NA,NA,NA,NA,NA,NA,NA,NA,NA,NA,NA,NA,NA,NA,NA,NA,NA,NA,NA,NA,NA,NA,NA,NA,NA,NA,NA,NA,NA,NA,NA,NA,NA,NA,NA,NA,NA,NA,NA,NA,NA,NA,NA,NA,NA,NA,NA,NA,NA,NA,NA,NA,NA,NA,NA,NA,NA,NA,NA
1050882.79196047,1251576.16101113,NA,NA,NA,NA,NA,NA,NA,NA,NA,NA,NA,NA,NA,NA,NA,NA,NA,NA,NA,NA,NA,NA,NA,NA,NA,NA,NA,NA,NA,NA,NA,NA,NA,NA,NA,NA,NA,NA,NA,NA,NA,NA,NA,NA,NA,NA,NA,NA,NA,NA,NA,NA,NA,NA,NA,NA,NA,NA,NA,NA,NA,NA,NA,NA,NA,NA,NA,NA,NA,NA,NA,NA,NA,NA,NA,NA
1059032.01687521,1251576.16101113,NA,NA,NA,NA,NA,NA,NA,NA,NA,NA,NA,NA,NA,NA,NA,NA,NA,NA,NA,NA,NA,NA,NA,NA,NA,NA,NA,NA,NA,NA,NA,NA,NA,NA,NA,NA,NA,NA,NA,NA,NA,NA,NA,NA,NA,NA,NA,NA,NA,NA,NA,NA,NA,NA,NA,NA,NA,NA,NA,NA,NA,NA,NA,NA,NA,NA,NA,NA,NA,NA,NA,NA,NA,NA,NA,NA
1067181.24178994,1251576.16101113,NA,NA,NA,NA,NA,NA,NA,NA,NA,NA,NA,NA,NA,NA,NA,NA,NA,NA,NA,NA,NA,NA,NA,NA,NA,NA,NA,NA,NA,NA,NA,NA,NA,NA,NA,NA,NA,NA,NA,NA,NA,NA,NA,NA,NA,NA,NA,NA,NA,NA,NA,NA,NA,NA,NA,NA,NA,NA,NA,NA,NA,NA,NA,NA,NA,NA,NA,NA,NA,NA,NA,NA,NA,NA,NA,NA
1075330.46670467,1251576.16101113,NA,NA,NA,NA,NA,NA,NA,NA,NA,NA,NA,NA,NA,NA,NA,NA,NA,NA,NA,NA,NA,NA,NA,NA,NA,NA,NA,NA,NA,NA,NA,NA,NA,NA,NA,NA,NA,NA,NA,NA,NA,NA,NA,NA,NA,NA,NA,NA,NA,NA,NA,NA,NA,NA,NA,NA,NA,NA,NA,NA,NA,NA,NA,NA,NA,NA,NA,NA,NA,NA,NA,NA,NA,NA,NA,NA
1083479.69161941,1251576.16101113,NA,NA,NA,NA,NA,NA,NA,NA,NA,NA,NA,NA,NA,NA,NA,NA,NA,NA,NA,NA,NA,NA,NA,NA,NA,NA,NA,NA,NA,NA,NA,NA,NA,NA,NA,NA,NA,NA,NA,NA,NA,NA,NA,NA,NA,NA,NA,NA,NA,NA,NA,NA,NA,NA,NA,NA,NA,NA,NA,NA,NA,NA,NA,NA,NA,NA,NA,NA,NA,NA,NA,NA,NA,NA,NA,NA
1091628.91653414,1251576.16101113,NA,NA,NA,NA,NA,NA,NA,NA,NA,NA,NA,NA,NA,NA,NA,NA,NA,NA,NA,NA,NA,NA,NA,NA,NA,NA,NA,NA,NA,NA,NA,NA,NA,NA,NA,NA,NA,NA,NA,NA,NA,NA,NA,NA,NA,NA,NA,NA,NA,NA,NA,NA,NA,NA,NA,NA,NA,NA,NA,NA,NA,NA,NA,NA,NA,NA,NA,NA,NA,NA,NA,NA,NA,NA,NA,NA
1099778.14144887,1251576.16101113,NA,NA,NA,NA,NA,NA,NA,NA,NA,NA,NA,NA,NA,NA,NA,NA,NA,NA,NA,NA,NA,NA,NA,NA,NA,NA,NA,NA,NA,NA,NA,NA,NA,NA,NA,NA,NA,NA,NA,NA,NA,NA,NA,NA,NA,NA,NA,NA,NA,NA,NA,NA,NA,NA,NA,NA,NA,NA,NA,NA,NA,NA,NA,NA,NA,NA,NA,NA,NA,NA,NA,NA,NA,NA,NA,NA
1107927.36636361,1251576.16101113,NA,NA,NA,NA,NA,NA,NA,NA,NA,NA,NA,NA,NA,NA,NA,NA,NA,NA,NA,NA,NA,NA,NA,NA,NA,NA,NA,NA,NA,NA,NA,NA,NA,NA,NA,NA,NA,NA,NA,NA,NA,NA,NA,NA,NA,NA,NA,NA,NA,NA,NA,NA,NA,NA,NA,NA,NA,NA,NA,NA,NA,NA,NA,NA,NA,NA,NA,NA,NA,NA,NA,NA,NA,NA,NA,NA
1116076.59127834,1251576.16101113,NA,NA,NA,NA,NA,NA,NA,NA,NA,NA,NA,NA,NA,NA,NA,NA,NA,NA,NA,NA,NA,NA,NA,NA,NA,NA,NA,NA,NA,NA,NA,NA,NA,NA,NA,NA,NA,NA,NA,NA,NA,NA,NA,NA,NA,NA,NA,NA,NA,NA,NA,NA,NA,NA,NA,NA,NA,NA,NA,NA,NA,NA,NA,NA,NA,NA,NA,NA,NA,NA,NA,NA,NA,NA,NA,NA
1124225.81619307,1251576.16101113,NA,NA,NA,NA,NA,NA,NA,NA,NA,NA,NA,NA,NA,NA,NA,NA,NA,NA,NA,NA,NA,NA,NA,NA,NA,NA,NA,NA,NA,NA,NA,NA,NA,NA,NA,NA,NA,NA,NA,NA,NA,NA,NA,NA,NA,NA,NA,NA,NA,NA,NA,NA,NA,NA,NA,NA,NA,NA,NA,NA,NA,NA,NA,NA,NA,NA,NA,NA,NA,NA,NA,NA,NA,NA,NA,NA
1132375.04110781,1251576.16101113,NA,NA,NA,NA,NA,NA,NA,NA,NA,NA,NA,NA,NA,NA,NA,NA,NA,NA,NA,NA,NA,NA,NA,NA,NA,NA,NA,NA,NA,NA,NA,NA,NA,NA,NA,NA,NA,NA,NA,NA,NA,NA,NA,NA,NA,NA,NA,NA,NA,NA,NA,NA,NA,NA,NA,NA,NA,NA,NA,NA,NA,NA,NA,NA,NA,NA,NA,NA,NA,NA,NA,NA,NA,NA,NA,NA
1140524.26602254,1251576.16101113,NA,NA,NA,NA,NA,NA,NA,NA,NA,NA,NA,NA,NA,NA,NA,NA,NA,NA,NA,NA,NA,NA,NA,NA,NA,NA,NA,NA,NA,NA,NA,NA,NA,NA,NA,NA,NA,NA,NA,NA,NA,NA,NA,NA,NA,NA,NA,NA,NA,NA,NA,NA,NA,NA,NA,NA,NA,NA,NA,NA,NA,NA,NA,NA,NA,NA,NA,NA,NA,NA,NA,NA,NA,NA,NA,NA
1148673.49093727,1251576.16101113,NA,NA,NA,NA,NA,NA,NA,NA,NA,NA,NA,NA,NA,NA,NA,NA,NA,NA,NA,NA,NA,NA,NA,NA,NA,NA,NA,NA,NA,NA,NA,NA,NA,NA,NA,NA,NA,NA,NA,NA,NA,NA,NA,NA,NA,NA,NA,NA,NA,NA,NA,NA,NA,NA,NA,NA,NA,NA,NA,NA,NA,NA,NA,NA,NA,NA,NA,NA,NA,NA,NA,NA,NA,NA,NA,NA
1156822.71585201,1251576.16101113,NA,NA,NA,NA,NA,NA,NA,NA,NA,NA,NA,NA,NA,NA,NA,NA,NA,NA,NA,NA,NA,NA,NA,NA,NA,NA,NA,NA,NA,NA,NA,NA,NA,NA,NA,NA,NA,NA,NA,NA,NA,NA,NA,NA,NA,NA,NA,NA,NA,NA,NA,NA,NA,NA,NA,NA,NA,NA,NA,NA,NA,NA,NA,NA,NA,NA,NA,NA,NA,NA,NA,NA,NA,NA,NA,NA
1164971.94076674,1251576.16101113,NA,NA,NA,NA,NA,NA,NA,NA,NA,NA,NA,NA,NA,NA,NA,NA,NA,NA,NA,NA,NA,NA,NA,NA,NA,NA,NA,NA,NA,NA,NA,NA,NA,NA,NA,NA,NA,NA,NA,NA,NA,NA,NA,NA,NA,NA,NA,NA,NA,NA,NA,NA,NA,NA,NA,NA,NA,NA,NA,NA,NA,NA,NA,NA,NA,NA,NA,NA,NA,NA,NA,NA,NA,NA,NA,NA
1173121.16568148,1251576.16101113,NA,NA,NA,NA,NA,NA,NA,NA,NA,NA,NA,NA,NA,NA,NA,NA,NA,NA,NA,NA,NA,NA,NA,NA,NA,NA,NA,NA,NA,NA,NA,NA,NA,NA,NA,NA,NA,NA,NA,NA,NA,NA,NA,NA,NA,NA,NA,NA,NA,NA,NA,NA,NA,NA,NA,NA,NA,NA,NA,NA,NA,NA,NA,NA,NA,NA,NA,NA,NA,NA,NA,NA,NA,NA,NA,NA
1181270.39059621,1251576.16101113,NA,NA,NA,NA,NA,NA,NA,NA,NA,NA,NA,NA,NA,NA,NA,NA,NA,NA,NA,NA,NA,NA,NA,NA,NA,NA,NA,NA,NA,NA,NA,NA,NA,NA,NA,NA,NA,NA,NA,NA,NA,NA,NA,NA,NA,NA,NA,NA,NA,NA,NA,NA,NA,NA,NA,NA,NA,NA,NA,NA,NA,NA,NA,NA,NA,NA,NA,NA,NA,NA,NA,NA,NA,NA,NA,NA
1189419.61551094,1251576.16101113,NA,NA,NA,NA,NA,NA,NA,NA,NA,NA,NA,NA,NA,NA,NA,NA,NA,NA,NA,NA,NA,NA,NA,NA,NA,NA,NA,NA,NA,NA,NA,NA,NA,NA,NA,NA,NA,NA,NA,NA,NA,NA,NA,NA,NA,NA,NA,NA,NA,NA,NA,NA,NA,NA,NA,NA,NA,NA,NA,NA,NA,NA,NA,NA,NA,NA,NA,NA,NA,NA,NA,NA,NA,NA,NA,NA
1197568.84042568,1251576.16101113,NA,NA,NA,NA,NA,NA,NA,NA,NA,NA,NA,NA,NA,NA,NA,NA,NA,NA,NA,NA,NA,NA,NA,NA,NA,NA,NA,NA,NA,NA,NA,NA,NA,NA,NA,NA,NA,NA,NA,NA,NA,NA,NA,NA,NA,NA,NA,NA,NA,NA,NA,NA,NA,NA,NA,NA,NA,NA,NA,NA,NA,NA,NA,NA,NA,NA,NA,NA,NA,NA,NA,NA,NA,NA,NA,NA
1205718.06534041,1251576.16101113,NA,NA,NA,NA,NA,NA,NA,NA,NA,NA,NA,NA,NA,NA,NA,NA,NA,NA,NA,NA,NA,NA,NA,NA,NA,NA,NA,NA,NA,NA,NA,NA,NA,NA,NA,NA,NA,NA,NA,NA,NA,NA,NA,NA,NA,NA,NA,NA,NA,NA,NA,NA,NA,NA,NA,NA,NA,NA,NA,NA,NA,NA,NA,NA,NA,NA,NA,NA,NA,NA,NA,NA,NA,NA,NA,NA
1213867.29025514,1251576.16101113,NA,NA,NA,NA,NA,NA,NA,NA,NA,NA,NA,NA,NA,NA,NA,NA,NA,NA,NA,NA,NA,NA,NA,NA,NA,NA,NA,NA,NA,NA,NA,NA,NA,NA,NA,NA,NA,NA,NA,NA,NA,NA,NA,NA,NA,NA,NA,NA,NA,NA,NA,NA,NA,NA,NA,NA,NA,NA,NA,NA,NA,NA,NA,NA,NA,NA,NA,NA,NA,NA,NA,NA,NA,NA,NA,NA
1222016.51516988,1251576.16101113,NA,NA,NA,NA,NA,NA,NA,NA,NA,NA,NA,NA,NA,NA,NA,NA,NA,NA,NA,NA,NA,NA,NA,NA,NA,NA,NA,NA,NA,NA,NA,NA,NA,NA,NA,NA,NA,NA,NA,NA,NA,NA,NA,NA,NA,NA,NA,NA,NA,NA,NA,NA,NA,NA,NA,NA,NA,NA,NA,NA,NA,NA,NA,NA,NA,NA,NA,NA,NA,NA,NA,NA,NA,NA,NA,NA
879749.068751066,1243426.9360964,NA,NA,NA,NA,NA,NA,NA,NA,NA,NA,NA,NA,NA,NA,NA,NA,NA,NA,NA,NA,NA,NA,NA,NA,NA,NA,NA,NA,NA,NA,NA,NA,NA,NA,NA,NA,NA,NA,NA,NA,NA,NA,NA,NA,NA,NA,NA,NA,NA,NA,NA,NA,NA,NA,NA,NA,NA,NA,NA,NA,NA,NA,NA,NA,NA,NA,NA,NA,NA,NA,NA,NA,NA,NA,NA,NA
887898.2936658,1243426.9360964,NA,NA,NA,NA,NA,NA,NA,NA,NA,NA,NA,NA,NA,NA,NA,NA,NA,NA,NA,NA,NA,NA,NA,NA,NA,NA,NA,NA,NA,NA,NA,NA,NA,NA,NA,NA,NA,NA,NA,NA,NA,NA,NA,NA,NA,NA,NA,NA,NA,NA,NA,NA,NA,NA,NA,NA,NA,NA,NA,NA,NA,NA,NA,NA,NA,NA,NA,NA,NA,NA,NA,NA,NA,NA,NA,NA
896047.518580533,1243426.9360964,NA,NA,NA,NA,NA,NA,NA,NA,NA,NA,NA,NA,NA,NA,NA,NA,NA,NA,NA,NA,NA,NA,NA,NA,NA,NA,NA,NA,NA,NA,NA,NA,NA,NA,NA,NA,NA,NA,NA,NA,NA,NA,NA,NA,NA,NA,NA,NA,NA,NA,NA,NA,NA,NA,NA,NA,NA,NA,NA,NA,NA,NA,NA,NA,NA,NA,NA,NA,NA,NA,NA,NA,NA,NA,NA,NA
904196.743495267,1243426.9360964,NA,NA,NA,NA,NA,NA,NA,NA,NA,NA,NA,NA,NA,NA,NA,NA,NA,NA,NA,NA,NA,NA,NA,NA,NA,NA,NA,NA,NA,NA,NA,NA,NA,NA,NA,NA,NA,NA,NA,NA,NA,NA,NA,NA,NA,NA,NA,NA,NA,NA,NA,NA,NA,NA,NA,NA,NA,NA,NA,NA,NA,NA,NA,NA,NA,NA,NA,NA,NA,NA,NA,NA,NA,NA,NA,NA
912345.96841,1243426.9360964,NA,NA,NA,NA,NA,NA,NA,NA,NA,NA,NA,NA,NA,NA,NA,NA,NA,NA,NA,NA,NA,NA,NA,NA,NA,NA,NA,NA,NA,NA,NA,NA,NA,NA,NA,NA,NA,NA,NA,NA,NA,NA,NA,NA,NA,NA,NA,NA,NA,NA,NA,NA,NA,NA,NA,NA,NA,NA,NA,NA,NA,NA,NA,NA,NA,NA,NA,NA,NA,NA,NA,NA,NA,NA,NA,NA
920495.193324734,1243426.9360964,NA,NA,NA,NA,NA,NA,NA,NA,NA,NA,NA,NA,NA,NA,NA,NA,NA,NA,NA,NA,NA,NA,NA,NA,NA,NA,NA,NA,NA,NA,NA,NA,NA,NA,NA,NA,NA,NA,NA,NA,NA,NA,NA,NA,NA,NA,NA,NA,NA,NA,NA,NA,NA,NA,NA,NA,NA,NA,NA,NA,NA,NA,NA,NA,NA,NA,NA,NA,NA,NA,NA,NA,NA,NA,NA,NA
928644.418239468,1243426.9360964,NA,NA,NA,NA,NA,NA,NA,NA,NA,NA,NA,NA,NA,NA,NA,NA,NA,NA,NA,NA,NA,NA,NA,NA,NA,NA,NA,NA,NA,NA,NA,NA,NA,NA,NA,NA,NA,NA,NA,NA,NA,NA,NA,NA,NA,NA,NA,NA,NA,NA,NA,NA,NA,NA,NA,NA,NA,NA,NA,NA,NA,NA,NA,NA,NA,NA,NA,NA,NA,NA,NA,NA,NA,NA,NA,NA
936793.643154201,1243426.9360964,-3.78671000279169,-1.1336205747443,0.530554761805481,-0.869846619892648,-0.819235939620629,-0.486236488776968,-1.04592905890777,-2.31708185516019,0.577963806445792,-0.150181964102579,-0.923045945310636,0.730224450808463,1.98618396459974,0.213024126697391,-0.0627874829699969,0.134147156086732,-0.572037972227324,0.78662942456264,1.16299917658456,-2.11608560423163,-0.536576878555848,0.47074287725246,-0.137326594980012,1.0977510619967,0.348238515108197,0.266095268743704,2.13780697083822,-0.987373032578599,-2.18801241702804,-1.4993766746094,-0.937424148391246,-0.717267822160389,1.05389491837984,0.204897220315872,0.719918010943901,-0.308796143462757,0.649477631352822,0.262320343854275,0.338268587556876,1.98725135799927,0.622770237364378,-0.771883108816028,1.01380229031065,-0.24326354099595,0.915122834400535,-2.11677840723552,1.38439563827738,0.161504917588212,-1.33847999760063,0.15809991626863,-0.390140908094306,0.0104068290459676,-0.107249127221115,1.33883708221435,0.333153980942668,0.323866871800749,0.339735193019727,1.17226423520528,-0.063294407147508,0.676539828079143,-0.0894766774574377,0.936595476600007,1.52900760310481,-0.409179380183575,-0.267666537459212,1.11752337153533,-1.30090825679024,0.183219288088407,-0.0115162629535718,0.723435183027195,0.557579816352093,0.723177265758701,0.665970318288804,-1.82616817754598,-1.29696774330117,0.121514940510069
944942.868068935,1243426.9360964,-3.93213348230743,-1.09075481609178,0.5621749654192,-0.934780695991103,-0.809434430041089,-0.532350751375734,-0.98709912463436,-2.3330529847972,0.621157680409554,-0.120189435763382,-0.952351674602325,0.739566416975979,1.91477896341943,0.0927991934164302,0.0313716934909339,0.0735498751368643,-0.528800430894213,0.808443248418346,1.21700815860633,-2.07936609806225,-0.485598440995105,0.416978798481151,-0.207533448465674,1.15421765200776,0.333331135320972,0.269951524023909,2.08014351744116,-1.02511197904837,-2.15333977429274,-1.60252577882303,-0.904381526051232,-0.663671945765062,0.950601351445159,0.272521528200762,0.649152741847302,-0.37503181644542,0.727565282928816,0.26575417882665,0.38112044493661,1.94730436629703,0.627029700704952,-0.819736057711943,1.05163380671555,-0.326008388828875,0.87043667591189,-2.06525214581301,1.39704008181872,0.136622998233421,-1.27427783654596,0.0510501988676921,-0.375758988663074,-0.0393956461087288,-0.0786818686994596,1.31980710134185,0.319495890636607,0.383254127622115,0.395173823625585,1.20254373039836,0.02016302863525,0.592933058582089,0.037946658242144,0.876329004589054,1.60741059081622,-0.501299521024291,-0.350613825692178,1.0849968331983,-1.23514399598025,0.270677681748752,0.00125449356415158,0.759894475333952,0.668777835383466,0.809838679250451,0.646624553966158,-1.83120644666847,-1.25207317894864,0.0358094835094702
953092.092983668,1243426.9360964,NA,NA,NA,NA,NA,NA,NA,NA,NA,NA,NA,NA,NA,NA,NA,NA,NA,NA,NA,NA,NA,NA,NA,NA,NA,NA,NA,NA,NA,NA,NA,NA,NA,NA,NA,NA,NA,NA,NA,NA,NA,NA,NA,NA,NA,NA,NA,NA,NA,NA,NA,NA,NA,NA,NA,NA,NA,NA,NA,NA,NA,NA,NA,NA,NA,NA,NA,NA,NA,NA,NA,NA,NA,NA,NA,NA
961241.317898402,1243426.9360964,-4.11023792254134,-1.02547176936993,0.620371193453548,-0.972411949552645,-0.783308926279796,-0.583798677013343,-0.911209486691388,-2.38420370070651,0.667569768749795,-0.0945306795948031,-0.983174166927089,0.753610506976728,1.81542523690114,-0.0711107930530279,0.153559699178342,0.0154158333239859,-0.462638540308754,0.815957240214058,1.26665844164617,-2.03598423360668,-0.429276290629014,0.352194599979113,-0.294969584479916,1.2321361418709,0.314400094575361,0.272414817764079,1.97862915628179,-1.05657008115986,-2.07868996158967,-1.6891839668319,-0.859701838868033,-0.654358029690886,0.812971036553473,0.314898081426341,0.606239565918163,-0.458053508970176,0.798720286788546,0.299304732743499,0.436903685447563,1.86740066847128,0.618556562304748,-0.84725150720635,1.10859779760485,-0.40868436470625,0.8337910199181,-2.01763425513742,1.40743502079515,0.129868895490694,-1.20692565806325,-0.0489990845179266,-0.371613963139907,-0.0861629335409339,-0.0456117714209511,1.32329856431878,0.334022750226307,0.485102531899538,0.448263790989055,1.23356161749521,0.111636437376444,0.483137559671365,0.178601104611773,0.808058628894931,1.68460476856967,-0.604787801343968,-0.461398618790653,1.07458455581544,-1.15535517514081,0.400238626590233,0.0156653602496728,0.793284659610119,0.772461814815337,0.853835798810201,0.613551296705323,-1.84474213600515,-1.1776393078436,-0.139490921465516
969390.542813136,1243426.9360964,-4.15010707590463,-1.01117606781444,0.652166826238305,-0.928742537484413,-0.771139537505619,-0.588466252621161,-0.905833743282926,-2.45238647909538,0.664471914652663,-0.11097271580691,-0.988737779381338,0.759501610496352,1.80283592662314,-0.105152126159224,0.175171861243501,0.0302982503045267,-0.444390921079039,0.792813743270683,1.25431791417338,-2.04892908046764,-0.437422037668838,0.347831736584859,-0.307894960328639,1.2563458081782,0.310286772892786,0.268057333795394,1.94048708454847,-1.04958506454063,-2.04398745067302,-1.6546720860867,-0.858463317929775,-0.736189250107924,0.793455219969955,0.264012371321953,0.663632148276603,-0.473076391981209,0.775962174382719,0.33962208148846,0.44608068006179,1.82916486764731,0.600055954582767,-0.816820808376746,1.1318803617682,-0.394603260259317,0.857792581728473,-2.04776990440488,1.40727291142387,0.158855445940912,-1.22412676064615,-0.0148037770179654,-0.395254122428993,-0.0743899728740414,-0.0486456365411199,1.36445739827227,0.375739512408732,0.533172075898834,0.433605019526816,1.23274450225261,0.105900170017673,0.466890690705755,0.174888620114067,0.813529925985527,1.67492420219042,-0.604715701163265,-0.486988383512568,1.11710846819242,-1.15738518874953,0.442950685760511,0.0115724906966386,0.783298583058609,0.745357322254411,0.805505179243985,0.626698664125608,-1.85548113588182,-1.14775851112149,-0.193451791976217
977539.767727869,1243426.9360964,NA,NA,NA,NA,NA,NA,NA,NA,NA,NA,NA,NA,NA,NA,NA,NA,NA,NA,NA,NA,NA,NA,NA,NA,NA,NA,NA,NA,NA,NA,NA,NA,NA,NA,NA,NA,NA,NA,NA,NA,NA,NA,NA,NA,NA,NA,NA,NA,NA,NA,NA,NA,NA,NA,NA,NA,NA,NA,NA,NA,NA,NA,NA,NA,NA,NA,NA,NA,NA,NA,NA,NA,NA,NA,NA,NA
985688.992642603,1243426.9360964,NA,NA,NA,NA,NA,NA,NA,NA,NA,NA,NA,NA,NA,NA,NA,NA,NA,NA,NA,NA,NA,NA,NA,NA,NA,NA,NA,NA,NA,NA,NA,NA,NA,NA,NA,NA,NA,NA,NA,NA,NA,NA,NA,NA,NA,NA,NA,NA,NA,NA,NA,NA,NA,NA,NA,NA,NA,NA,NA,NA,NA,NA,NA,NA,NA,NA,NA,NA,NA,NA,NA,NA,NA,NA,NA,NA
993838.217557336,1243426.9360964,NA,NA,NA,NA,NA,NA,NA,NA,NA,NA,NA,NA,NA,NA,NA,NA,NA,NA,NA,NA,NA,NA,NA,NA,NA,NA,NA,NA,NA,NA,NA,NA,NA,NA,NA,NA,NA,NA,NA,NA,NA,NA,NA,NA,NA,NA,NA,NA,NA,NA,NA,NA,NA,NA,NA,NA,NA,NA,NA,NA,NA,NA,NA,NA,NA,NA,NA,NA,NA,NA,NA,NA,NA,NA,NA,NA
1001987.44247207,1243426.9360964,NA,NA,NA,NA,NA,NA,NA,NA,NA,NA,NA,NA,NA,NA,NA,NA,NA,NA,NA,NA,NA,NA,NA,NA,NA,NA,NA,NA,NA,NA,NA,NA,NA,NA,NA,NA,NA,NA,NA,NA,NA,NA,NA,NA,NA,NA,NA,NA,NA,NA,NA,NA,NA,NA,NA,NA,NA,NA,NA,NA,NA,NA,NA,NA,NA,NA,NA,NA,NA,NA,NA,NA,NA,NA,NA,NA
1010136.6673868,1243426.9360964,NA,NA,NA,NA,NA,NA,NA,NA,NA,NA,NA,NA,NA,NA,NA,NA,NA,NA,NA,NA,NA,NA,NA,NA,NA,NA,NA,NA,NA,NA,NA,NA,NA,NA,NA,NA,NA,NA,NA,NA,NA,NA,NA,NA,NA,NA,NA,NA,NA,NA,NA,NA,NA,NA,NA,NA,NA,NA,NA,NA,NA,NA,NA,NA,NA,NA,NA,NA,NA,NA,NA,NA,NA,NA,NA,NA
1018285.89230154,1243426.9360964,NA,NA,NA,NA,NA,NA,NA,NA,NA,NA,NA,NA,NA,NA,NA,NA,NA,NA,NA,NA,NA,NA,NA,NA,NA,NA,NA,NA,NA,NA,NA,NA,NA,NA,NA,NA,NA,NA,NA,NA,NA,NA,NA,NA,NA,NA,NA,NA,NA,NA,NA,NA,NA,NA,NA,NA,NA,NA,NA,NA,NA,NA,NA,NA,NA,NA,NA,NA,NA,NA,NA,NA,NA,NA,NA,NA
1026435.11721627,1243426.9360964,NA,NA,NA,NA,NA,NA,NA,NA,NA,NA,NA,NA,NA,NA,NA,NA,NA,NA,NA,NA,NA,NA,NA,NA,NA,NA,NA,NA,NA,NA,NA,NA,NA,NA,NA,NA,NA,NA,NA,NA,NA,NA,NA,NA,NA,NA,NA,NA,NA,NA,NA,NA,NA,NA,NA,NA,NA,NA,NA,NA,NA,NA,NA,NA,NA,NA,NA,NA,NA,NA,NA,NA,NA,NA,NA,NA
1034584.342131,1243426.9360964,NA,NA,NA,NA,NA,NA,NA,NA,NA,NA,NA,NA,NA,NA,NA,NA,NA,NA,NA,NA,NA,NA,NA,NA,NA,NA,NA,NA,NA,NA,NA,NA,NA,NA,NA,NA,NA,NA,NA,NA,NA,NA,NA,NA,NA,NA,NA,NA,NA,NA,NA,NA,NA,NA,NA,NA,NA,NA,NA,NA,NA,NA,NA,NA,NA,NA,NA,NA,NA,NA,NA,NA,NA,NA,NA,NA
1042733.56704574,1243426.9360964,NA,NA,NA,NA,NA,NA,NA,NA,NA,NA,NA,NA,NA,NA,NA,NA,NA,NA,NA,NA,NA,NA,NA,NA,NA,NA,NA,NA,NA,NA,NA,NA,NA,NA,NA,NA,NA,NA,NA,NA,NA,NA,NA,NA,NA,NA,NA,NA,NA,NA,NA,NA,NA,NA,NA,NA,NA,NA,NA,NA,NA,NA,NA,NA,NA,NA,NA,NA,NA,NA,NA,NA,NA,NA,NA,NA
1050882.79196047,1243426.9360964,NA,NA,NA,NA,NA,NA,NA,NA,NA,NA,NA,NA,NA,NA,NA,NA,NA,NA,NA,NA,NA,NA,NA,NA,NA,NA,NA,NA,NA,NA,NA,NA,NA,NA,NA,NA,NA,NA,NA,NA,NA,NA,NA,NA,NA,NA,NA,NA,NA,NA,NA,NA,NA,NA,NA,NA,NA,NA,NA,NA,NA,NA,NA,NA,NA,NA,NA,NA,NA,NA,NA,NA,NA,NA,NA,NA
1059032.01687521,1243426.9360964,NA,NA,NA,NA,NA,NA,NA,NA,NA,NA,NA,NA,NA,NA,NA,NA,NA,NA,NA,NA,NA,NA,NA,NA,NA,NA,NA,NA,NA,NA,NA,NA,NA,NA,NA,NA,NA,NA,NA,NA,NA,NA,NA,NA,NA,NA,NA,NA,NA,NA,NA,NA,NA,NA,NA,NA,NA,NA,NA,NA,NA,NA,NA,NA,NA,NA,NA,NA,NA,NA,NA,NA,NA,NA,NA,NA
1067181.24178994,1243426.9360964,NA,NA,NA,NA,NA,NA,NA,NA,NA,NA,NA,NA,NA,NA,NA,NA,NA,NA,NA,NA,NA,NA,NA,NA,NA,NA,NA,NA,NA,NA,NA,NA,NA,NA,NA,NA,NA,NA,NA,NA,NA,NA,NA,NA,NA,NA,NA,NA,NA,NA,NA,NA,NA,NA,NA,NA,NA,NA,NA,NA,NA,NA,NA,NA,NA,NA,NA,NA,NA,NA,NA,NA,NA,NA,NA,NA
1075330.46670467,1243426.9360964,NA,NA,NA,NA,NA,NA,NA,NA,NA,NA,NA,NA,NA,NA,NA,NA,NA,NA,NA,NA,NA,NA,NA,NA,NA,NA,NA,NA,NA,NA,NA,NA,NA,NA,NA,NA,NA,NA,NA,NA,NA,NA,NA,NA,NA,NA,NA,NA,NA,NA,NA,NA,NA,NA,NA,NA,NA,NA,NA,NA,NA,NA,NA,NA,NA,NA,NA,NA,NA,NA,NA,NA,NA,NA,NA,NA
1083479.69161941,1243426.9360964,NA,NA,NA,NA,NA,NA,NA,NA,NA,NA,NA,NA,NA,NA,NA,NA,NA,NA,NA,NA,NA,NA,NA,NA,NA,NA,NA,NA,NA,NA,NA,NA,NA,NA,NA,NA,NA,NA,NA,NA,NA,NA,NA,NA,NA,NA,NA,NA,NA,NA,NA,NA,NA,NA,NA,NA,NA,NA,NA,NA,NA,NA,NA,NA,NA,NA,NA,NA,NA,NA,NA,NA,NA,NA,NA,NA
1091628.91653414,1243426.9360964,NA,NA,NA,NA,NA,NA,NA,NA,NA,NA,NA,NA,NA,NA,NA,NA,NA,NA,NA,NA,NA,NA,NA,NA,NA,NA,NA,NA,NA,NA,NA,NA,NA,NA,NA,NA,NA,NA,NA,NA,NA,NA,NA,NA,NA,NA,NA,NA,NA,NA,NA,NA,NA,NA,NA,NA,NA,NA,NA,NA,NA,NA,NA,NA,NA,NA,NA,NA,NA,NA,NA,NA,NA,NA,NA,NA
1099778.14144887,1243426.9360964,NA,NA,NA,NA,NA,NA,NA,NA,NA,NA,NA,NA,NA,NA,NA,NA,NA,NA,NA,NA,NA,NA,NA,NA,NA,NA,NA,NA,NA,NA,NA,NA,NA,NA,NA,NA,NA,NA,NA,NA,NA,NA,NA,NA,NA,NA,NA,NA,NA,NA,NA,NA,NA,NA,NA,NA,NA,NA,NA,NA,NA,NA,NA,NA,NA,NA,NA,NA,NA,NA,NA,NA,NA,NA,NA,NA
1107927.36636361,1243426.9360964,NA,NA,NA,NA,NA,NA,NA,NA,NA,NA,NA,NA,NA,NA,NA,NA,NA,NA,NA,NA,NA,NA,NA,NA,NA,NA,NA,NA,NA,NA,NA,NA,NA,NA,NA,NA,NA,NA,NA,NA,NA,NA,NA,NA,NA,NA,NA,NA,NA,NA,NA,NA,NA,NA,NA,NA,NA,NA,NA,NA,NA,NA,NA,NA,NA,NA,NA,NA,NA,NA,NA,NA,NA,NA,NA,NA
1116076.59127834,1243426.9360964,NA,NA,NA,NA,NA,NA,NA,NA,NA,NA,NA,NA,NA,NA,NA,NA,NA,NA,NA,NA,NA,NA,NA,NA,NA,NA,NA,NA,NA,NA,NA,NA,NA,NA,NA,NA,NA,NA,NA,NA,NA,NA,NA,NA,NA,NA,NA,NA,NA,NA,NA,NA,NA,NA,NA,NA,NA,NA,NA,NA,NA,NA,NA,NA,NA,NA,NA,NA,NA,NA,NA,NA,NA,NA,NA,NA
1124225.81619307,1243426.9360964,NA,NA,NA,NA,NA,NA,NA,NA,NA,NA,NA,NA,NA,NA,NA,NA,NA,NA,NA,NA,NA,NA,NA,NA,NA,NA,NA,NA,NA,NA,NA,NA,NA,NA,NA,NA,NA,NA,NA,NA,NA,NA,NA,NA,NA,NA,NA,NA,NA,NA,NA,NA,NA,NA,NA,NA,NA,NA,NA,NA,NA,NA,NA,NA,NA,NA,NA,NA,NA,NA,NA,NA,NA,NA,NA,NA
1132375.04110781,1243426.9360964,NA,NA,NA,NA,NA,NA,NA,NA,NA,NA,NA,NA,NA,NA,NA,NA,NA,NA,NA,NA,NA,NA,NA,NA,NA,NA,NA,NA,NA,NA,NA,NA,NA,NA,NA,NA,NA,NA,NA,NA,NA,NA,NA,NA,NA,NA,NA,NA,NA,NA,NA,NA,NA,NA,NA,NA,NA,NA,NA,NA,NA,NA,NA,NA,NA,NA,NA,NA,NA,NA,NA,NA,NA,NA,NA,NA
1140524.26602254,1243426.9360964,NA,NA,NA,NA,NA,NA,NA,NA,NA,NA,NA,NA,NA,NA,NA,NA,NA,NA,NA,NA,NA,NA,NA,NA,NA,NA,NA,NA,NA,NA,NA,NA,NA,NA,NA,NA,NA,NA,NA,NA,NA,NA,NA,NA,NA,NA,NA,NA,NA,NA,NA,NA,NA,NA,NA,NA,NA,NA,NA,NA,NA,NA,NA,NA,NA,NA,NA,NA,NA,NA,NA,NA,NA,NA,NA,NA
1148673.49093727,1243426.9360964,NA,NA,NA,NA,NA,NA,NA,NA,NA,NA,NA,NA,NA,NA,NA,NA,NA,NA,NA,NA,NA,NA,NA,NA,NA,NA,NA,NA,NA,NA,NA,NA,NA,NA,NA,NA,NA,NA,NA,NA,NA,NA,NA,NA,NA,NA,NA,NA,NA,NA,NA,NA,NA,NA,NA,NA,NA,NA,NA,NA,NA,NA,NA,NA,NA,NA,NA,NA,NA,NA,NA,NA,NA,NA,NA,NA
1156822.71585201,1243426.9360964,NA,NA,NA,NA,NA,NA,NA,NA,NA,NA,NA,NA,NA,NA,NA,NA,NA,NA,NA,NA,NA,NA,NA,NA,NA,NA,NA,NA,NA,NA,NA,NA,NA,NA,NA,NA,NA,NA,NA,NA,NA,NA,NA,NA,NA,NA,NA,NA,NA,NA,NA,NA,NA,NA,NA,NA,NA,NA,NA,NA,NA,NA,NA,NA,NA,NA,NA,NA,NA,NA,NA,NA,NA,NA,NA,NA
1164971.94076674,1243426.9360964,NA,NA,NA,NA,NA,NA,NA,NA,NA,NA,NA,NA,NA,NA,NA,NA,NA,NA,NA,NA,NA,NA,NA,NA,NA,NA,NA,NA,NA,NA,NA,NA,NA,NA,NA,NA,NA,NA,NA,NA,NA,NA,NA,NA,NA,NA,NA,NA,NA,NA,NA,NA,NA,NA,NA,NA,NA,NA,NA,NA,NA,NA,NA,NA,NA,NA,NA,NA,NA,NA,NA,NA,NA,NA,NA,NA
1173121.16568148,1243426.9360964,NA,NA,NA,NA,NA,NA,NA,NA,NA,NA,NA,NA,NA,NA,NA,NA,NA,NA,NA,NA,NA,NA,NA,NA,NA,NA,NA,NA,NA,NA,NA,NA,NA,NA,NA,NA,NA,NA,NA,NA,NA,NA,NA,NA,NA,NA,NA,NA,NA,NA,NA,NA,NA,NA,NA,NA,NA,NA,NA,NA,NA,NA,NA,NA,NA,NA,NA,NA,NA,NA,NA,NA,NA,NA,NA,NA
1181270.39059621,1243426.9360964,NA,NA,NA,NA,NA,NA,NA,NA,NA,NA,NA,NA,NA,NA,NA,NA,NA,NA,NA,NA,NA,NA,NA,NA,NA,NA,NA,NA,NA,NA,NA,NA,NA,NA,NA,NA,NA,NA,NA,NA,NA,NA,NA,NA,NA,NA,NA,NA,NA,NA,NA,NA,NA,NA,NA,NA,NA,NA,NA,NA,NA,NA,NA,NA,NA,NA,NA,NA,NA,NA,NA,NA,NA,NA,NA,NA
1189419.61551094,1243426.9360964,NA,NA,NA,NA,NA,NA,NA,NA,NA,NA,NA,NA,NA,NA,NA,NA,NA,NA,NA,NA,NA,NA,NA,NA,NA,NA,NA,NA,NA,NA,NA,NA,NA,NA,NA,NA,NA,NA,NA,NA,NA,NA,NA,NA,NA,NA,NA,NA,NA,NA,NA,NA,NA,NA,NA,NA,NA,NA,NA,NA,NA,NA,NA,NA,NA,NA,NA,NA,NA,NA,NA,NA,NA,NA,NA,NA
1197568.84042568,1243426.9360964,NA,NA,NA,NA,NA,NA,NA,NA,NA,NA,NA,NA,NA,NA,NA,NA,NA,NA,NA,NA,NA,NA,NA,NA,NA,NA,NA,NA,NA,NA,NA,NA,NA,NA,NA,NA,NA,NA,NA,NA,NA,NA,NA,NA,NA,NA,NA,NA,NA,NA,NA,NA,NA,NA,NA,NA,NA,NA,NA,NA,NA,NA,NA,NA,NA,NA,NA,NA,NA,NA,NA,NA,NA,NA,NA,NA
1205718.06534041,1243426.9360964,NA,NA,NA,NA,NA,NA,NA,NA,NA,NA,NA,NA,NA,NA,NA,NA,NA,NA,NA,NA,NA,NA,NA,NA,NA,NA,NA,NA,NA,NA,NA,NA,NA,NA,NA,NA,NA,NA,NA,NA,NA,NA,NA,NA,NA,NA,NA,NA,NA,NA,NA,NA,NA,NA,NA,NA,NA,NA,NA,NA,NA,NA,NA,NA,NA,NA,NA,NA,NA,NA,NA,NA,NA,NA,NA,NA
1213867.29025514,1243426.9360964,NA,NA,NA,NA,NA,NA,NA,NA,NA,NA,NA,NA,NA,NA,NA,NA,NA,NA,NA,NA,NA,NA,NA,NA,NA,NA,NA,NA,NA,NA,NA,NA,NA,NA,NA,NA,NA,NA,NA,NA,NA,NA,NA,NA,NA,NA,NA,NA,NA,NA,NA,NA,NA,NA,NA,NA,NA,NA,NA,NA,NA,NA,NA,NA,NA,NA,NA,NA,NA,NA,NA,NA,NA,NA,NA,NA
1222016.51516988,1243426.9360964,NA,NA,NA,NA,NA,NA,NA,NA,NA,NA,NA,NA,NA,NA,NA,NA,NA,NA,NA,NA,NA,NA,NA,NA,NA,NA,NA,NA,NA,NA,NA,NA,NA,NA,NA,NA,NA,NA,NA,NA,NA,NA,NA,NA,NA,NA,NA,NA,NA,NA,NA,NA,NA,NA,NA,NA,NA,NA,NA,NA,NA,NA,NA,NA,NA,NA,NA,NA,NA,NA,NA,NA,NA,NA,NA,NA
879749.068751066,1235277.71118166,NA,NA,NA,NA,NA,NA,NA,NA,NA,NA,NA,NA,NA,NA,NA,NA,NA,NA,NA,NA,NA,NA,NA,NA,NA,NA,NA,NA,NA,NA,NA,NA,NA,NA,NA,NA,NA,NA,NA,NA,NA,NA,NA,NA,NA,NA,NA,NA,NA,NA,NA,NA,NA,NA,NA,NA,NA,NA,NA,NA,NA,NA,NA,NA,NA,NA,NA,NA,NA,NA,NA,NA,NA,NA,NA,NA
887898.2936658,1235277.71118166,NA,NA,NA,NA,NA,NA,NA,NA,NA,NA,NA,NA,NA,NA,NA,NA,NA,NA,NA,NA,NA,NA,NA,NA,NA,NA,NA,NA,NA,NA,NA,NA,NA,NA,NA,NA,NA,NA,NA,NA,NA,NA,NA,NA,NA,NA,NA,NA,NA,NA,NA,NA,NA,NA,NA,NA,NA,NA,NA,NA,NA,NA,NA,NA,NA,NA,NA,NA,NA,NA,NA,NA,NA,NA,NA,NA
896047.518580533,1235277.71118166,NA,NA,NA,NA,NA,NA,NA,NA,NA,NA,NA,NA,NA,NA,NA,NA,NA,NA,NA,NA,NA,NA,NA,NA,NA,NA,NA,NA,NA,NA,NA,NA,NA,NA,NA,NA,NA,NA,NA,NA,NA,NA,NA,NA,NA,NA,NA,NA,NA,NA,NA,NA,NA,NA,NA,NA,NA,NA,NA,NA,NA,NA,NA,NA,NA,NA,NA,NA,NA,NA,NA,NA,NA,NA,NA,NA
904196.743495267,1235277.71118166,NA,NA,NA,NA,NA,NA,NA,NA,NA,NA,NA,NA,NA,NA,NA,NA,NA,NA,NA,NA,NA,NA,NA,NA,NA,NA,NA,NA,NA,NA,NA,NA,NA,NA,NA,NA,NA,NA,NA,NA,NA,NA,NA,NA,NA,NA,NA,NA,NA,NA,NA,NA,NA,NA,NA,NA,NA,NA,NA,NA,NA,NA,NA,NA,NA,NA,NA,NA,NA,NA,NA,NA,NA,NA,NA,NA
912345.96841,1235277.71118166,NA,NA,NA,NA,NA,NA,NA,NA,NA,NA,NA,NA,NA,NA,NA,NA,NA,NA,NA,NA,NA,NA,NA,NA,NA,NA,NA,NA,NA,NA,NA,NA,NA,NA,NA,NA,NA,NA,NA,NA,NA,NA,NA,NA,NA,NA,NA,NA,NA,NA,NA,NA,NA,NA,NA,NA,NA,NA,NA,NA,NA,NA,NA,NA,NA,NA,NA,NA,NA,NA,NA,NA,NA,NA,NA,NA
920495.193324734,1235277.71118166,NA,NA,NA,NA,NA,NA,NA,NA,NA,NA,NA,NA,NA,NA,NA,NA,NA,NA,NA,NA,NA,NA,NA,NA,NA,NA,NA,NA,NA,NA,NA,NA,NA,NA,NA,NA,NA,NA,NA,NA,NA,NA,NA,NA,NA,NA,NA,NA,NA,NA,NA,NA,NA,NA,NA,NA,NA,NA,NA,NA,NA,NA,NA,NA,NA,NA,NA,NA,NA,NA,NA,NA,NA,NA,NA,NA
928644.418239468,1235277.71118166,NA,NA,NA,NA,NA,NA,NA,NA,NA,NA,NA,NA,NA,NA,NA,NA,NA,NA,NA,NA,NA,NA,NA,NA,NA,NA,NA,NA,NA,NA,NA,NA,NA,NA,NA,NA,NA,NA,NA,NA,NA,NA,NA,NA,NA,NA,NA,NA,NA,NA,NA,NA,NA,NA,NA,NA,NA,NA,NA,NA,NA,NA,NA,NA,NA,NA,NA,NA,NA,NA,NA,NA,NA,NA,NA,NA
936793.643154201,1235277.71118166,-3.75118244480177,-1.17931314278586,0.543019801761196,-0.860249725166117,-0.858458866825844,-0.520609672039121,-1.04080341820348,-2.23696381765279,0.651499456639489,-0.118779774681958,-0.930703979848795,0.7469695550745,1.98769641601338,0.137214999273059,-0.035503299075315,0.147822854465799,-0.558815102333629,0.809584163222051,1.2041538459362,-2.08878291151113,-0.530627839757189,0.462364560270829,-0.100151301254949,1.08552222258322,0.364541199414266,0.252604905214265,2.11961246804849,-1.00308621323113,-2.1991652484274,-1.52721071256064,-0.926782930270397,-0.643046205423019,1.06612699847311,0.181888341188128,0.70209710978467,-0.367454089959064,0.631408168141216,0.26392760391962,0.361207930096293,1.97934220940917,0.662323192337333,-0.766108869394926,0.987445703973202,-0.297046967082383,0.861188953128567,-2.11927326367592,1.41151720198934,0.18283058048657,-1.2880209865989,0.106039657743956,-0.388487273713813,0.0031152485622768,-0.0945886199416948,1.31108976154046,0.331745774889601,0.325922247360846,0.348400404610168,1.20475857880772,-0.0947933004961259,0.654731661488185,-0.0567233920232067,0.932633181854519,1.56130841295781,-0.465868765412167,-0.322335653379559,1.1083339006841,-1.25182410012068,0.226193153409194,0.0401986490508245,0.69096229988406,0.605723016837787,0.728576097371644,0.591077127077013,-1.86722115351969,-1.26521215982679,0.0740644676420892
944942.868068935,1235277.71118166,-3.90586492257513,-1.12390357492573,0.579265649651066,-0.928458284302082,-0.844225603335274,-0.569137070608879,-0.95974778272124,-2.25190116942177,0.691955924462076,-0.0835499197289871,-0.963512672906337,0.762455883913786,1.90567269413312,-0.00253241553396032,0.0699508640619747,0.0829500689916347,-0.518842725110882,0.840849844172499,1.26325605851192,-2.04180996261827,-0.461896935471895,0.392262357684523,-0.177215261150937,1.14461008694123,0.353811470509039,0.255436572887232,2.05998490898035,-1.0540974083617,-2.16779740135712,-1.6391910853135,-0.900006258311269,-0.595801354475987,0.948214043169649,0.274425055285735,0.614052884469097,-0.437258734873526,0.72598434052815,0.25947295053652,0.409739308258528,1.94363934512948,0.661645608352985,-0.819870072798584,1.02115311632937,-0.384607148084504,0.820343295480624,-2.04985825699838,1.41161157391616,0.15332289657404,-1.20090063705975,-0.0156284128441602,-0.360055514172519,-0.0576660815967492,-0.0643995778971012,1.28569171028913,0.311638454240911,0.379508559006431,0.40839734965735,1.23180892172156,-0.00125870470186626,0.56612155746656,0.0844135629696287,0.861953402970968,1.64496961956423,-0.572715546004435,-0.411029752674296,1.06229873105624,-1.18002459106054,0.321096074445263,0.0566657102069581,0.737972268412717,0.737021869837516,0.824009679395061,0.564152975946602,-1.875594607022,-1.21450544294974,-0.0258123261534872
953092.092983668,1235277.71118166,NA,NA,NA,NA,NA,NA,NA,NA,NA,NA,NA,NA,NA,NA,NA,NA,NA,NA,NA,NA,NA,NA,NA,NA,NA,NA,NA,NA,NA,NA,NA,NA,NA,NA,NA,NA,NA,NA,NA,NA,NA,NA,NA,NA,NA,NA,NA,NA,NA,NA,NA,NA,NA,NA,NA,NA,NA,NA,NA,NA,NA,NA,NA,NA,NA,NA,NA,NA,NA,NA,NA,NA,NA,NA,NA,NA
961241.317898402,1235277.71118166,-4.10288747131886,-1.03806785075258,0.643081915937468,-0.975194672030258,-0.810199687976983,-0.611346331669566,-0.855755433534752,-2.31095436936213,0.724556480640043,-0.0553558641018048,-1.00135523508681,0.7735013424056,1.79207625736317,-0.186964280506584,0.212659257549596,0.0204812719184901,-0.449613853704515,0.85286557376878,1.31374729813185,-1.98478908907824,-0.380402677012957,0.29096669165818,-0.278274318139429,1.2303015583265,0.331026140293297,0.263176152359586,1.95685193757818,-1.09998721421287,-2.09102957697743,-1.73593688704119,-0.869533142908701,-0.599332082525155,0.785154345190835,0.338288757032537,0.547298050775256,-0.518132099263619,0.825961744690681,0.282821062894642,0.472528694136447,1.86919275038017,0.640221688493663,-0.852814874614902,1.07183904156054,-0.471187822610612,0.785077883477448,-1.97768271704196,1.39830543658641,0.142454753153674,-1.1111554640665,-0.137493938097162,-0.334852775966255,-0.116931586838291,-0.0300612616208509,1.27367852911044,0.321077699668065,0.468178439592242,0.461839688720312,1.25444674807648,0.109571420022246,0.446888368307144,0.236353449261936,0.779106435414361,1.72591186226014,-0.689123052471902,-0.525070969730482,1.03453686256853,-1.10241316286854,0.449647560247136,0.064031338415038,0.790345495969465,0.86590629164489,0.89379834283024,0.55126328574329,-1.87817711689015,-1.12563641282162,-0.180540424243068
969390.542813136,1235277.71118166,-4.15363859986004,-1.02096468343438,0.676842505658897,-0.934079251074653,-0.796773889952647,-0.598224446069325,-0.853552558340879,-2.3976149534596,0.709101231466025,-0.0783072905473021,-1.01058565883389,0.766775599861396,1.78888212569491,-0.207275513907386,0.240931216726474,0.0424498325881657,-0.422638812306792,0.819493987391383,1.29513406874709,-2.00216026948204,-0.388091975199126,0.271860118772434,-0.292934316054473,1.26254145775708,0.316702075474797,0.26893532174763,1.9267964977364,-1.08795232858348,-2.05169173992911,-1.6959691435042,-0.879586830396452,-0.693096718480023,0.766899589660483,0.268908174130908,0.612446306486662,-0.522564059821917,0.811537478898299,0.327023277078396,0.481946699484561,1.83581666313142,0.614633620414328,-0.8161453743057,1.09627569125236,-0.450554694744153,0.808807056291748,-2.01130221780512,1.39328517180937,0.178363726565343,-1.14209505328945,-0.0986969416322703,-0.356466552261009,-0.0978567656266207,-0.0348167406835564,1.31175673864589,0.371821617821633,0.5097683489711,0.438422703052333,1.25083534050922,0.109720060993415,0.431993013733751,0.22078168372738,0.790461482484686,1.7133421260595,-0.676436095625497,-0.542874327410152,1.08536131662205,-1.12273905958712,0.478514083583316,0.0448209683764486,0.787782779924786,0.83789648845331,0.84112254784138,0.580838289877052,-1.88712923574395,-1.09311436567731,-0.231838966901048
977539.767727869,1235277.71118166,-4.19134391447771,-1.00665461210353,0.707556169528339,-0.886974185360325,-0.783553583973196,-0.582844925731956,-0.85477942573517,-2.48762220447383,0.689396900117126,-0.104081950009757,-1.01793000950408,0.757381552717497,1.78915582284104,-0.219011223824921,0.261319730542191,0.0681634080322611,-0.396992378340624,0.781885518212711,1.27082912245569,-2.02051591059143,-0.400699166424745,0.257387855926422,-0.303498666093939,1.28998474414414,0.301710162551055,0.273914958607662,1.89720925539302,-1.07159846933436,-2.01255571003675,-1.6479543939246,-0.889686034916347,-0.795838364090446,0.755170915470677,0.189692254490882,0.681854035758085,-0.524093280432596,0.79041613001541,0.371555529457254,0.488033644794253,1.80133253754025,0.587287296833782,-0.776481412629599,1.11686134409592,-0.424752813620366,0.834376501442532,-2.04831744483812,1.38763799128394,0.216856161782029,-1.1779738471001,-0.05265893459012,-0.381393129727999,-0.0753915717792066,-0.0426033974318886,1.34986697944003,0.423258447885571,0.546633443645517,0.409287104568341,1.24339636435678,0.103967307061253,0.420430817074707,0.195269567083439,0.805459729890661,1.69242709381975,-0.657646640431025,-0.556436308337293,1.137333534908,-1.14815263498377,0.499394253301146,0.0232016591524169,0.781439893904351,0.820164462999479,0.801785276622363,0.612056935076833,-1.89149673180034,-1.05652681192797,-0.268285034885608
985688.992642603,1235277.71118166,-4.19361373935715,-0.996983099501805,0.730884484160639,-0.831439044572719,-0.767362104069774,-0.591004890552401,-0.835290880238981,-2.54636718713456,0.681143774853405,-0.1127742369997,-1.02439915557476,0.759363855644182,1.78736479172322,-0.235064431009845,0.259474847655227,0.0858649140084726,-0.373997795339108,0.762592301164685,1.25991339843608,-2.01843298943868,-0.408459565727255,0.269149488368605,-0.313274291981247,1.30743525807428,0.300791655003313,0.271800423549632,1.86764109374839,-1.0607769065337,-1.98779566520029,-1.61226013807241,-0.875495720142163,-0.885999755844217,0.750074806537254,0.138888650029019,0.724588009561911,-0.540853772167098,0.780055104747343,0.408168409477615,0.500798508084421,1.77150053724491,0.569341036510574,-0.756691957411894,1.12339001256639,-0.410289645020699,0.863019172983306,-2.06497077608512,1.3982441929298,0.255345313530018,-1.18549959507318,-0.022521026961638,-0.404017942253567,-0.0652380532996083,-0.0514045920893539,1.38042439068632,0.457971259875511,0.566971390585682,0.389905857202566,1.23246300914272,0.101457731747883,0.401839632216468,0.181072616262563,0.816735177256659,1.66901856246295,-0.665374753325882,-0.582041961920074,1.16605278071653,-1.16371198543598,0.507150914166491,0.0168099280831248,0.779278069785711,0.820260247111901,0.768476441383465,0.605168117119435,-1.90884407775118,-1.03178950287533,-0.311988442884197
993838.217557336,1235277.71118166,NA,NA,NA,NA,NA,NA,NA,NA,NA,NA,NA,NA,NA,NA,NA,NA,NA,NA,NA,NA,NA,NA,NA,NA,NA,NA,NA,NA,NA,NA,NA,NA,NA,NA,NA,NA,NA,NA,NA,NA,NA,NA,NA,NA,NA,NA,NA,NA,NA,NA,NA,NA,NA,NA,NA,NA,NA,NA,NA,NA,NA,NA,NA,NA,NA,NA,NA,NA,NA,NA,NA,NA,NA,NA,NA,NA
1001987.44247207,1235277.71118166,NA,NA,NA,NA,NA,NA,NA,NA,NA,NA,NA,NA,NA,NA,NA,NA,NA,NA,NA,NA,NA,NA,NA,NA,NA,NA,NA,NA,NA,NA,NA,NA,NA,NA,NA,NA,NA,NA,NA,NA,NA,NA,NA,NA,NA,NA,NA,NA,NA,NA,NA,NA,NA,NA,NA,NA,NA,NA,NA,NA,NA,NA,NA,NA,NA,NA,NA,NA,NA,NA,NA,NA,NA,NA,NA,NA
1010136.6673868,1235277.71118166,NA,NA,NA,NA,NA,NA,NA,NA,NA,NA,NA,NA,NA,NA,NA,NA,NA,NA,NA,NA,NA,NA,NA,NA,NA,NA,NA,NA,NA,NA,NA,NA,NA,NA,NA,NA,NA,NA,NA,NA,NA,NA,NA,NA,NA,NA,NA,NA,NA,NA,NA,NA,NA,NA,NA,NA,NA,NA,NA,NA,NA,NA,NA,NA,NA,NA,NA,NA,NA,NA,NA,NA,NA,NA,NA,NA
1018285.89230154,1235277.71118166,NA,NA,NA,NA,NA,NA,NA,NA,NA,NA,NA,NA,NA,NA,NA,NA,NA,NA,NA,NA,NA,NA,NA,NA,NA,NA,NA,NA,NA,NA,NA,NA,NA,NA,NA,NA,NA,NA,NA,NA,NA,NA,NA,NA,NA,NA,NA,NA,NA,NA,NA,NA,NA,NA,NA,NA,NA,NA,NA,NA,NA,NA,NA,NA,NA,NA,NA,NA,NA,NA,NA,NA,NA,NA,NA,NA
1026435.11721627,1235277.71118166,NA,NA,NA,NA,NA,NA,NA,NA,NA,NA,NA,NA,NA,NA,NA,NA,NA,NA,NA,NA,NA,NA,NA,NA,NA,NA,NA,NA,NA,NA,NA,NA,NA,NA,NA,NA,NA,NA,NA,NA,NA,NA,NA,NA,NA,NA,NA,NA,NA,NA,NA,NA,NA,NA,NA,NA,NA,NA,NA,NA,NA,NA,NA,NA,NA,NA,NA,NA,NA,NA,NA,NA,NA,NA,NA,NA
1034584.342131,1235277.71118166,NA,NA,NA,NA,NA,NA,NA,NA,NA,NA,NA,NA,NA,NA,NA,NA,NA,NA,NA,NA,NA,NA,NA,NA,NA,NA,NA,NA,NA,NA,NA,NA,NA,NA,NA,NA,NA,NA,NA,NA,NA,NA,NA,NA,NA,NA,NA,NA,NA,NA,NA,NA,NA,NA,NA,NA,NA,NA,NA,NA,NA,NA,NA,NA,NA,NA,NA,NA,NA,NA,NA,NA,NA,NA,NA,NA
1042733.56704574,1235277.71118166,NA,NA,NA,NA,NA,NA,NA,NA,NA,NA,NA,NA,NA,NA,NA,NA,NA,NA,NA,NA,NA,NA,NA,NA,NA,NA,NA,NA,NA,NA,NA,NA,NA,NA,NA,NA,NA,NA,NA,NA,NA,NA,NA,NA,NA,NA,NA,NA,NA,NA,NA,NA,NA,NA,NA,NA,NA,NA,NA,NA,NA,NA,NA,NA,NA,NA,NA,NA,NA,NA,NA,NA,NA,NA,NA,NA
1050882.79196047,1235277.71118166,NA,NA,NA,NA,NA,NA,NA,NA,NA,NA,NA,NA,NA,NA,NA,NA,NA,NA,NA,NA,NA,NA,NA,NA,NA,NA,NA,NA,NA,NA,NA,NA,NA,NA,NA,NA,NA,NA,NA,NA,NA,NA,NA,NA,NA,NA,NA,NA,NA,NA,NA,NA,NA,NA,NA,NA,NA,NA,NA,NA,NA,NA,NA,NA,NA,NA,NA,NA,NA,NA,NA,NA,NA,NA,NA,NA
1059032.01687521,1235277.71118166,NA,NA,NA,NA,NA,NA,NA,NA,NA,NA,NA,NA,NA,NA,NA,NA,NA,NA,NA,NA,NA,NA,NA,NA,NA,NA,NA,NA,NA,NA,NA,NA,NA,NA,NA,NA,NA,NA,NA,NA,NA,NA,NA,NA,NA,NA,NA,NA,NA,NA,NA,NA,NA,NA,NA,NA,NA,NA,NA,NA,NA,NA,NA,NA,NA,NA,NA,NA,NA,NA,NA,NA,NA,NA,NA,NA
1067181.24178994,1235277.71118166,NA,NA,NA,NA,NA,NA,NA,NA,NA,NA,NA,NA,NA,NA,NA,NA,NA,NA,NA,NA,NA,NA,NA,NA,NA,NA,NA,NA,NA,NA,NA,NA,NA,NA,NA,NA,NA,NA,NA,NA,NA,NA,NA,NA,NA,NA,NA,NA,NA,NA,NA,NA,NA,NA,NA,NA,NA,NA,NA,NA,NA,NA,NA,NA,NA,NA,NA,NA,NA,NA,NA,NA,NA,NA,NA,NA
1075330.46670467,1235277.71118166,NA,NA,NA,NA,NA,NA,NA,NA,NA,NA,NA,NA,NA,NA,NA,NA,NA,NA,NA,NA,NA,NA,NA,NA,NA,NA,NA,NA,NA,NA,NA,NA,NA,NA,NA,NA,NA,NA,NA,NA,NA,NA,NA,NA,NA,NA,NA,NA,NA,NA,NA,NA,NA,NA,NA,NA,NA,NA,NA,NA,NA,NA,NA,NA,NA,NA,NA,NA,NA,NA,NA,NA,NA,NA,NA,NA
1083479.69161941,1235277.71118166,NA,NA,NA,NA,NA,NA,NA,NA,NA,NA,NA,NA,NA,NA,NA,NA,NA,NA,NA,NA,NA,NA,NA,NA,NA,NA,NA,NA,NA,NA,NA,NA,NA,NA,NA,NA,NA,NA,NA,NA,NA,NA,NA,NA,NA,NA,NA,NA,NA,NA,NA,NA,NA,NA,NA,NA,NA,NA,NA,NA,NA,NA,NA,NA,NA,NA,NA,NA,NA,NA,NA,NA,NA,NA,NA,NA
1091628.91653414,1235277.71118166,NA,NA,NA,NA,NA,NA,NA,NA,NA,NA,NA,NA,NA,NA,NA,NA,NA,NA,NA,NA,NA,NA,NA,NA,NA,NA,NA,NA,NA,NA,NA,NA,NA,NA,NA,NA,NA,NA,NA,NA,NA,NA,NA,NA,NA,NA,NA,NA,NA,NA,NA,NA,NA,NA,NA,NA,NA,NA,NA,NA,NA,NA,NA,NA,NA,NA,NA,NA,NA,NA,NA,NA,NA,NA,NA,NA
1099778.14144887,1235277.71118166,NA,NA,NA,NA,NA,NA,NA,NA,NA,NA,NA,NA,NA,NA,NA,NA,NA,NA,NA,NA,NA,NA,NA,NA,NA,NA,NA,NA,NA,NA,NA,NA,NA,NA,NA,NA,NA,NA,NA,NA,NA,NA,NA,NA,NA,NA,NA,NA,NA,NA,NA,NA,NA,NA,NA,NA,NA,NA,NA,NA,NA,NA,NA,NA,NA,NA,NA,NA,NA,NA,NA,NA,NA,NA,NA,NA
1107927.36636361,1235277.71118166,NA,NA,NA,NA,NA,NA,NA,NA,NA,NA,NA,NA,NA,NA,NA,NA,NA,NA,NA,NA,NA,NA,NA,NA,NA,NA,NA,NA,NA,NA,NA,NA,NA,NA,NA,NA,NA,NA,NA,NA,NA,NA,NA,NA,NA,NA,NA,NA,NA,NA,NA,NA,NA,NA,NA,NA,NA,NA,NA,NA,NA,NA,NA,NA,NA,NA,NA,NA,NA,NA,NA,NA,NA,NA,NA,NA
1116076.59127834,1235277.71118166,NA,NA,NA,NA,NA,NA,NA,NA,NA,NA,NA,NA,NA,NA,NA,NA,NA,NA,NA,NA,NA,NA,NA,NA,NA,NA,NA,NA,NA,NA,NA,NA,NA,NA,NA,NA,NA,NA,NA,NA,NA,NA,NA,NA,NA,NA,NA,NA,NA,NA,NA,NA,NA,NA,NA,NA,NA,NA,NA,NA,NA,NA,NA,NA,NA,NA,NA,NA,NA,NA,NA,NA,NA,NA,NA,NA
1124225.81619307,1235277.71118166,NA,NA,NA,NA,NA,NA,NA,NA,NA,NA,NA,NA,NA,NA,NA,NA,NA,NA,NA,NA,NA,NA,NA,NA,NA,NA,NA,NA,NA,NA,NA,NA,NA,NA,NA,NA,NA,NA,NA,NA,NA,NA,NA,NA,NA,NA,NA,NA,NA,NA,NA,NA,NA,NA,NA,NA,NA,NA,NA,NA,NA,NA,NA,NA,NA,NA,NA,NA,NA,NA,NA,NA,NA,NA,NA,NA
1132375.04110781,1235277.71118166,NA,NA,NA,NA,NA,NA,NA,NA,NA,NA,NA,NA,NA,NA,NA,NA,NA,NA,NA,NA,NA,NA,NA,NA,NA,NA,NA,NA,NA,NA,NA,NA,NA,NA,NA,NA,NA,NA,NA,NA,NA,NA,NA,NA,NA,NA,NA,NA,NA,NA,NA,NA,NA,NA,NA,NA,NA,NA,NA,NA,NA,NA,NA,NA,NA,NA,NA,NA,NA,NA,NA,NA,NA,NA,NA,NA
1140524.26602254,1235277.71118166,NA,NA,NA,NA,NA,NA,NA,NA,NA,NA,NA,NA,NA,NA,NA,NA,NA,NA,NA,NA,NA,NA,NA,NA,NA,NA,NA,NA,NA,NA,NA,NA,NA,NA,NA,NA,NA,NA,NA,NA,NA,NA,NA,NA,NA,NA,NA,NA,NA,NA,NA,NA,NA,NA,NA,NA,NA,NA,NA,NA,NA,NA,NA,NA,NA,NA,NA,NA,NA,NA,NA,NA,NA,NA,NA,NA
1148673.49093727,1235277.71118166,NA,NA,NA,NA,NA,NA,NA,NA,NA,NA,NA,NA,NA,NA,NA,NA,NA,NA,NA,NA,NA,NA,NA,NA,NA,NA,NA,NA,NA,NA,NA,NA,NA,NA,NA,NA,NA,NA,NA,NA,NA,NA,NA,NA,NA,NA,NA,NA,NA,NA,NA,NA,NA,NA,NA,NA,NA,NA,NA,NA,NA,NA,NA,NA,NA,NA,NA,NA,NA,NA,NA,NA,NA,NA,NA,NA
1156822.71585201,1235277.71118166,NA,NA,NA,NA,NA,NA,NA,NA,NA,NA,NA,NA,NA,NA,NA,NA,NA,NA,NA,NA,NA,NA,NA,NA,NA,NA,NA,NA,NA,NA,NA,NA,NA,NA,NA,NA,NA,NA,NA,NA,NA,NA,NA,NA,NA,NA,NA,NA,NA,NA,NA,NA,NA,NA,NA,NA,NA,NA,NA,NA,NA,NA,NA,NA,NA,NA,NA,NA,NA,NA,NA,NA,NA,NA,NA,NA
1164971.94076674,1235277.71118166,NA,NA,NA,NA,NA,NA,NA,NA,NA,NA,NA,NA,NA,NA,NA,NA,NA,NA,NA,NA,NA,NA,NA,NA,NA,NA,NA,NA,NA,NA,NA,NA,NA,NA,NA,NA,NA,NA,NA,NA,NA,NA,NA,NA,NA,NA,NA,NA,NA,NA,NA,NA,NA,NA,NA,NA,NA,NA,NA,NA,NA,NA,NA,NA,NA,NA,NA,NA,NA,NA,NA,NA,NA,NA,NA,NA
1173121.16568148,1235277.71118166,NA,NA,NA,NA,NA,NA,NA,NA,NA,NA,NA,NA,NA,NA,NA,NA,NA,NA,NA,NA,NA,NA,NA,NA,NA,NA,NA,NA,NA,NA,NA,NA,NA,NA,NA,NA,NA,NA,NA,NA,NA,NA,NA,NA,NA,NA,NA,NA,NA,NA,NA,NA,NA,NA,NA,NA,NA,NA,NA,NA,NA,NA,NA,NA,NA,NA,NA,NA,NA,NA,NA,NA,NA,NA,NA,NA
1181270.39059621,1235277.71118166,NA,NA,NA,NA,NA,NA,NA,NA,NA,NA,NA,NA,NA,NA,NA,NA,NA,NA,NA,NA,NA,NA,NA,NA,NA,NA,NA,NA,NA,NA,NA,NA,NA,NA,NA,NA,NA,NA,NA,NA,NA,NA,NA,NA,NA,NA,NA,NA,NA,NA,NA,NA,NA,NA,NA,NA,NA,NA,NA,NA,NA,NA,NA,NA,NA,NA,NA,NA,NA,NA,NA,NA,NA,NA,NA,NA
1189419.61551094,1235277.71118166,NA,NA,NA,NA,NA,NA,NA,NA,NA,NA,NA,NA,NA,NA,NA,NA,NA,NA,NA,NA,NA,NA,NA,NA,NA,NA,NA,NA,NA,NA,NA,NA,NA,NA,NA,NA,NA,NA,NA,NA,NA,NA,NA,NA,NA,NA,NA,NA,NA,NA,NA,NA,NA,NA,NA,NA,NA,NA,NA,NA,NA,NA,NA,NA,NA,NA,NA,NA,NA,NA,NA,NA,NA,NA,NA,NA
1197568.84042568,1235277.71118166,NA,NA,NA,NA,NA,NA,NA,NA,NA,NA,NA,NA,NA,NA,NA,NA,NA,NA,NA,NA,NA,NA,NA,NA,NA,NA,NA,NA,NA,NA,NA,NA,NA,NA,NA,NA,NA,NA,NA,NA,NA,NA,NA,NA,NA,NA,NA,NA,NA,NA,NA,NA,NA,NA,NA,NA,NA,NA,NA,NA,NA,NA,NA,NA,NA,NA,NA,NA,NA,NA,NA,NA,NA,NA,NA,NA
1205718.06534041,1235277.71118166,NA,NA,NA,NA,NA,NA,NA,NA,NA,NA,NA,NA,NA,NA,NA,NA,NA,NA,NA,NA,NA,NA,NA,NA,NA,NA,NA,NA,NA,NA,NA,NA,NA,NA,NA,NA,NA,NA,NA,NA,NA,NA,NA,NA,NA,NA,NA,NA,NA,NA,NA,NA,NA,NA,NA,NA,NA,NA,NA,NA,NA,NA,NA,NA,NA,NA,NA,NA,NA,NA,NA,NA,NA,NA,NA,NA
1213867.29025514,1235277.71118166,NA,NA,NA,NA,NA,NA,NA,NA,NA,NA,NA,NA,NA,NA,NA,NA,NA,NA,NA,NA,NA,NA,NA,NA,NA,NA,NA,NA,NA,NA,NA,NA,NA,NA,NA,NA,NA,NA,NA,NA,NA,NA,NA,NA,NA,NA,NA,NA,NA,NA,NA,NA,NA,NA,NA,NA,NA,NA,NA,NA,NA,NA,NA,NA,NA,NA,NA,NA,NA,NA,NA,NA,NA,NA,NA,NA
1222016.51516988,1235277.71118166,NA,NA,NA,NA,NA,NA,NA,NA,NA,NA,NA,NA,NA,NA,NA,NA,NA,NA,NA,NA,NA,NA,NA,NA,NA,NA,NA,NA,NA,NA,NA,NA,NA,NA,NA,NA,NA,NA,NA,NA,NA,NA,NA,NA,NA,NA,NA,NA,NA,NA,NA,NA,NA,NA,NA,NA,NA,NA,NA,NA,NA,NA,NA,NA,NA,NA,NA,NA,NA,NA,NA,NA,NA,NA,NA,NA
879749.068751066,1227128.48626693,NA,NA,NA,NA,NA,NA,NA,NA,NA,NA,NA,NA,NA,NA,NA,NA,NA,NA,NA,NA,NA,NA,NA,NA,NA,NA,NA,NA,NA,NA,NA,NA,NA,NA,NA,NA,NA,NA,NA,NA,NA,NA,NA,NA,NA,NA,NA,NA,NA,NA,NA,NA,NA,NA,NA,NA,NA,NA,NA,NA,NA,NA,NA,NA,NA,NA,NA,NA,NA,NA,NA,NA,NA,NA,NA,NA
887898.2936658,1227128.48626693,NA,NA,NA,NA,NA,NA,NA,NA,NA,NA,NA,NA,NA,NA,NA,NA,NA,NA,NA,NA,NA,NA,NA,NA,NA,NA,NA,NA,NA,NA,NA,NA,NA,NA,NA,NA,NA,NA,NA,NA,NA,NA,NA,NA,NA,NA,NA,NA,NA,NA,NA,NA,NA,NA,NA,NA,NA,NA,NA,NA,NA,NA,NA,NA,NA,NA,NA,NA,NA,NA,NA,NA,NA,NA,NA,NA
896047.518580533,1227128.48626693,NA,NA,NA,NA,NA,NA,NA,NA,NA,NA,NA,NA,NA,NA,NA,NA,NA,NA,NA,NA,NA,NA,NA,NA,NA,NA,NA,NA,NA,NA,NA,NA,NA,NA,NA,NA,NA,NA,NA,NA,NA,NA,NA,NA,NA,NA,NA,NA,NA,NA,NA,NA,NA,NA,NA,NA,NA,NA,NA,NA,NA,NA,NA,NA,NA,NA,NA,NA,NA,NA,NA,NA,NA,NA,NA,NA
904196.743495267,1227128.48626693,NA,NA,NA,NA,NA,NA,NA,NA,NA,NA,NA,NA,NA,NA,NA,NA,NA,NA,NA,NA,NA,NA,NA,NA,NA,NA,NA,NA,NA,NA,NA,NA,NA,NA,NA,NA,NA,NA,NA,NA,NA,NA,NA,NA,NA,NA,NA,NA,NA,NA,NA,NA,NA,NA,NA,NA,NA,NA,NA,NA,NA,NA,NA,NA,NA,NA,NA,NA,NA,NA,NA,NA,NA,NA,NA,NA
912345.96841,1227128.48626693,NA,NA,NA,NA,NA,NA,NA,NA,NA,NA,NA,NA,NA,NA,NA,NA,NA,NA,NA,NA,NA,NA,NA,NA,NA,NA,NA,NA,NA,NA,NA,NA,NA,NA,NA,NA,NA,NA,NA,NA,NA,NA,NA,NA,NA,NA,NA,NA,NA,NA,NA,NA,NA,NA,NA,NA,NA,NA,NA,NA,NA,NA,NA,NA,NA,NA,NA,NA,NA,NA,NA,NA,NA,NA,NA,NA
920495.193324734,1227128.48626693,NA,NA,NA,NA,NA,NA,NA,NA,NA,NA,NA,NA,NA,NA,NA,NA,NA,NA,NA,NA,NA,NA,NA,NA,NA,NA,NA,NA,NA,NA,NA,NA,NA,NA,NA,NA,NA,NA,NA,NA,NA,NA,NA,NA,NA,NA,NA,NA,NA,NA,NA,NA,NA,NA,NA,NA,NA,NA,NA,NA,NA,NA,NA,NA,NA,NA,NA,NA,NA,NA,NA,NA,NA,NA,NA,NA
928644.418239468,1227128.48626693,NA,NA,NA,NA,NA,NA,NA,NA,NA,NA,NA,NA,NA,NA,NA,NA,NA,NA,NA,NA,NA,NA,NA,NA,NA,NA,NA,NA,NA,NA,NA,NA,NA,NA,NA,NA,NA,NA,NA,NA,NA,NA,NA,NA,NA,NA,NA,NA,NA,NA,NA,NA,NA,NA,NA,NA,NA,NA,NA,NA,NA,NA,NA,NA,NA,NA,NA,NA,NA,NA,NA,NA,NA,NA,NA,NA
936793.643154201,1227128.48626693,-3.73436356549663,-1.21188786134062,0.547879015654663,-0.867775414914814,-0.891063230360049,-0.517655030222083,-1.03993351181416,-2.1517817706418,0.664046281305564,-0.106802980119627,-0.933952538337619,0.718879291475696,2.01823398173183,0.0977933357388338,-0.0233281438529172,0.167151546992209,-0.555506561214573,0.796352126988526,1.22980494353552,-2.08159598386189,-0.525787103302319,0.465552187205657,-0.0727752420347931,1.0750159155204,0.394217562896335,0.256628788117977,2.10013991773258,-0.994464746255645,-2.19523182108353,-1.5377731180453,-0.941160565548631,-0.635054254853351,1.11733909027958,0.122540586866296,0.710031051158913,-0.424713523423902,0.611052529346755,0.254347883694956,0.384423188404255,1.95913374670061,0.686876069211931,-0.731825395817119,0.946874961686254,-0.341942721002483,0.859764717102764,-2.10340649576456,1.42750240874766,0.205508192046636,-1.2467621508504,0.0967148088768284,-0.362902690159439,-0.0170322303371313,-0.075870012118556,1.28049969525149,0.323805212550666,0.300644254941606,0.342580580409104,1.22250837696651,-0.109341101336041,0.688530644715717,-0.0522863606602834,0.975941830405447,1.5707319747922,-0.483597120741174,-0.318110686219862,1.09592175684638,-1.2161336146737,0.238497200868394,0.0243432718136703,0.691774721515858,0.623867871936517,0.704594232611168,0.553328577108561,-1.87919012666318,-1.26717868610917,0.0398117964778
944942.868068935,1227128.48626693,-3.88715250126348,-1.15559755559575,0.594664342946404,-0.925564261841227,-0.880768997121779,-0.571451323902354,-0.94291633159051,-2.16416900951616,0.712322200309032,-0.0619228119129613,-0.976521478415719,0.742265644950926,1.93177283344692,-0.0609333667268279,0.088803981743033,0.112181300255556,-0.505659206217693,0.831068340642273,1.29562832111247,-2.02607634338501,-0.443723029958328,0.382426499384099,-0.164205653232039,1.12831144235297,0.38371109839106,0.245886530491844,2.04768176910208,-1.05397178931923,-2.16593118199431,-1.65073243527945,-0.922783652872964,-0.587835539376805,0.99770882929317,0.220174880043133,0.606254554979054,-0.490163638851589,0.722957212794293,0.247114641973371,0.441669221783237,1.92391964178103,0.680381139377053,-0.792110793782534,0.982319050901057,-0.42650846538877,0.819263792034111,-2.0260060305847,1.41869721905176,0.181187726028063,-1.15018703206754,-0.0383262493200539,-0.331174574738558,-0.0829518387094158,-0.0485390683646105,1.25643689182556,0.308014075742682,0.354549522434053,0.39907481546953,1.2383248896461,-0.0141883859914598,0.584829549850394,0.0981155038839738,0.895271634197056,1.65116005030019,-0.610464371771111,-0.42507590455173,1.04756179670767,-1.14715978940466,0.337921793411784,0.0584499696600776,0.748022142089579,0.761858208634304,0.80583345764036,0.530570858845219,-1.89119016380494,-1.21580216849081,-0.0581125648833767
953092.092983668,1227128.48626693,-4.00770129514433,-1.09805372305953,0.635651335697315,-0.967355716642936,-0.864708119193438,-0.611227510118337,-0.856163730175324,-2.17251588737777,0.747918172865276,-0.0250874275333576,-1.00838008535889,0.758905742497058,1.8458652460516,-0.203852042966396,0.187295314773723,0.0664376941286393,-0.458020770105018,0.855686699758651,1.34406483708882,-1.97135140918557,-0.370958643740826,0.304997422174948,-0.243766592130051,1.17342632235858,0.372392437025375,0.238591748379099,1.98976593279271,-1.09867486494921,-2.12712563041433,-1.73763852315717,-0.90207907196328,-0.554895788662876,0.884420200680729,0.298195516106228,0.518477438137755,-0.543945486185271,0.815052996084629,0.24446174193663,0.48988951391114,1.88300429259733,0.669807901306287,-0.836288476865403,1.01123361537741,-0.495741291789907,0.784233122699168,-1.95472627810888,1.40367079331968,0.163010208118443,-1.06555474037991,-0.15314326971134,-0.302151644251489,-0.138293183062809,-0.0242925786334882,1.23334477685291,0.297874139213195,0.402974120484497,0.444638701366926,1.24736596736878,0.0682952030126811,0.491244884280086,0.222044917511363,0.821728435398256,1.71292113657288,-0.716737463430885,-0.516443256102764,1.00486853086339,-1.08497366554051,0.423517461888088,0.0846935608687589,0.794254437317881,0.874389722661369,0.88500142388214,0.515689315638862,-1.89036191787304,-1.16174506239358,-0.144522502283368
961241.317898402,1227128.48626693,-4.08111459353841,-1.0654331448114,0.66598908973838,-0.96350741148956,-0.852307460720729,-0.617612316964138,-0.819856641248678,-2.21758145308697,0.752110193732268,-0.0199267324483908,-1.02550685544824,0.75782068214282,1.80631895763313,-0.272467385281792,0.240546686954223,0.0605315362168635,-0.423187720664356,0.847912504070176,1.34907268673777,-1.95507133766729,-0.344153288509272,0.25838914376101,-0.285107425855966,1.20644883964551,0.35816955068711,0.241071310897246,1.95257419700525,-1.10675917300767,-2.09318288604081,-1.75090425670242,-0.897010549963187,-0.585583865910374,0.829962784132118,0.295741959422663,0.509395810681271,-0.563852293185476,0.848234947206234,0.265994591461234,0.510592609329809,1.85053915430114,0.650729124922197,-0.836293077073212,1.03443439545698,-0.515446678590508,0.780327334795007,-1.94274449713608,1.3948603919587,0.174123973267174,-1.05102762473434,-0.180573397370496,-0.301770233009333,-0.151257851430674,-0.019275988185085,1.23874723007907,0.317446130735579,0.437746173796633,0.447598645619786,1.24618391363833,0.104011858340151,0.445026730907329,0.25960244693077,0.796736461020452,1.73228724640566,-0.751950728859737,-0.561466058897925,1.01047860309656,-1.07558626821121,0.462695365028691,0.0825102891139274,0.810046333073053,0.918367239321054,0.902652149187601,0.536195301991015,-1.88580368804649,-1.11405750091121,-0.195845208672208
969390.542813136,1227128.48626693,-4.13280916572182,-1.04885631249123,0.694409502028795,-0.919645547724584,-0.841858637899251,-0.596650889071754,-0.820217708183938,-2.31147158102851,0.729494371648609,-0.0427236763374863,-1.03463434921249,0.742280278691375,1.80436805642382,-0.286193204277036,0.265867601553776,0.0889126629634202,-0.394624237806521,0.810801708051361,1.31836753701284,-1.97234645907532,-0.352473914151148,0.231113630655149,-0.299899424097054,1.23731322395643,0.339618283277898,0.252892016376623,1.92938020889829,-1.08646473575572,-2.05972519876307,-1.7032834909784,-0.9072440107569,-0.684817808072413,0.819878233490167,0.221379000426865,0.571333069739096,-0.559088009726572,0.836899039845052,0.313078949486362,0.511992094254242,1.82208212698575,0.620464162158557,-0.797914446082944,1.0582732934278,-0.49467942286852,0.806235875179946,-1.98294195503099,1.39108886303066,0.213391219232165,-1.09536425929497,-0.133231075723918,-0.327062728580507,-0.129458920244624,-0.0304750996305216,1.27315107843299,0.367391847481586,0.468102282630062,0.413834356776388,1.23757738999551,0.105667653482729,0.434732647514188,0.230129421455697,0.812401703913495,1.72015753116033,-0.730195281618603,-0.573403259935171,1.06185325030703,-1.11234357590721,0.471303654641382,0.0540937296893741,0.8034325367557,0.908313788203058,0.866138530309368,0.590060453260824,-1.8836292276156,-1.06747666104902,-0.228199850056809
977539.767727869,1227128.48626693,-4.1725969812532,-1.03202993211117,0.721203882792528,-0.870695889154544,-0.830080775070227,-0.575504258007802,-0.819483792484258,-2.40474980225107,0.70627362578398,-0.0649921166879625,-1.04129216211416,0.727381324545782,1.80340286094247,-0.295529537307727,0.286136595266339,0.118404241803241,-0.36597753962451,0.773711522763729,1.28583864486134,-1.98633687330614,-0.361941244521472,0.209606855425688,-0.311150710924724,1.26521830120529,0.322601939282764,0.264352948866181,1.90540988891862,-1.06291918727944,-2.02533557407475,-1.65150443933044,-0.913120429130105,-0.788184590173498,0.813322155542247,0.145422697296246,0.634316141283095,-0.553655605344848,0.823097067281826,0.360403019319034,0.512679611607634,1.79283269830045,0.590737207849423,-0.758998747391137,1.07977731369485,-0.471176568847373,0.833736089504995,-2.02118174120687,1.38803901951125,0.253978262800209,-1.13855644270828,-0.0826215390937455,-0.353393671842576,-0.106247380930376,-0.0423278128062129,1.30708589448473,0.41632379517988,0.496047818119316,0.379083187964105,1.22731092593209,0.10535533142816,0.425762589432045,0.196895849621491,0.82984328466474,1.7036713319746,-0.706304687653098,-0.583236414468487,1.11180490326715,-1.14933777474042,0.476053607450727,0.0264430223823004,0.795457358692428,0.895324770241532,0.827214441437972,0.634005410237217,-1.88896217687598,-1.02953327422058,-0.262405832652953
985688.992642603,1227128.48626693,-4.17552204280728,-1.01890192323686,0.741938433653857,-0.811839058554538,-0.815788131068158,-0.580167412311337,-0.800735482124958,-2.46784316504187,0.695932800691838,-0.0750747264045503,-1.04776280302093,0.72908789953654,1.80260474280142,-0.309314032398169,0.281253230916709,0.135049986911324,-0.340531010013508,0.756521110281092,1.27027630520498,-1.98033372543896,-0.370494914742916,0.222661206504111,-0.317438558186114,1.28357908509521,0.321171536920246,0.266428364041666,1.8773601899316,-1.04714769560041,-2.00351308431974,-1.61270153990644,-0.891321845768857,-0.881726892841389,0.809654272732271,0.101429379906605,0.679927100907968,-0.568930905159395,0.815600867876356,0.399750744297093,0.521495936164507,1.76623463606315,0.574246662382606,-0.741240052932224,1.08741144883829,-0.456737931550519,0.863712367666879,-2.03645848784982,1.3973243243221,0.291691130312769,-1.15284637966351,-0.0479433025355741,-0.378756474552742,-0.0952432567473752,-0.0546535444518055,1.33391345860192,0.447577076402768,0.51249558465076,0.359490530539214,1.2165613478238,0.104635923006773,0.407382605583232,0.173964576803415,0.844760845945222,1.68133566094523,-0.710963157414352,-0.606822592895305,1.13823918355651,-1.17089702916618,0.473816084083203,0.015417771796356,0.791280923116858,0.890135367777668,0.794907159014665,0.638170225892935,-1.91211753553462,-1.01316315341804,-0.29666004108601
993838.217557336,1227128.48626693,NA,NA,NA,NA,NA,NA,NA,NA,NA,NA,NA,NA,NA,NA,NA,NA,NA,NA,NA,NA,NA,NA,NA,NA,NA,NA,NA,NA,NA,NA,NA,NA,NA,NA,NA,NA,NA,NA,NA,NA,NA,NA,NA,NA,NA,NA,NA,NA,NA,NA,NA,NA,NA,NA,NA,NA,NA,NA,NA,NA,NA,NA,NA,NA,NA,NA,NA,NA,NA,NA,NA,NA,NA,NA,NA,NA
1001987.44247207,1227128.48626693,NA,NA,NA,NA,NA,NA,NA,NA,NA,NA,NA,NA,NA,NA,NA,NA,NA,NA,NA,NA,NA,NA,NA,NA,NA,NA,NA,NA,NA,NA,NA,NA,NA,NA,NA,NA,NA,NA,NA,NA,NA,NA,NA,NA,NA,NA,NA,NA,NA,NA,NA,NA,NA,NA,NA,NA,NA,NA,NA,NA,NA,NA,NA,NA,NA,NA,NA,NA,NA,NA,NA,NA,NA,NA,NA,NA
1010136.6673868,1227128.48626693,NA,NA,NA,NA,NA,NA,NA,NA,NA,NA,NA,NA,NA,NA,NA,NA,NA,NA,NA,NA,NA,NA,NA,NA,NA,NA,NA,NA,NA,NA,NA,NA,NA,NA,NA,NA,NA,NA,NA,NA,NA,NA,NA,NA,NA,NA,NA,NA,NA,NA,NA,NA,NA,NA,NA,NA,NA,NA,NA,NA,NA,NA,NA,NA,NA,NA,NA,NA,NA,NA,NA,NA,NA,NA,NA,NA
1018285.89230154,1227128.48626693,NA,NA,NA,NA,NA,NA,NA,NA,NA,NA,NA,NA,NA,NA,NA,NA,NA,NA,NA,NA,NA,NA,NA,NA,NA,NA,NA,NA,NA,NA,NA,NA,NA,NA,NA,NA,NA,NA,NA,NA,NA,NA,NA,NA,NA,NA,NA,NA,NA,NA,NA,NA,NA,NA,NA,NA,NA,NA,NA,NA,NA,NA,NA,NA,NA,NA,NA,NA,NA,NA,NA,NA,NA,NA,NA,NA
1026435.11721627,1227128.48626693,NA,NA,NA,NA,NA,NA,NA,NA,NA,NA,NA,NA,NA,NA,NA,NA,NA,NA,NA,NA,NA,NA,NA,NA,NA,NA,NA,NA,NA,NA,NA,NA,NA,NA,NA,NA,NA,NA,NA,NA,NA,NA,NA,NA,NA,NA,NA,NA,NA,NA,NA,NA,NA,NA,NA,NA,NA,NA,NA,NA,NA,NA,NA,NA,NA,NA,NA,NA,NA,NA,NA,NA,NA,NA,NA,NA
1034584.342131,1227128.48626693,NA,NA,NA,NA,NA,NA,NA,NA,NA,NA,NA,NA,NA,NA,NA,NA,NA,NA,NA,NA,NA,NA,NA,NA,NA,NA,NA,NA,NA,NA,NA,NA,NA,NA,NA,NA,NA,NA,NA,NA,NA,NA,NA,NA,NA,NA,NA,NA,NA,NA,NA,NA,NA,NA,NA,NA,NA,NA,NA,NA,NA,NA,NA,NA,NA,NA,NA,NA,NA,NA,NA,NA,NA,NA,NA,NA
1042733.56704574,1227128.48626693,NA,NA,NA,NA,NA,NA,NA,NA,NA,NA,NA,NA,NA,NA,NA,NA,NA,NA,NA,NA,NA,NA,NA,NA,NA,NA,NA,NA,NA,NA,NA,NA,NA,NA,NA,NA,NA,NA,NA,NA,NA,NA,NA,NA,NA,NA,NA,NA,NA,NA,NA,NA,NA,NA,NA,NA,NA,NA,NA,NA,NA,NA,NA,NA,NA,NA,NA,NA,NA,NA,NA,NA,NA,NA,NA,NA
1050882.79196047,1227128.48626693,NA,NA,NA,NA,NA,NA,NA,NA,NA,NA,NA,NA,NA,NA,NA,NA,NA,NA,NA,NA,NA,NA,NA,NA,NA,NA,NA,NA,NA,NA,NA,NA,NA,NA,NA,NA,NA,NA,NA,NA,NA,NA,NA,NA,NA,NA,NA,NA,NA,NA,NA,NA,NA,NA,NA,NA,NA,NA,NA,NA,NA,NA,NA,NA,NA,NA,NA,NA,NA,NA,NA,NA,NA,NA,NA,NA
1059032.01687521,1227128.48626693,NA,NA,NA,NA,NA,NA,NA,NA,NA,NA,NA,NA,NA,NA,NA,NA,NA,NA,NA,NA,NA,NA,NA,NA,NA,NA,NA,NA,NA,NA,NA,NA,NA,NA,NA,NA,NA,NA,NA,NA,NA,NA,NA,NA,NA,NA,NA,NA,NA,NA,NA,NA,NA,NA,NA,NA,NA,NA,NA,NA,NA,NA,NA,NA,NA,NA,NA,NA,NA,NA,NA,NA,NA,NA,NA,NA
1067181.24178994,1227128.48626693,NA,NA,NA,NA,NA,NA,NA,NA,NA,NA,NA,NA,NA,NA,NA,NA,NA,NA,NA,NA,NA,NA,NA,NA,NA,NA,NA,NA,NA,NA,NA,NA,NA,NA,NA,NA,NA,NA,NA,NA,NA,NA,NA,NA,NA,NA,NA,NA,NA,NA,NA,NA,NA,NA,NA,NA,NA,NA,NA,NA,NA,NA,NA,NA,NA,NA,NA,NA,NA,NA,NA,NA,NA,NA,NA,NA
1075330.46670467,1227128.48626693,NA,NA,NA,NA,NA,NA,NA,NA,NA,NA,NA,NA,NA,NA,NA,NA,NA,NA,NA,NA,NA,NA,NA,NA,NA,NA,NA,NA,NA,NA,NA,NA,NA,NA,NA,NA,NA,NA,NA,NA,NA,NA,NA,NA,NA,NA,NA,NA,NA,NA,NA,NA,NA,NA,NA,NA,NA,NA,NA,NA,NA,NA,NA,NA,NA,NA,NA,NA,NA,NA,NA,NA,NA,NA,NA,NA
1083479.69161941,1227128.48626693,NA,NA,NA,NA,NA,NA,NA,NA,NA,NA,NA,NA,NA,NA,NA,NA,NA,NA,NA,NA,NA,NA,NA,NA,NA,NA,NA,NA,NA,NA,NA,NA,NA,NA,NA,NA,NA,NA,NA,NA,NA,NA,NA,NA,NA,NA,NA,NA,NA,NA,NA,NA,NA,NA,NA,NA,NA,NA,NA,NA,NA,NA,NA,NA,NA,NA,NA,NA,NA,NA,NA,NA,NA,NA,NA,NA
1091628.91653414,1227128.48626693,NA,NA,NA,NA,NA,NA,NA,NA,NA,NA,NA,NA,NA,NA,NA,NA,NA,NA,NA,NA,NA,NA,NA,NA,NA,NA,NA,NA,NA,NA,NA,NA,NA,NA,NA,NA,NA,NA,NA,NA,NA,NA,NA,NA,NA,NA,NA,NA,NA,NA,NA,NA,NA,NA,NA,NA,NA,NA,NA,NA,NA,NA,NA,NA,NA,NA,NA,NA,NA,NA,NA,NA,NA,NA,NA,NA
1099778.14144887,1227128.48626693,NA,NA,NA,NA,NA,NA,NA,NA,NA,NA,NA,NA,NA,NA,NA,NA,NA,NA,NA,NA,NA,NA,NA,NA,NA,NA,NA,NA,NA,NA,NA,NA,NA,NA,NA,NA,NA,NA,NA,NA,NA,NA,NA,NA,NA,NA,NA,NA,NA,NA,NA,NA,NA,NA,NA,NA,NA,NA,NA,NA,NA,NA,NA,NA,NA,NA,NA,NA,NA,NA,NA,NA,NA,NA,NA,NA
1107927.36636361,1227128.48626693,NA,NA,NA,NA,NA,NA,NA,NA,NA,NA,NA,NA,NA,NA,NA,NA,NA,NA,NA,NA,NA,NA,NA,NA,NA,NA,NA,NA,NA,NA,NA,NA,NA,NA,NA,NA,NA,NA,NA,NA,NA,NA,NA,NA,NA,NA,NA,NA,NA,NA,NA,NA,NA,NA,NA,NA,NA,NA,NA,NA,NA,NA,NA,NA,NA,NA,NA,NA,NA,NA,NA,NA,NA,NA,NA,NA
1116076.59127834,1227128.48626693,NA,NA,NA,NA,NA,NA,NA,NA,NA,NA,NA,NA,NA,NA,NA,NA,NA,NA,NA,NA,NA,NA,NA,NA,NA,NA,NA,NA,NA,NA,NA,NA,NA,NA,NA,NA,NA,NA,NA,NA,NA,NA,NA,NA,NA,NA,NA,NA,NA,NA,NA,NA,NA,NA,NA,NA,NA,NA,NA,NA,NA,NA,NA,NA,NA,NA,NA,NA,NA,NA,NA,NA,NA,NA,NA,NA
1124225.81619307,1227128.48626693,NA,NA,NA,NA,NA,NA,NA,NA,NA,NA,NA,NA,NA,NA,NA,NA,NA,NA,NA,NA,NA,NA,NA,NA,NA,NA,NA,NA,NA,NA,NA,NA,NA,NA,NA,NA,NA,NA,NA,NA,NA,NA,NA,NA,NA,NA,NA,NA,NA,NA,NA,NA,NA,NA,NA,NA,NA,NA,NA,NA,NA,NA,NA,NA,NA,NA,NA,NA,NA,NA,NA,NA,NA,NA,NA,NA
1132375.04110781,1227128.48626693,NA,NA,NA,NA,NA,NA,NA,NA,NA,NA,NA,NA,NA,NA,NA,NA,NA,NA,NA,NA,NA,NA,NA,NA,NA,NA,NA,NA,NA,NA,NA,NA,NA,NA,NA,NA,NA,NA,NA,NA,NA,NA,NA,NA,NA,NA,NA,NA,NA,NA,NA,NA,NA,NA,NA,NA,NA,NA,NA,NA,NA,NA,NA,NA,NA,NA,NA,NA,NA,NA,NA,NA,NA,NA,NA,NA
1140524.26602254,1227128.48626693,NA,NA,NA,NA,NA,NA,NA,NA,NA,NA,NA,NA,NA,NA,NA,NA,NA,NA,NA,NA,NA,NA,NA,NA,NA,NA,NA,NA,NA,NA,NA,NA,NA,NA,NA,NA,NA,NA,NA,NA,NA,NA,NA,NA,NA,NA,NA,NA,NA,NA,NA,NA,NA,NA,NA,NA,NA,NA,NA,NA,NA,NA,NA,NA,NA,NA,NA,NA,NA,NA,NA,NA,NA,NA,NA,NA
1148673.49093727,1227128.48626693,NA,NA,NA,NA,NA,NA,NA,NA,NA,NA,NA,NA,NA,NA,NA,NA,NA,NA,NA,NA,NA,NA,NA,NA,NA,NA,NA,NA,NA,NA,NA,NA,NA,NA,NA,NA,NA,NA,NA,NA,NA,NA,NA,NA,NA,NA,NA,NA,NA,NA,NA,NA,NA,NA,NA,NA,NA,NA,NA,NA,NA,NA,NA,NA,NA,NA,NA,NA,NA,NA,NA,NA,NA,NA,NA,NA
1156822.71585201,1227128.48626693,NA,NA,NA,NA,NA,NA,NA,NA,NA,NA,NA,NA,NA,NA,NA,NA,NA,NA,NA,NA,NA,NA,NA,NA,NA,NA,NA,NA,NA,NA,NA,NA,NA,NA,NA,NA,NA,NA,NA,NA,NA,NA,NA,NA,NA,NA,NA,NA,NA,NA,NA,NA,NA,NA,NA,NA,NA,NA,NA,NA,NA,NA,NA,NA,NA,NA,NA,NA,NA,NA,NA,NA,NA,NA,NA,NA
1164971.94076674,1227128.48626693,NA,NA,NA,NA,NA,NA,NA,NA,NA,NA,NA,NA,NA,NA,NA,NA,NA,NA,NA,NA,NA,NA,NA,NA,NA,NA,NA,NA,NA,NA,NA,NA,NA,NA,NA,NA,NA,NA,NA,NA,NA,NA,NA,NA,NA,NA,NA,NA,NA,NA,NA,NA,NA,NA,NA,NA,NA,NA,NA,NA,NA,NA,NA,NA,NA,NA,NA,NA,NA,NA,NA,NA,NA,NA,NA,NA
1173121.16568148,1227128.48626693,NA,NA,NA,NA,NA,NA,NA,NA,NA,NA,NA,NA,NA,NA,NA,NA,NA,NA,NA,NA,NA,NA,NA,NA,NA,NA,NA,NA,NA,NA,NA,NA,NA,NA,NA,NA,NA,NA,NA,NA,NA,NA,NA,NA,NA,NA,NA,NA,NA,NA,NA,NA,NA,NA,NA,NA,NA,NA,NA,NA,NA,NA,NA,NA,NA,NA,NA,NA,NA,NA,NA,NA,NA,NA,NA,NA
1181270.39059621,1227128.48626693,NA,NA,NA,NA,NA,NA,NA,NA,NA,NA,NA,NA,NA,NA,NA,NA,NA,NA,NA,NA,NA,NA,NA,NA,NA,NA,NA,NA,NA,NA,NA,NA,NA,NA,NA,NA,NA,NA,NA,NA,NA,NA,NA,NA,NA,NA,NA,NA,NA,NA,NA,NA,NA,NA,NA,NA,NA,NA,NA,NA,NA,NA,NA,NA,NA,NA,NA,NA,NA,NA,NA,NA,NA,NA,NA,NA
1189419.61551094,1227128.48626693,NA,NA,NA,NA,NA,NA,NA,NA,NA,NA,NA,NA,NA,NA,NA,NA,NA,NA,NA,NA,NA,NA,NA,NA,NA,NA,NA,NA,NA,NA,NA,NA,NA,NA,NA,NA,NA,NA,NA,NA,NA,NA,NA,NA,NA,NA,NA,NA,NA,NA,NA,NA,NA,NA,NA,NA,NA,NA,NA,NA,NA,NA,NA,NA,NA,NA,NA,NA,NA,NA,NA,NA,NA,NA,NA,NA
1197568.84042568,1227128.48626693,NA,NA,NA,NA,NA,NA,NA,NA,NA,NA,NA,NA,NA,NA,NA,NA,NA,NA,NA,NA,NA,NA,NA,NA,NA,NA,NA,NA,NA,NA,NA,NA,NA,NA,NA,NA,NA,NA,NA,NA,NA,NA,NA,NA,NA,NA,NA,NA,NA,NA,NA,NA,NA,NA,NA,NA,NA,NA,NA,NA,NA,NA,NA,NA,NA,NA,NA,NA,NA,NA,NA,NA,NA,NA,NA,NA
1205718.06534041,1227128.48626693,NA,NA,NA,NA,NA,NA,NA,NA,NA,NA,NA,NA,NA,NA,NA,NA,NA,NA,NA,NA,NA,NA,NA,NA,NA,NA,NA,NA,NA,NA,NA,NA,NA,NA,NA,NA,NA,NA,NA,NA,NA,NA,NA,NA,NA,NA,NA,NA,NA,NA,NA,NA,NA,NA,NA,NA,NA,NA,NA,NA,NA,NA,NA,NA,NA,NA,NA,NA,NA,NA,NA,NA,NA,NA,NA,NA
1213867.29025514,1227128.48626693,NA,NA,NA,NA,NA,NA,NA,NA,NA,NA,NA,NA,NA,NA,NA,NA,NA,NA,NA,NA,NA,NA,NA,NA,NA,NA,NA,NA,NA,NA,NA,NA,NA,NA,NA,NA,NA,NA,NA,NA,NA,NA,NA,NA,NA,NA,NA,NA,NA,NA,NA,NA,NA,NA,NA,NA,NA,NA,NA,NA,NA,NA,NA,NA,NA,NA,NA,NA,NA,NA,NA,NA,NA,NA,NA,NA
1222016.51516988,1227128.48626693,NA,NA,NA,NA,NA,NA,NA,NA,NA,NA,NA,NA,NA,NA,NA,NA,NA,NA,NA,NA,NA,NA,NA,NA,NA,NA,NA,NA,NA,NA,NA,NA,NA,NA,NA,NA,NA,NA,NA,NA,NA,NA,NA,NA,NA,NA,NA,NA,NA,NA,NA,NA,NA,NA,NA,NA,NA,NA,NA,NA,NA,NA,NA,NA,NA,NA,NA,NA,NA,NA,NA,NA,NA,NA,NA,NA
879749.068751066,1218979.2613522,NA,NA,NA,NA,NA,NA,NA,NA,NA,NA,NA,NA,NA,NA,NA,NA,NA,NA,NA,NA,NA,NA,NA,NA,NA,NA,NA,NA,NA,NA,NA,NA,NA,NA,NA,NA,NA,NA,NA,NA,NA,NA,NA,NA,NA,NA,NA,NA,NA,NA,NA,NA,NA,NA,NA,NA,NA,NA,NA,NA,NA,NA,NA,NA,NA,NA,NA,NA,NA,NA,NA,NA,NA,NA,NA,NA
887898.2936658,1218979.2613522,NA,NA,NA,NA,NA,NA,NA,NA,NA,NA,NA,NA,NA,NA,NA,NA,NA,NA,NA,NA,NA,NA,NA,NA,NA,NA,NA,NA,NA,NA,NA,NA,NA,NA,NA,NA,NA,NA,NA,NA,NA,NA,NA,NA,NA,NA,NA,NA,NA,NA,NA,NA,NA,NA,NA,NA,NA,NA,NA,NA,NA,NA,NA,NA,NA,NA,NA,NA,NA,NA,NA,NA,NA,NA,NA,NA
896047.518580533,1218979.2613522,NA,NA,NA,NA,NA,NA,NA,NA,NA,NA,NA,NA,NA,NA,NA,NA,NA,NA,NA,NA,NA,NA,NA,NA,NA,NA,NA,NA,NA,NA,NA,NA,NA,NA,NA,NA,NA,NA,NA,NA,NA,NA,NA,NA,NA,NA,NA,NA,NA,NA,NA,NA,NA,NA,NA,NA,NA,NA,NA,NA,NA,NA,NA,NA,NA,NA,NA,NA,NA,NA,NA,NA,NA,NA,NA,NA
904196.743495267,1218979.2613522,NA,NA,NA,NA,NA,NA,NA,NA,NA,NA,NA,NA,NA,NA,NA,NA,NA,NA,NA,NA,NA,NA,NA,NA,NA,NA,NA,NA,NA,NA,NA,NA,NA,NA,NA,NA,NA,NA,NA,NA,NA,NA,NA,NA,NA,NA,NA,NA,NA,NA,NA,NA,NA,NA,NA,NA,NA,NA,NA,NA,NA,NA,NA,NA,NA,NA,NA,NA,NA,NA,NA,NA,NA,NA,NA,NA
912345.96841,1218979.2613522,NA,NA,NA,NA,NA,NA,NA,NA,NA,NA,NA,NA,NA,NA,NA,NA,NA,NA,NA,NA,NA,NA,NA,NA,NA,NA,NA,NA,NA,NA,NA,NA,NA,NA,NA,NA,NA,NA,NA,NA,NA,NA,NA,NA,NA,NA,NA,NA,NA,NA,NA,NA,NA,NA,NA,NA,NA,NA,NA,NA,NA,NA,NA,NA,NA,NA,NA,NA,NA,NA,NA,NA,NA,NA,NA,NA
920495.193324734,1218979.2613522,NA,NA,NA,NA,NA,NA,NA,NA,NA,NA,NA,NA,NA,NA,NA,NA,NA,NA,NA,NA,NA,NA,NA,NA,NA,NA,NA,NA,NA,NA,NA,NA,NA,NA,NA,NA,NA,NA,NA,NA,NA,NA,NA,NA,NA,NA,NA,NA,NA,NA,NA,NA,NA,NA,NA,NA,NA,NA,NA,NA,NA,NA,NA,NA,NA,NA,NA,NA,NA,NA,NA,NA,NA,NA,NA,NA
928644.418239468,1218979.2613522,NA,NA,NA,NA,NA,NA,NA,NA,NA,NA,NA,NA,NA,NA,NA,NA,NA,NA,NA,NA,NA,NA,NA,NA,NA,NA,NA,NA,NA,NA,NA,NA,NA,NA,NA,NA,NA,NA,NA,NA,NA,NA,NA,NA,NA,NA,NA,NA,NA,NA,NA,NA,NA,NA,NA,NA,NA,NA,NA,NA,NA,NA,NA,NA,NA,NA,NA,NA,NA,NA,NA,NA,NA,NA,NA,NA
936793.643154201,1218979.2613522,-3.72420446693052,-1.2406923593548,0.549131934280999,-0.881528475687115,-0.921526678103831,-0.501737650830485,-1.0403382900025,-2.06748228690203,0.651753418828785,-0.102776022217078,-0.936212880940083,0.671511395651151,2.05848273261477,0.0725555186173695,-0.0190013223002387,0.187841140796098,-0.55690352917953,0.767078865332749,1.24812653861626,-2.08270283272552,-0.522259694516296,0.472133195646982,-0.0515976531514848,1.0635721986206,0.42811143101113,0.26581030446974,2.07928296041759,-0.976849784752144,-2.18604490637269,-1.54115559745269,-0.967715245332571,-0.653907440904414,1.18232677330368,0.0463343043820577,0.726071616985785,-0.481962249535186,0.588659128018453,0.239352600163813,0.407020765165797,1.93215016522874,0.70354481529056,-0.687655730865838,0.899217219922612,-0.383527097762269,0.878922702325504,-2.08038405417331,1.43742141503254,0.228005475023512,-1.21000034488394,0.103827270441734,-0.329230746427098,-0.0424205225396621,-0.0565104769033146,1.24800805780105,0.312627848282471,0.262923236594076,0.328853160563078,1.23145875326086,-0.118214590893336,0.741967385573677,-0.060384510101557,1.03581777338425,1.56878255426555,-0.486946158721142,-0.291803186455916,1.08146097600188,-1.18776972582378,0.236694073691514,-0.0186123359300465,0.70483929233564,0.627677065062027,0.681284452435749,0.547214855583824,-1.86300997894822,-1.28172836900351,0.0494930702677237
944942.868068935,1218979.2613522,-3.86885188173174,-1.18725878990955,0.608558486480761,-0.924001960118137,-0.918396875517247,-0.559378919891691,-0.931775253784708,-2.07497316950501,0.711809394734881,-0.0468908158703466,-0.989945129202876,0.702926188633255,1.9718737015427,-0.102866920945428,0.0983883924870242,0.1491577910029,-0.490817141760156,0.802476034325162,1.32144476979832,-2.01960903331693,-0.429093241865042,0.380003297762833,-0.158222101832738,1.10828049359375,0.416743323421676,0.23795319667523,2.0376060932118,-1.04065582181179,-2.15606772869634,-1.65119825874615,-0.956327454574731,-0.603597718383543,1.06785307313168,0.139627442969935,0.610215926729689,-0.539700232696374,0.717782878536511,0.232281431814325,0.474370057245083,1.89596591368246,0.692524839245991,-0.753029485232225,0.939585939371494,-0.461604665814876,0.837647950904948,-1.99896511091511,1.422749721923,0.213293980353109,-1.10951122263546,-0.0419818660622752,-0.297938401422212,-0.110707770637599,-0.0324965966981004,1.22874886873469,0.306101674580014,0.320846764045487,0.379952373376319,1.234955485212,-0.0241182908420242,0.621849560805309,0.0975825316945909,0.947596150276513,1.64312089552152,-0.633415623413154,-0.419449260765708,1.03627945871249,-1.12325049937855,0.340177729254921,0.0378263105119885,0.770541223466387,0.769093221816603,0.777800930106007,0.520781509183484,-1.88915654646786,-1.23314204156646,-0.0680584418741442
953092.092983668,1218979.2613522,-3.97883215326451,-1.13383610200278,0.657574217655172,-0.951605627818323,-0.909413017944367,-0.602000059086256,-0.838844853343373,-2.07952279940506,0.756133469644925,-0.00156830282526987,-1.03019857090313,0.724450408502377,1.88624252949519,-0.258059088696511,0.198002325990277,0.118330361346772,-0.431024146058654,0.826518214969903,1.37307989194966,-1.96012966995099,-0.349949354910523,0.295913324922646,-0.249706618921714,1.14466297733059,0.404129557988864,0.216789818279879,1.98958218774908,-1.0863932190086,-2.11851601654895,-1.73299802193099,-0.940504999833419,-0.567981599665605,0.962107054889802,0.212148624901911,0.512006949138554,-0.58545348405849,0.821161631739337,0.230350965788882,0.528077794436631,1.85422293835102,0.677852752127524,-0.800980396011665,0.971937457559497,-0.525190242497023,0.801789266740444,-1.92759809700558,1.40398315832832,0.203496668630145,-1.02600488206542,-0.163459122705313,-0.271570574225641,-0.166853349425302,-0.0125453819084859,1.2092252316817,0.303124542517881,0.37033186947187,0.418933105534983,1.23266747437085,0.0557950147044608,0.515316566570516,0.223185623399282,0.868837458752206,1.69892189824462,-0.75443123063864,-0.527384156179748,0.996567602578686,-1.06774629998989,0.424346902121302,0.0807827475933981,0.821681373353056,0.886704486538666,0.85919488119049,0.509645608412268,-1.89321137495964,-1.17882949557027,-0.157670305010917
961241.317898402,1218979.2613522,-4.04725562862552,-1.10224128669503,0.687250848482233,-0.940881560311963,-0.902533829225714,-0.610437158416642,-0.797300981421499,-2.1203190844172,0.763553726977269,0.0113583933272015,-1.05030325156712,0.723465905946578,1.84231869995869,-0.336119863894033,0.24989397199756,0.119946666204644,-0.392124019178585,0.820932414564076,1.37456334935783,-1.93803814508566,-0.317654298982574,0.242708357801161,-0.298062615618838,1.17079644761943,0.390165439546013,0.214538094612916,1.95853385719605,-1.09189770001043,-2.09116307214861,-1.74349656328226,-0.93344896556855,-0.595322906934019,0.914006466108394,0.21455806417127,0.48825605005135,-0.599730890410025,0.862626739914726,0.251493731410572,0.546603506859915,1.82348962919215,0.655859639962799,-0.8053017808338,0.995690938281967,-0.547068909268512,0.798830781770587,-1.9154381874899,1.39530456687187,0.217144192729953,-1.01327968187038,-0.193089811398333,-0.273177018139959,-0.183247230387752,-0.0124457410197628,1.2124929384111,0.320285881860459,0.398629470433011,0.416228179350282,1.22382073952983,0.0926961433166146,0.464710277543271,0.259032153167743,0.840852192581048,1.71941865761755,-0.797162420633658,-0.579488503053956,0.997954442763252,-1.06529331252299,0.453707453702201,0.0844857537199506,0.836571214604815,0.945847903469165,0.890620108871574,0.544115612534719,-1.88358105073498,-1.12339549204522,-0.19797165966184
969390.542813136,1218979.2613522,-4.09676461892477,-1.08460590868338,0.709494522189573,-0.893804636368337,-0.896448939299812,-0.588781249585258,-0.792939327066992,-2.2084992128923,0.74043418996343,-0.00311805099546913,-1.05824601446106,0.703255444968721,1.83374616273216,-0.355386005078374,0.272930899312506,0.152777447482965,-0.36225658796164,0.786798927525829,1.3345590215158,-1.94734207218642,-0.320644342739397,0.208437206679694,-0.31603636042304,1.19630904239682,0.372453870087293,0.229060808936517,1.93997221741787,-1.06396616583234,-2.06639094615157,-1.69261320575905,-0.936090460065466,-0.69017026770207,0.91165713571432,0.149452850363189,0.533859401757389,-0.589031480287357,0.858761761499709,0.299215483426935,0.540652084132425,1.79861063707237,0.623542793872576,-0.770067907070056,1.01878966986211,-0.533196870746953,0.826987172479277,-1.95523874520499,1.39553914376297,0.256981332362014,-1.06162940223223,-0.143052101721546,-0.300183586174674,-0.16499549226323,-0.0292063185821509,1.24092704952617,0.362832842461226,0.41716580434396,0.375827808339863,1.20958022341461,0.0989924811429537,0.456687198174423,0.224032260645256,0.856560029886879,1.71324719623619,-0.775576544333982,-0.590911414103489,1.04176260119654,-1.11076311053428,0.444471739671362,0.0541811891317612,0.825102295300713,0.956019390444082,0.871052046850683,0.613293103554215,-1.87697383374201,-1.06871445437313,-0.21966747639167
977539.767727869,1218979.2613522,-4.13437039782576,-1.06448019646863,0.730878379267981,-0.840102984562087,-0.887179210851717,-0.564790263810144,-0.786178510123381,-2.29541252490758,0.717700584201594,-0.0153140768545224,-1.06109383467849,0.684820879293822,1.82716446652465,-0.368319997504984,0.29253962570599,0.188166931550738,-0.331613729487261,0.754763883958663,1.29244759215096,-1.95183092774501,-0.323198246403981,0.181245493324378,-0.328053056690569,1.22110949318471,0.358248354722736,0.246439940787465,1.92225810129972,-1.03014508038013,-2.0397955805547,-1.63527051798183,-0.931574101830978,-0.787951695812131,0.914970957761967,0.0862774379943673,0.582669187605371,-0.575475711091785,0.853614648113015,0.349581545103102,0.534085346463367,1.77531984996748,0.593320449391992,-0.732006426665659,1.04167563936156,-0.515614184955587,0.859495847707484,-1.99275296399465,1.39906691479823,0.299532460632767,-1.10890243073014,-0.0860243518365396,-0.327186091128677,-0.14355645577868,-0.0454229422227335,1.27075141676274,0.405414102717449,0.434442006462889,0.335596795630685,1.1958025208269,0.105475361117836,0.453524194483999,0.185675892944056,0.876542217185927,1.70592992657183,-0.748418234902465,-0.59701525032401,1.08601663168004,-1.15603226973624,0.431521509547976,0.0247928111954605,0.812462684046655,0.944212434187345,0.826936234185701,0.655364086308541,-1.90044430233272,-1.04351993593479,-0.26645427870631
985688.992642603,1218979.2613522,-4.1399692806682,-1.04718479109432,0.748366952957182,-0.778104581717321,-0.876063993988758,-0.56623620945968,-0.766456583542421,-2.35975577141073,0.706356801445609,-0.0233427335594943,-1.06508027911319,0.686132015735963,1.82413542406815,-0.384210029556834,0.288053800050642,0.206286265228002,-0.304447800164272,0.741368401986403,1.26992427299572,-1.93943354850391,-0.329416048335128,0.190922023239727,-0.330969826637777,1.23916316437136,0.35809339504798,0.253723181470679,1.89636934827307,-1.00711704807708,-2.02163402243202,-1.59220607681251,-0.902241164721278,-0.880617200551826,0.915252013820279,0.052016100163702,0.626512839333899,-0.586542311691585,0.850324066960868,0.392319202490322,0.536545188571572,1.75218589370324,0.577652451115145,-0.714917227450108,1.05222932171815,-0.503966877483641,0.89275928180284,-2.00803046488818,1.4065771741328,0.336336187526589,-1.12991240700852,-0.044479104173388,-0.354692147189483,-0.133013275609438,-0.0614944352383308,1.29377399510031,0.431554765282616,0.44712197515281,0.31457580513973,1.18433302266781,0.107903925181286,0.438401677014646,0.154980232439937,0.894897264741179,1.688923984728,-0.748365071919106,-0.618238427504136,1.11016213588916,-1.1835405058239,0.419301816930029,0.0109110793347475,0.80336801502099,0.936501055664558,0.793434009025069,0.663384982714358,-1.93674344838141,-1.03805468650272,-0.302613403919959
993838.217557336,1218979.2613522,NA,NA,NA,NA,NA,NA,NA,NA,NA,NA,NA,NA,NA,NA,NA,NA,NA,NA,NA,NA,NA,NA,NA,NA,NA,NA,NA,NA,NA,NA,NA,NA,NA,NA,NA,NA,NA,NA,NA,NA,NA,NA,NA,NA,NA,NA,NA,NA,NA,NA,NA,NA,NA,NA,NA,NA,NA,NA,NA,NA,NA,NA,NA,NA,NA,NA,NA,NA,NA,NA,NA,NA,NA,NA,NA,NA
1001987.44247207,1218979.2613522,NA,NA,NA,NA,NA,NA,NA,NA,NA,NA,NA,NA,NA,NA,NA,NA,NA,NA,NA,NA,NA,NA,NA,NA,NA,NA,NA,NA,NA,NA,NA,NA,NA,NA,NA,NA,NA,NA,NA,NA,NA,NA,NA,NA,NA,NA,NA,NA,NA,NA,NA,NA,NA,NA,NA,NA,NA,NA,NA,NA,NA,NA,NA,NA,NA,NA,NA,NA,NA,NA,NA,NA,NA,NA,NA,NA
1010136.6673868,1218979.2613522,NA,NA,NA,NA,NA,NA,NA,NA,NA,NA,NA,NA,NA,NA,NA,NA,NA,NA,NA,NA,NA,NA,NA,NA,NA,NA,NA,NA,NA,NA,NA,NA,NA,NA,NA,NA,NA,NA,NA,NA,NA,NA,NA,NA,NA,NA,NA,NA,NA,NA,NA,NA,NA,NA,NA,NA,NA,NA,NA,NA,NA,NA,NA,NA,NA,NA,NA,NA,NA,NA,NA,NA,NA,NA,NA,NA
1018285.89230154,1218979.2613522,NA,NA,NA,NA,NA,NA,NA,NA,NA,NA,NA,NA,NA,NA,NA,NA,NA,NA,NA,NA,NA,NA,NA,NA,NA,NA,NA,NA,NA,NA,NA,NA,NA,NA,NA,NA,NA,NA,NA,NA,NA,NA,NA,NA,NA,NA,NA,NA,NA,NA,NA,NA,NA,NA,NA,NA,NA,NA,NA,NA,NA,NA,NA,NA,NA,NA,NA,NA,NA,NA,NA,NA,NA,NA,NA,NA
1026435.11721627,1218979.2613522,NA,NA,NA,NA,NA,NA,NA,NA,NA,NA,NA,NA,NA,NA,NA,NA,NA,NA,NA,NA,NA,NA,NA,NA,NA,NA,NA,NA,NA,NA,NA,NA,NA,NA,NA,NA,NA,NA,NA,NA,NA,NA,NA,NA,NA,NA,NA,NA,NA,NA,NA,NA,NA,NA,NA,NA,NA,NA,NA,NA,NA,NA,NA,NA,NA,NA,NA,NA,NA,NA,NA,NA,NA,NA,NA,NA
1034584.342131,1218979.2613522,NA,NA,NA,NA,NA,NA,NA,NA,NA,NA,NA,NA,NA,NA,NA,NA,NA,NA,NA,NA,NA,NA,NA,NA,NA,NA,NA,NA,NA,NA,NA,NA,NA,NA,NA,NA,NA,NA,NA,NA,NA,NA,NA,NA,NA,NA,NA,NA,NA,NA,NA,NA,NA,NA,NA,NA,NA,NA,NA,NA,NA,NA,NA,NA,NA,NA,NA,NA,NA,NA,NA,NA,NA,NA,NA,NA
1042733.56704574,1218979.2613522,NA,NA,NA,NA,NA,NA,NA,NA,NA,NA,NA,NA,NA,NA,NA,NA,NA,NA,NA,NA,NA,NA,NA,NA,NA,NA,NA,NA,NA,NA,NA,NA,NA,NA,NA,NA,NA,NA,NA,NA,NA,NA,NA,NA,NA,NA,NA,NA,NA,NA,NA,NA,NA,NA,NA,NA,NA,NA,NA,NA,NA,NA,NA,NA,NA,NA,NA,NA,NA,NA,NA,NA,NA,NA,NA,NA
1050882.79196047,1218979.2613522,NA,NA,NA,NA,NA,NA,NA,NA,NA,NA,NA,NA,NA,NA,NA,NA,NA,NA,NA,NA,NA,NA,NA,NA,NA,NA,NA,NA,NA,NA,NA,NA,NA,NA,NA,NA,NA,NA,NA,NA,NA,NA,NA,NA,NA,NA,NA,NA,NA,NA,NA,NA,NA,NA,NA,NA,NA,NA,NA,NA,NA,NA,NA,NA,NA,NA,NA,NA,NA,NA,NA,NA,NA,NA,NA,NA
1059032.01687521,1218979.2613522,NA,NA,NA,NA,NA,NA,NA,NA,NA,NA,NA,NA,NA,NA,NA,NA,NA,NA,NA,NA,NA,NA,NA,NA,NA,NA,NA,NA,NA,NA,NA,NA,NA,NA,NA,NA,NA,NA,NA,NA,NA,NA,NA,NA,NA,NA,NA,NA,NA,NA,NA,NA,NA,NA,NA,NA,NA,NA,NA,NA,NA,NA,NA,NA,NA,NA,NA,NA,NA,NA,NA,NA,NA,NA,NA,NA
1067181.24178994,1218979.2613522,NA,NA,NA,NA,NA,NA,NA,NA,NA,NA,NA,NA,NA,NA,NA,NA,NA,NA,NA,NA,NA,NA,NA,NA,NA,NA,NA,NA,NA,NA,NA,NA,NA,NA,NA,NA,NA,NA,NA,NA,NA,NA,NA,NA,NA,NA,NA,NA,NA,NA,NA,NA,NA,NA,NA,NA,NA,NA,NA,NA,NA,NA,NA,NA,NA,NA,NA,NA,NA,NA,NA,NA,NA,NA,NA,NA
1075330.46670467,1218979.2613522,NA,NA,NA,NA,NA,NA,NA,NA,NA,NA,NA,NA,NA,NA,NA,NA,NA,NA,NA,NA,NA,NA,NA,NA,NA,NA,NA,NA,NA,NA,NA,NA,NA,NA,NA,NA,NA,NA,NA,NA,NA,NA,NA,NA,NA,NA,NA,NA,NA,NA,NA,NA,NA,NA,NA,NA,NA,NA,NA,NA,NA,NA,NA,NA,NA,NA,NA,NA,NA,NA,NA,NA,NA,NA,NA,NA
1083479.69161941,1218979.2613522,NA,NA,NA,NA,NA,NA,NA,NA,NA,NA,NA,NA,NA,NA,NA,NA,NA,NA,NA,NA,NA,NA,NA,NA,NA,NA,NA,NA,NA,NA,NA,NA,NA,NA,NA,NA,NA,NA,NA,NA,NA,NA,NA,NA,NA,NA,NA,NA,NA,NA,NA,NA,NA,NA,NA,NA,NA,NA,NA,NA,NA,NA,NA,NA,NA,NA,NA,NA,NA,NA,NA,NA,NA,NA,NA,NA
1091628.91653414,1218979.2613522,NA,NA,NA,NA,NA,NA,NA,NA,NA,NA,NA,NA,NA,NA,NA,NA,NA,NA,NA,NA,NA,NA,NA,NA,NA,NA,NA,NA,NA,NA,NA,NA,NA,NA,NA,NA,NA,NA,NA,NA,NA,NA,NA,NA,NA,NA,NA,NA,NA,NA,NA,NA,NA,NA,NA,NA,NA,NA,NA,NA,NA,NA,NA,NA,NA,NA,NA,NA,NA,NA,NA,NA,NA,NA,NA,NA
1099778.14144887,1218979.2613522,NA,NA,NA,NA,NA,NA,NA,NA,NA,NA,NA,NA,NA,NA,NA,NA,NA,NA,NA,NA,NA,NA,NA,NA,NA,NA,NA,NA,NA,NA,NA,NA,NA,NA,NA,NA,NA,NA,NA,NA,NA,NA,NA,NA,NA,NA,NA,NA,NA,NA,NA,NA,NA,NA,NA,NA,NA,NA,NA,NA,NA,NA,NA,NA,NA,NA,NA,NA,NA,NA,NA,NA,NA,NA,NA,NA
1107927.36636361,1218979.2613522,NA,NA,NA,NA,NA,NA,NA,NA,NA,NA,NA,NA,NA,NA,NA,NA,NA,NA,NA,NA,NA,NA,NA,NA,NA,NA,NA,NA,NA,NA,NA,NA,NA,NA,NA,NA,NA,NA,NA,NA,NA,NA,NA,NA,NA,NA,NA,NA,NA,NA,NA,NA,NA,NA,NA,NA,NA,NA,NA,NA,NA,NA,NA,NA,NA,NA,NA,NA,NA,NA,NA,NA,NA,NA,NA,NA
1116076.59127834,1218979.2613522,NA,NA,NA,NA,NA,NA,NA,NA,NA,NA,NA,NA,NA,NA,NA,NA,NA,NA,NA,NA,NA,NA,NA,NA,NA,NA,NA,NA,NA,NA,NA,NA,NA,NA,NA,NA,NA,NA,NA,NA,NA,NA,NA,NA,NA,NA,NA,NA,NA,NA,NA,NA,NA,NA,NA,NA,NA,NA,NA,NA,NA,NA,NA,NA,NA,NA,NA,NA,NA,NA,NA,NA,NA,NA,NA,NA
1124225.81619307,1218979.2613522,NA,NA,NA,NA,NA,NA,NA,NA,NA,NA,NA,NA,NA,NA,NA,NA,NA,NA,NA,NA,NA,NA,NA,NA,NA,NA,NA,NA,NA,NA,NA,NA,NA,NA,NA,NA,NA,NA,NA,NA,NA,NA,NA,NA,NA,NA,NA,NA,NA,NA,NA,NA,NA,NA,NA,NA,NA,NA,NA,NA,NA,NA,NA,NA,NA,NA,NA,NA,NA,NA,NA,NA,NA,NA,NA,NA
1132375.04110781,1218979.2613522,NA,NA,NA,NA,NA,NA,NA,NA,NA,NA,NA,NA,NA,NA,NA,NA,NA,NA,NA,NA,NA,NA,NA,NA,NA,NA,NA,NA,NA,NA,NA,NA,NA,NA,NA,NA,NA,NA,NA,NA,NA,NA,NA,NA,NA,NA,NA,NA,NA,NA,NA,NA,NA,NA,NA,NA,NA,NA,NA,NA,NA,NA,NA,NA,NA,NA,NA,NA,NA,NA,NA,NA,NA,NA,NA,NA
1140524.26602254,1218979.2613522,NA,NA,NA,NA,NA,NA,NA,NA,NA,NA,NA,NA,NA,NA,NA,NA,NA,NA,NA,NA,NA,NA,NA,NA,NA,NA,NA,NA,NA,NA,NA,NA,NA,NA,NA,NA,NA,NA,NA,NA,NA,NA,NA,NA,NA,NA,NA,NA,NA,NA,NA,NA,NA,NA,NA,NA,NA,NA,NA,NA,NA,NA,NA,NA,NA,NA,NA,NA,NA,NA,NA,NA,NA,NA,NA,NA
1148673.49093727,1218979.2613522,NA,NA,NA,NA,NA,NA,NA,NA,NA,NA,NA,NA,NA,NA,NA,NA,NA,NA,NA,NA,NA,NA,NA,NA,NA,NA,NA,NA,NA,NA,NA,NA,NA,NA,NA,NA,NA,NA,NA,NA,NA,NA,NA,NA,NA,NA,NA,NA,NA,NA,NA,NA,NA,NA,NA,NA,NA,NA,NA,NA,NA,NA,NA,NA,NA,NA,NA,NA,NA,NA,NA,NA,NA,NA,NA,NA
1156822.71585201,1218979.2613522,NA,NA,NA,NA,NA,NA,NA,NA,NA,NA,NA,NA,NA,NA,NA,NA,NA,NA,NA,NA,NA,NA,NA,NA,NA,NA,NA,NA,NA,NA,NA,NA,NA,NA,NA,NA,NA,NA,NA,NA,NA,NA,NA,NA,NA,NA,NA,NA,NA,NA,NA,NA,NA,NA,NA,NA,NA,NA,NA,NA,NA,NA,NA,NA,NA,NA,NA,NA,NA,NA,NA,NA,NA,NA,NA,NA
1164971.94076674,1218979.2613522,NA,NA,NA,NA,NA,NA,NA,NA,NA,NA,NA,NA,NA,NA,NA,NA,NA,NA,NA,NA,NA,NA,NA,NA,NA,NA,NA,NA,NA,NA,NA,NA,NA,NA,NA,NA,NA,NA,NA,NA,NA,NA,NA,NA,NA,NA,NA,NA,NA,NA,NA,NA,NA,NA,NA,NA,NA,NA,NA,NA,NA,NA,NA,NA,NA,NA,NA,NA,NA,NA,NA,NA,NA,NA,NA,NA
1173121.16568148,1218979.2613522,NA,NA,NA,NA,NA,NA,NA,NA,NA,NA,NA,NA,NA,NA,NA,NA,NA,NA,NA,NA,NA,NA,NA,NA,NA,NA,NA,NA,NA,NA,NA,NA,NA,NA,NA,NA,NA,NA,NA,NA,NA,NA,NA,NA,NA,NA,NA,NA,NA,NA,NA,NA,NA,NA,NA,NA,NA,NA,NA,NA,NA,NA,NA,NA,NA,NA,NA,NA,NA,NA,NA,NA,NA,NA,NA,NA
1181270.39059621,1218979.2613522,NA,NA,NA,NA,NA,NA,NA,NA,NA,NA,NA,NA,NA,NA,NA,NA,NA,NA,NA,NA,NA,NA,NA,NA,NA,NA,NA,NA,NA,NA,NA,NA,NA,NA,NA,NA,NA,NA,NA,NA,NA,NA,NA,NA,NA,NA,NA,NA,NA,NA,NA,NA,NA,NA,NA,NA,NA,NA,NA,NA,NA,NA,NA,NA,NA,NA,NA,NA,NA,NA,NA,NA,NA,NA,NA,NA
1189419.61551094,1218979.2613522,NA,NA,NA,NA,NA,NA,NA,NA,NA,NA,NA,NA,NA,NA,NA,NA,NA,NA,NA,NA,NA,NA,NA,NA,NA,NA,NA,NA,NA,NA,NA,NA,NA,NA,NA,NA,NA,NA,NA,NA,NA,NA,NA,NA,NA,NA,NA,NA,NA,NA,NA,NA,NA,NA,NA,NA,NA,NA,NA,NA,NA,NA,NA,NA,NA,NA,NA,NA,NA,NA,NA,NA,NA,NA,NA,NA
1197568.84042568,1218979.2613522,NA,NA,NA,NA,NA,NA,NA,NA,NA,NA,NA,NA,NA,NA,NA,NA,NA,NA,NA,NA,NA,NA,NA,NA,NA,NA,NA,NA,NA,NA,NA,NA,NA,NA,NA,NA,NA,NA,NA,NA,NA,NA,NA,NA,NA,NA,NA,NA,NA,NA,NA,NA,NA,NA,NA,NA,NA,NA,NA,NA,NA,NA,NA,NA,NA,NA,NA,NA,NA,NA,NA,NA,NA,NA,NA,NA
1205718.06534041,1218979.2613522,NA,NA,NA,NA,NA,NA,NA,NA,NA,NA,NA,NA,NA,NA,NA,NA,NA,NA,NA,NA,NA,NA,NA,NA,NA,NA,NA,NA,NA,NA,NA,NA,NA,NA,NA,NA,NA,NA,NA,NA,NA,NA,NA,NA,NA,NA,NA,NA,NA,NA,NA,NA,NA,NA,NA,NA,NA,NA,NA,NA,NA,NA,NA,NA,NA,NA,NA,NA,NA,NA,NA,NA,NA,NA,NA,NA
1213867.29025514,1218979.2613522,NA,NA,NA,NA,NA,NA,NA,NA,NA,NA,NA,NA,NA,NA,NA,NA,NA,NA,NA,NA,NA,NA,NA,NA,NA,NA,NA,NA,NA,NA,NA,NA,NA,NA,NA,NA,NA,NA,NA,NA,NA,NA,NA,NA,NA,NA,NA,NA,NA,NA,NA,NA,NA,NA,NA,NA,NA,NA,NA,NA,NA,NA,NA,NA,NA,NA,NA,NA,NA,NA,NA,NA,NA,NA,NA,NA
1222016.51516988,1218979.2613522,NA,NA,NA,NA,NA,NA,NA,NA,NA,NA,NA,NA,NA,NA,NA,NA,NA,NA,NA,NA,NA,NA,NA,NA,NA,NA,NA,NA,NA,NA,NA,NA,NA,NA,NA,NA,NA,NA,NA,NA,NA,NA,NA,NA,NA,NA,NA,NA,NA,NA,NA,NA,NA,NA,NA,NA,NA,NA,NA,NA,NA,NA,NA,NA,NA,NA,NA,NA,NA,NA,NA,NA,NA,NA,NA,NA
879749.068751066,1210830.03643746,NA,NA,NA,NA,NA,NA,NA,NA,NA,NA,NA,NA,NA,NA,NA,NA,NA,NA,NA,NA,NA,NA,NA,NA,NA,NA,NA,NA,NA,NA,NA,NA,NA,NA,NA,NA,NA,NA,NA,NA,NA,NA,NA,NA,NA,NA,NA,NA,NA,NA,NA,NA,NA,NA,NA,NA,NA,NA,NA,NA,NA,NA,NA,NA,NA,NA,NA,NA,NA,NA,NA,NA,NA,NA,NA,NA
887898.2936658,1210830.03643746,NA,NA,NA,NA,NA,NA,NA,NA,NA,NA,NA,NA,NA,NA,NA,NA,NA,NA,NA,NA,NA,NA,NA,NA,NA,NA,NA,NA,NA,NA,NA,NA,NA,NA,NA,NA,NA,NA,NA,NA,NA,NA,NA,NA,NA,NA,NA,NA,NA,NA,NA,NA,NA,NA,NA,NA,NA,NA,NA,NA,NA,NA,NA,NA,NA,NA,NA,NA,NA,NA,NA,NA,NA,NA,NA,NA
896047.518580533,1210830.03643746,NA,NA,NA,NA,NA,NA,NA,NA,NA,NA,NA,NA,NA,NA,NA,NA,NA,NA,NA,NA,NA,NA,NA,NA,NA,NA,NA,NA,NA,NA,NA,NA,NA,NA,NA,NA,NA,NA,NA,NA,NA,NA,NA,NA,NA,NA,NA,NA,NA,NA,NA,NA,NA,NA,NA,NA,NA,NA,NA,NA,NA,NA,NA,NA,NA,NA,NA,NA,NA,NA,NA,NA,NA,NA,NA,NA
904196.743495267,1210830.03643746,NA,NA,NA,NA,NA,NA,NA,NA,NA,NA,NA,NA,NA,NA,NA,NA,NA,NA,NA,NA,NA,NA,NA,NA,NA,NA,NA,NA,NA,NA,NA,NA,NA,NA,NA,NA,NA,NA,NA,NA,NA,NA,NA,NA,NA,NA,NA,NA,NA,NA,NA,NA,NA,NA,NA,NA,NA,NA,NA,NA,NA,NA,NA,NA,NA,NA,NA,NA,NA,NA,NA,NA,NA,NA,NA,NA
912345.96841,1210830.03643746,NA,NA,NA,NA,NA,NA,NA,NA,NA,NA,NA,NA,NA,NA,NA,NA,NA,NA,NA,NA,NA,NA,NA,NA,NA,NA,NA,NA,NA,NA,NA,NA,NA,NA,NA,NA,NA,NA,NA,NA,NA,NA,NA,NA,NA,NA,NA,NA,NA,NA,NA,NA,NA,NA,NA,NA,NA,NA,NA,NA,NA,NA,NA,NA,NA,NA,NA,NA,NA,NA,NA,NA,NA,NA,NA,NA
920495.193324734,1210830.03643746,NA,NA,NA,NA,NA,NA,NA,NA,NA,NA,NA,NA,NA,NA,NA,NA,NA,NA,NA,NA,NA,NA,NA,NA,NA,NA,NA,NA,NA,NA,NA,NA,NA,NA,NA,NA,NA,NA,NA,NA,NA,NA,NA,NA,NA,NA,NA,NA,NA,NA,NA,NA,NA,NA,NA,NA,NA,NA,NA,NA,NA,NA,NA,NA,NA,NA,NA,NA,NA,NA,NA,NA,NA,NA,NA,NA
928644.418239468,1210830.03643746,NA,NA,NA,NA,NA,NA,NA,NA,NA,NA,NA,NA,NA,NA,NA,NA,NA,NA,NA,NA,NA,NA,NA,NA,NA,NA,NA,NA,NA,NA,NA,NA,NA,NA,NA,NA,NA,NA,NA,NA,NA,NA,NA,NA,NA,NA,NA,NA,NA,NA,NA,NA,NA,NA,NA,NA,NA,NA,NA,NA,NA,NA,NA,NA,NA,NA,NA,NA,NA,NA,NA,NA,NA,NA,NA,NA
936793.643154201,1210830.03643746,NA,NA,NA,NA,NA,NA,NA,NA,NA,NA,NA,NA,NA,NA,NA,NA,NA,NA,NA,NA,NA,NA,NA,NA,NA,NA,NA,NA,NA,NA,NA,NA,NA,NA,NA,NA,NA,NA,NA,NA,NA,NA,NA,NA,NA,NA,NA,NA,NA,NA,NA,NA,NA,NA,NA,NA,NA,NA,NA,NA,NA,NA,NA,NA,NA,NA,NA,NA,NA,NA,NA,NA,NA,NA,NA,NA
944942.868068935,1210830.03643746,-3.84886895868346,-1.21917014243824,0.621171819017349,-0.92241986740758,-0.957103809965628,-0.538356869277589,-0.924534164067158,-1.98560003094898,0.697902269024486,-0.0360672141198016,-1.00357309934727,0.650504967242405,2.01986269219285,-0.134050831279741,0.101478658865506,0.191004374422022,-0.474439155816363,0.761040234547013,1.34245499188621,-2.0186094833129,-0.417178119929453,0.382491739084155,-0.156687713414556,1.08491010496705,0.45124626948905,0.230486301238919,2.02833686787254,-1.01839407577338,-2.14042949550003,-1.64377773591772,-0.996632612682684,-0.634363133295332,1.15019066952136,0.0397653537674154,0.621355446854823,-0.587003301147409,0.710615665362575,0.215990722810407,0.507032873546024,1.86177341227893,0.700216579197993,-0.707248349051385,0.893884850379636,-0.492147448525219,0.867660109629017,-1.96995647267068,1.42439944533428,0.248052500202047,-1.07544895661802,-0.0333379578154144,-0.262766018640904,-0.139958308567014,-0.0166689410731309,1.20171314172777,0.30535826975472,0.281204799955184,0.353951120468182,1.22440141852014,-0.0326768155197745,0.669331386089211,0.0874385699011139,1.01075607205065,1.62490521551148,-0.646694550777899,-0.401648375391136,1.02715324498473,-1.10511479145842,0.332562764900429,0.00308420580954939,0.800107066761228,0.76550856826598,0.746181991913581,0.529061655821123,-1.87198380575072,-1.26066818897909,-0.0551193053198308
953092.092983668,1210830.03643746,-3.93958258151241,-1.17362467163644,0.678206840313896,-0.928491171163079,-0.956949671146409,-0.580750453002961,-0.829802986951026,-1.98637051361885,0.750419562493984,0.0168781963808192,-1.0509766499673,0.675571060288044,1.93983103816917,-0.294003670865745,0.197441501782682,0.18157270199979,-0.400908617220045,0.78058128544538,1.39380412274453,-1.9562760545745,-0.33553245120133,0.296613643663704,-0.257649873843688,1.10907291313657,0.437590162160419,0.194057669966633,1.99361880275985,-1.05936687406231,-2.10325512007682,-1.71104588164407,-0.986231748003338,-0.599333994544115,1.06106965891739,0.0960223642430929,0.519847856298318,-0.619433657853672,0.820531079805093,0.218018232778776,0.564532428069931,1.81860884865316,0.681060831853771,-0.75418404626118,0.930124744629633,-0.543793194856867,0.833998585481415,-1.90348560277319,1.40359679377077,0.25124450822804,-0.999926470240144,-0.152139493350068,-0.24259659608016,-0.192108205841388,-0.00286618902171734,1.18960005279576,0.313835474083735,0.331417877339586,0.381291137931313,1.20813841917649,0.0396036481043383,0.553797500582946,0.207125632709084,0.932310953967836,1.66937321431871,-0.776263950925503,-0.522974528803109,0.996335425957175,-1.06088970221207,0.410624403080195,0.0633995114227498,0.853471525993116,0.880513601946589,0.818879452108931,0.519985329227571,-1.88585935500797,-1.20861058594454,-0.156458903091961
961241.317898402,1210830.03643746,-3.99965130991695,-1.14459087108665,0.707236027230878,-0.908428639681341,-0.957588886983588,-0.592409062850947,-0.782574132410607,-2.01865367452204,0.763650521360366,0.0404070058040405,-1.07368397606442,0.675200558232118,1.89214429935438,-0.382941569662047,0.246572243766416,0.193055503595882,-0.356754408883557,0.777803004566684,1.39217651262708,-1.92680138643645,-0.297129610003627,0.239440298951739,-0.313534466684022,1.1256246321286,0.425783537118695,0.185274930699174,1.97008085711453,-1.05992288043745,-2.08325415399384,-1.71737175373822,-0.974838009124959,-0.620500025826946,1.02401637879131,0.10352089733929,0.479514344422002,-0.627454887605862,0.870676397770453,0.23927388028318,0.581052693185583,1.78902147124813,0.657332009433852,-0.76263047051181,0.954897859093979,-0.568420804846552,0.833136334625028,-1.89091281204095,1.39750382362359,0.268705248244256,-0.988952721305179,-0.182662029985609,-0.246903354802601,-0.212494652034966,-0.00778287474595386,1.19146139986629,0.32817464045286,0.352867791246042,0.372219870546284,1.1905738548768,0.0772149103067175,0.499653806403908,0.241520867847313,0.90285385615597,1.69140734777003,-0.827841513152054,-0.583030930744769,0.993338757293806,-1.06479489323549,0.428940081647128,0.0756394260947176,0.866894883634351,0.952138730617781,0.859006270816741,0.563063076334425,-1.87754887669391,-1.15063737490325,-0.19479425542486
969390.542813136,1210830.03643746,-4.04556835669315,-1.12468423614043,0.72344081365609,-0.857634676402465,-0.957557654836217,-0.575174267569866,-0.767204913802547,-2.0912703026641,0.745806977089309,0.0415146462127523,-1.07979812005212,0.653686255014503,1.87227549062868,-0.418158504708005,0.268338002410009,0.229939056158849,-0.325106738815765,0.752508392435367,1.34610098958349,-1.92199889970404,-0.289257974898353,0.199474073092403,-0.337435671912471,1.14285381183851,0.413810668004081,0.200125600763323,1.95577443873136,-1.02444371798385,-2.06971825283088,-1.66687494347856,-0.963682478338822,-0.702928183943509,1.03077002112707,0.059913971668036,0.498072358884546,-0.613373781841634,0.879102537432804,0.286063107086421,0.569235960744718,1.76748842564954,0.625614056529794,-0.733898920701314,0.977591912548057,-0.567380138087949,0.864922421537008,-1.92459369154989,1.40488941042676,0.307812703340881,-1.03380547873008,-0.134243412559214,-0.27329578072295,-0.203218368920849,-0.0289198274818619,1.21262784236369,0.358388682933232,0.358833944009808,0.328339887830575,1.17051781817657,0.0914721309772209,0.493092312222408,0.208095106410168,0.9166965787656,1.69669805241568,-0.814301528739257,-0.597915537781501,1.02348622447751,-1.11305825008739,0.403521208268033,0.049371147461082,0.851339355979104,0.979025940607467,0.850430076628621,0.63532625181846,-1.87939437505322,-1.10016370075118,-0.219879878097378
977539.767727869,1210830.03643746,-4.07807921402888,-1.10083600873247,0.738893276369709,-0.796674906156638,-0.952563934360724,-0.548586757147422,-0.751880249066087,-2.16476098294822,0.725895296895157,0.0442329627690927,-1.0765231973252,0.631567890778119,1.85799346422123,-0.439290906097688,0.287667850602331,0.274749907962109,-0.292148293886854,0.727443181761171,1.29274498803889,-1.91364488015601,-0.281739653029282,0.166648866169485,-0.35068459843089,1.16137694485618,0.406051657592967,0.223242911921488,1.94554938062336,-0.976714181008484,-2.05241673724249,-1.60111005914432,-0.945410723972197,-0.791266910482539,1.04927245721724,0.014223561797135,0.52746551839673,-0.58968468280603,0.883704667650726,0.340030743671274,0.554260120881484,1.75029104904648,0.595924938717781,-0.69486382555667,1.00238865020715,-0.5580611246324,0.905555583103654,-1.96015050993512,1.41774790364528,0.353352437373825,-1.08396402251233,-0.0679684155475121,-0.299880760094904,-0.185147515558558,-0.0496310225335463,1.23859636804306,0.392691581637536,0.363613143219954,0.281254349328193,1.15212142576079,0.105836503203982,0.4994810569101,0.165537360065903,0.940920219541524,1.70195638621912,-0.783954731641728,-0.599112605539147,1.06027369112461,-1.16487875073655,0.370731023847905,0.0204507377995541,0.832379893819724,0.962832784237707,0.793182945880579,0.664822286510833,-1.93627545135482,-1.10152986448128,-0.29318959676454
985688.992642603,1210830.03643746,-4.0874156089094,-1.07870138803308,0.75300221447861,-0.73123574526616,-0.946286980759486,-0.545167419990818,-0.729423052217386,-2.22703176982809,0.713669215694486,0.0415879772806431,-1.07564937359082,0.630551780239456,1.85073658236168,-0.461084807406778,0.287751022881418,0.298492521061907,-0.262565660483425,0.717943576803217,1.26053761847084,-1.8922610919953,-0.282114047946248,0.167039057157685,-0.350568312568432,1.17774315495192,0.408664666588124,0.23719531925785,1.92295494889899,-0.943080416724367,-2.03737206140029,-1.55142794004393,-0.909955452474419,-0.87970351076951,1.05740777982004,-0.0106685387903351,0.565259780784272,-0.592917290106931,0.886522374727286,0.387048195008862,0.54855769280901,1.730343748946,0.579886447802379,-0.675566187824228,1.01727557087346,-0.551556125040206,0.944362162636909,-1.97627259880956,1.42257521517663,0.390491419639443,-1.11208699271208,-0.0166564952157632,-0.328130725457712,-0.175939556443518,-0.0694579071593015,1.25731069422095,0.413102653657133,0.371777016786226,0.256212754336719,1.13818922097071,0.113116268391115,0.491275679287602,0.127083278205209,0.963743933476092,1.6936743414646,-0.776433109137121,-0.616723258877734,1.08283540582776,-1.19919039391708,0.34733372106081,0.00436933723017669,0.816463368290996,0.953535800294339,0.751348121870159,0.670201273999715,-1.99169585816179,-1.108467752143,-0.345640292476006
993838.217557336,1210830.03643746,-4.05216109991416,-1.06535544765818,0.761197938173131,-0.652450600531514,-0.941866191345839,-0.602946582266822,-0.690668038066932,-2.26946063589345,0.718165228355374,0.0279654586975771,-1.08654818090031,0.675631651934371,1.8563935217524,-0.492402893852119,0.236437932450828,0.274177248121232,-0.243229482926859,0.744496125983713,1.27346836301582,-1.8449497856365,-0.303468497399795,0.243166106934241,-0.327047405335127,1.1866493160673,0.43391293334155,0.227513138219471,1.87276511290098,-0.942706916688487,-2.03928617294932,-1.53936726848388,-0.832643559149143,-0.976126345255668,1.04400427545685,0.0152701748400524,0.614489991501172,-0.664312727935844,0.885569313282719,0.419391620824006,0.560417410896499,1.70481775263761,0.592577546154422,-0.707272078357299,1.00752121553903,-0.558600939033873,0.982251886182478,-1.9544526189357,1.41662187333416,0.410017480570617,-1.0940514887358,0.00166748424891515,-0.366952249009802,-0.192267865318437,-0.0939318123310405,1.26054705697225,0.398366421685756,0.380715382161111,0.276848163833767,1.13141808886019,0.102964118726266,0.446459958614829,0.0941333307731567,0.982532824413257,1.65602801607875,-0.830034283819901,-0.679955950144571,1.06940124305201,-1.2010255757029,0.335583157478813,0.014700020928222,0.804046872868541,0.993361111440126,0.781195585243569,0.659289348836903,-2.00735272057506,-1.09220351678105,-0.309897945248149
1001987.44247207,1210830.03643746,NA,NA,NA,NA,NA,NA,NA,NA,NA,NA,NA,NA,NA,NA,NA,NA,NA,NA,NA,NA,NA,NA,NA,NA,NA,NA,NA,NA,NA,NA,NA,NA,NA,NA,NA,NA,NA,NA,NA,NA,NA,NA,NA,NA,NA,NA,NA,NA,NA,NA,NA,NA,NA,NA,NA,NA,NA,NA,NA,NA,NA,NA,NA,NA,NA,NA,NA,NA,NA,NA,NA,NA,NA,NA,NA,NA
1010136.6673868,1210830.03643746,NA,NA,NA,NA,NA,NA,NA,NA,NA,NA,NA,NA,NA,NA,NA,NA,NA,NA,NA,NA,NA,NA,NA,NA,NA,NA,NA,NA,NA,NA,NA,NA,NA,NA,NA,NA,NA,NA,NA,NA,NA,NA,NA,NA,NA,NA,NA,NA,NA,NA,NA,NA,NA,NA,NA,NA,NA,NA,NA,NA,NA,NA,NA,NA,NA,NA,NA,NA,NA,NA,NA,NA,NA,NA,NA,NA
1018285.89230154,1210830.03643746,NA,NA,NA,NA,NA,NA,NA,NA,NA,NA,NA,NA,NA,NA,NA,NA,NA,NA,NA,NA,NA,NA,NA,NA,NA,NA,NA,NA,NA,NA,NA,NA,NA,NA,NA,NA,NA,NA,NA,NA,NA,NA,NA,NA,NA,NA,NA,NA,NA,NA,NA,NA,NA,NA,NA,NA,NA,NA,NA,NA,NA,NA,NA,NA,NA,NA,NA,NA,NA,NA,NA,NA,NA,NA,NA,NA
1026435.11721627,1210830.03643746,NA,NA,NA,NA,NA,NA,NA,NA,NA,NA,NA,NA,NA,NA,NA,NA,NA,NA,NA,NA,NA,NA,NA,NA,NA,NA,NA,NA,NA,NA,NA,NA,NA,NA,NA,NA,NA,NA,NA,NA,NA,NA,NA,NA,NA,NA,NA,NA,NA,NA,NA,NA,NA,NA,NA,NA,NA,NA,NA,NA,NA,NA,NA,NA,NA,NA,NA,NA,NA,NA,NA,NA,NA,NA,NA,NA
1034584.342131,1210830.03643746,NA,NA,NA,NA,NA,NA,NA,NA,NA,NA,NA,NA,NA,NA,NA,NA,NA,NA,NA,NA,NA,NA,NA,NA,NA,NA,NA,NA,NA,NA,NA,NA,NA,NA,NA,NA,NA,NA,NA,NA,NA,NA,NA,NA,NA,NA,NA,NA,NA,NA,NA,NA,NA,NA,NA,NA,NA,NA,NA,NA,NA,NA,NA,NA,NA,NA,NA,NA,NA,NA,NA,NA,NA,NA,NA,NA
1042733.56704574,1210830.03643746,NA,NA,NA,NA,NA,NA,NA,NA,NA,NA,NA,NA,NA,NA,NA,NA,NA,NA,NA,NA,NA,NA,NA,NA,NA,NA,NA,NA,NA,NA,NA,NA,NA,NA,NA,NA,NA,NA,NA,NA,NA,NA,NA,NA,NA,NA,NA,NA,NA,NA,NA,NA,NA,NA,NA,NA,NA,NA,NA,NA,NA,NA,NA,NA,NA,NA,NA,NA,NA,NA,NA,NA,NA,NA,NA,NA
1050882.79196047,1210830.03643746,NA,NA,NA,NA,NA,NA,NA,NA,NA,NA,NA,NA,NA,NA,NA,NA,NA,NA,NA,NA,NA,NA,NA,NA,NA,NA,NA,NA,NA,NA,NA,NA,NA,NA,NA,NA,NA,NA,NA,NA,NA,NA,NA,NA,NA,NA,NA,NA,NA,NA,NA,NA,NA,NA,NA,NA,NA,NA,NA,NA,NA,NA,NA,NA,NA,NA,NA,NA,NA,NA,NA,NA,NA,NA,NA,NA
1059032.01687521,1210830.03643746,NA,NA,NA,NA,NA,NA,NA,NA,NA,NA,NA,NA,NA,NA,NA,NA,NA,NA,NA,NA,NA,NA,NA,NA,NA,NA,NA,NA,NA,NA,NA,NA,NA,NA,NA,NA,NA,NA,NA,NA,NA,NA,NA,NA,NA,NA,NA,NA,NA,NA,NA,NA,NA,NA,NA,NA,NA,NA,NA,NA,NA,NA,NA,NA,NA,NA,NA,NA,NA,NA,NA,NA,NA,NA,NA,NA
1067181.24178994,1210830.03643746,NA,NA,NA,NA,NA,NA,NA,NA,NA,NA,NA,NA,NA,NA,NA,NA,NA,NA,NA,NA,NA,NA,NA,NA,NA,NA,NA,NA,NA,NA,NA,NA,NA,NA,NA,NA,NA,NA,NA,NA,NA,NA,NA,NA,NA,NA,NA,NA,NA,NA,NA,NA,NA,NA,NA,NA,NA,NA,NA,NA,NA,NA,NA,NA,NA,NA,NA,NA,NA,NA,NA,NA,NA,NA,NA,NA
1075330.46670467,1210830.03643746,NA,NA,NA,NA,NA,NA,NA,NA,NA,NA,NA,NA,NA,NA,NA,NA,NA,NA,NA,NA,NA,NA,NA,NA,NA,NA,NA,NA,NA,NA,NA,NA,NA,NA,NA,NA,NA,NA,NA,NA,NA,NA,NA,NA,NA,NA,NA,NA,NA,NA,NA,NA,NA,NA,NA,NA,NA,NA,NA,NA,NA,NA,NA,NA,NA,NA,NA,NA,NA,NA,NA,NA,NA,NA,NA,NA
1083479.69161941,1210830.03643746,NA,NA,NA,NA,NA,NA,NA,NA,NA,NA,NA,NA,NA,NA,NA,NA,NA,NA,NA,NA,NA,NA,NA,NA,NA,NA,NA,NA,NA,NA,NA,NA,NA,NA,NA,NA,NA,NA,NA,NA,NA,NA,NA,NA,NA,NA,NA,NA,NA,NA,NA,NA,NA,NA,NA,NA,NA,NA,NA,NA,NA,NA,NA,NA,NA,NA,NA,NA,NA,NA,NA,NA,NA,NA,NA,NA
1091628.91653414,1210830.03643746,NA,NA,NA,NA,NA,NA,NA,NA,NA,NA,NA,NA,NA,NA,NA,NA,NA,NA,NA,NA,NA,NA,NA,NA,NA,NA,NA,NA,NA,NA,NA,NA,NA,NA,NA,NA,NA,NA,NA,NA,NA,NA,NA,NA,NA,NA,NA,NA,NA,NA,NA,NA,NA,NA,NA,NA,NA,NA,NA,NA,NA,NA,NA,NA,NA,NA,NA,NA,NA,NA,NA,NA,NA,NA,NA,NA
1099778.14144887,1210830.03643746,NA,NA,NA,NA,NA,NA,NA,NA,NA,NA,NA,NA,NA,NA,NA,NA,NA,NA,NA,NA,NA,NA,NA,NA,NA,NA,NA,NA,NA,NA,NA,NA,NA,NA,NA,NA,NA,NA,NA,NA,NA,NA,NA,NA,NA,NA,NA,NA,NA,NA,NA,NA,NA,NA,NA,NA,NA,NA,NA,NA,NA,NA,NA,NA,NA,NA,NA,NA,NA,NA,NA,NA,NA,NA,NA,NA
1107927.36636361,1210830.03643746,NA,NA,NA,NA,NA,NA,NA,NA,NA,NA,NA,NA,NA,NA,NA,NA,NA,NA,NA,NA,NA,NA,NA,NA,NA,NA,NA,NA,NA,NA,NA,NA,NA,NA,NA,NA,NA,NA,NA,NA,NA,NA,NA,NA,NA,NA,NA,NA,NA,NA,NA,NA,NA,NA,NA,NA,NA,NA,NA,NA,NA,NA,NA,NA,NA,NA,NA,NA,NA,NA,NA,NA,NA,NA,NA,NA
1116076.59127834,1210830.03643746,NA,NA,NA,NA,NA,NA,NA,NA,NA,NA,NA,NA,NA,NA,NA,NA,NA,NA,NA,NA,NA,NA,NA,NA,NA,NA,NA,NA,NA,NA,NA,NA,NA,NA,NA,NA,NA,NA,NA,NA,NA,NA,NA,NA,NA,NA,NA,NA,NA,NA,NA,NA,NA,NA,NA,NA,NA,NA,NA,NA,NA,NA,NA,NA,NA,NA,NA,NA,NA,NA,NA,NA,NA,NA,NA,NA
1124225.81619307,1210830.03643746,NA,NA,NA,NA,NA,NA,NA,NA,NA,NA,NA,NA,NA,NA,NA,NA,NA,NA,NA,NA,NA,NA,NA,NA,NA,NA,NA,NA,NA,NA,NA,NA,NA,NA,NA,NA,NA,NA,NA,NA,NA,NA,NA,NA,NA,NA,NA,NA,NA,NA,NA,NA,NA,NA,NA,NA,NA,NA,NA,NA,NA,NA,NA,NA,NA,NA,NA,NA,NA,NA,NA,NA,NA,NA,NA,NA
1132375.04110781,1210830.03643746,NA,NA,NA,NA,NA,NA,NA,NA,NA,NA,NA,NA,NA,NA,NA,NA,NA,NA,NA,NA,NA,NA,NA,NA,NA,NA,NA,NA,NA,NA,NA,NA,NA,NA,NA,NA,NA,NA,NA,NA,NA,NA,NA,NA,NA,NA,NA,NA,NA,NA,NA,NA,NA,NA,NA,NA,NA,NA,NA,NA,NA,NA,NA,NA,NA,NA,NA,NA,NA,NA,NA,NA,NA,NA,NA,NA
1140524.26602254,1210830.03643746,NA,NA,NA,NA,NA,NA,NA,NA,NA,NA,NA,NA,NA,NA,NA,NA,NA,NA,NA,NA,NA,NA,NA,NA,NA,NA,NA,NA,NA,NA,NA,NA,NA,NA,NA,NA,NA,NA,NA,NA,NA,NA,NA,NA,NA,NA,NA,NA,NA,NA,NA,NA,NA,NA,NA,NA,NA,NA,NA,NA,NA,NA,NA,NA,NA,NA,NA,NA,NA,NA,NA,NA,NA,NA,NA,NA
1148673.49093727,1210830.03643746,NA,NA,NA,NA,NA,NA,NA,NA,NA,NA,NA,NA,NA,NA,NA,NA,NA,NA,NA,NA,NA,NA,NA,NA,NA,NA,NA,NA,NA,NA,NA,NA,NA,NA,NA,NA,NA,NA,NA,NA,NA,NA,NA,NA,NA,NA,NA,NA,NA,NA,NA,NA,NA,NA,NA,NA,NA,NA,NA,NA,NA,NA,NA,NA,NA,NA,NA,NA,NA,NA,NA,NA,NA,NA,NA,NA
1156822.71585201,1210830.03643746,NA,NA,NA,NA,NA,NA,NA,NA,NA,NA,NA,NA,NA,NA,NA,NA,NA,NA,NA,NA,NA,NA,NA,NA,NA,NA,NA,NA,NA,NA,NA,NA,NA,NA,NA,NA,NA,NA,NA,NA,NA,NA,NA,NA,NA,NA,NA,NA,NA,NA,NA,NA,NA,NA,NA,NA,NA,NA,NA,NA,NA,NA,NA,NA,NA,NA,NA,NA,NA,NA,NA,NA,NA,NA,NA,NA
1164971.94076674,1210830.03643746,NA,NA,NA,NA,NA,NA,NA,NA,NA,NA,NA,NA,NA,NA,NA,NA,NA,NA,NA,NA,NA,NA,NA,NA,NA,NA,NA,NA,NA,NA,NA,NA,NA,NA,NA,NA,NA,NA,NA,NA,NA,NA,NA,NA,NA,NA,NA,NA,NA,NA,NA,NA,NA,NA,NA,NA,NA,NA,NA,NA,NA,NA,NA,NA,NA,NA,NA,NA,NA,NA,NA,NA,NA,NA,NA,NA
1173121.16568148,1210830.03643746,NA,NA,NA,NA,NA,NA,NA,NA,NA,NA,NA,NA,NA,NA,NA,NA,NA,NA,NA,NA,NA,NA,NA,NA,NA,NA,NA,NA,NA,NA,NA,NA,NA,NA,NA,NA,NA,NA,NA,NA,NA,NA,NA,NA,NA,NA,NA,NA,NA,NA,NA,NA,NA,NA,NA,NA,NA,NA,NA,NA,NA,NA,NA,NA,NA,NA,NA,NA,NA,NA,NA,NA,NA,NA,NA,NA
1181270.39059621,1210830.03643746,NA,NA,NA,NA,NA,NA,NA,NA,NA,NA,NA,NA,NA,NA,NA,NA,NA,NA,NA,NA,NA,NA,NA,NA,NA,NA,NA,NA,NA,NA,NA,NA,NA,NA,NA,NA,NA,NA,NA,NA,NA,NA,NA,NA,NA,NA,NA,NA,NA,NA,NA,NA,NA,NA,NA,NA,NA,NA,NA,NA,NA,NA,NA,NA,NA,NA,NA,NA,NA,NA,NA,NA,NA,NA,NA,NA
1189419.61551094,1210830.03643746,NA,NA,NA,NA,NA,NA,NA,NA,NA,NA,NA,NA,NA,NA,NA,NA,NA,NA,NA,NA,NA,NA,NA,NA,NA,NA,NA,NA,NA,NA,NA,NA,NA,NA,NA,NA,NA,NA,NA,NA,NA,NA,NA,NA,NA,NA,NA,NA,NA,NA,NA,NA,NA,NA,NA,NA,NA,NA,NA,NA,NA,NA,NA,NA,NA,NA,NA,NA,NA,NA,NA,NA,NA,NA,NA,NA
1197568.84042568,1210830.03643746,NA,NA,NA,NA,NA,NA,NA,NA,NA,NA,NA,NA,NA,NA,NA,NA,NA,NA,NA,NA,NA,NA,NA,NA,NA,NA,NA,NA,NA,NA,NA,NA,NA,NA,NA,NA,NA,NA,NA,NA,NA,NA,NA,NA,NA,NA,NA,NA,NA,NA,NA,NA,NA,NA,NA,NA,NA,NA,NA,NA,NA,NA,NA,NA,NA,NA,NA,NA,NA,NA,NA,NA,NA,NA,NA,NA
1205718.06534041,1210830.03643746,NA,NA,NA,NA,NA,NA,NA,NA,NA,NA,NA,NA,NA,NA,NA,NA,NA,NA,NA,NA,NA,NA,NA,NA,NA,NA,NA,NA,NA,NA,NA,NA,NA,NA,NA,NA,NA,NA,NA,NA,NA,NA,NA,NA,NA,NA,NA,NA,NA,NA,NA,NA,NA,NA,NA,NA,NA,NA,NA,NA,NA,NA,NA,NA,NA,NA,NA,NA,NA,NA,NA,NA,NA,NA,NA,NA
1213867.29025514,1210830.03643746,NA,NA,NA,NA,NA,NA,NA,NA,NA,NA,NA,NA,NA,NA,NA,NA,NA,NA,NA,NA,NA,NA,NA,NA,NA,NA,NA,NA,NA,NA,NA,NA,NA,NA,NA,NA,NA,NA,NA,NA,NA,NA,NA,NA,NA,NA,NA,NA,NA,NA,NA,NA,NA,NA,NA,NA,NA,NA,NA,NA,NA,NA,NA,NA,NA,NA,NA,NA,NA,NA,NA,NA,NA,NA,NA,NA
1222016.51516988,1210830.03643746,NA,NA,NA,NA,NA,NA,NA,NA,NA,NA,NA,NA,NA,NA,NA,NA,NA,NA,NA,NA,NA,NA,NA,NA,NA,NA,NA,NA,NA,NA,NA,NA,NA,NA,NA,NA,NA,NA,NA,NA,NA,NA,NA,NA,NA,NA,NA,NA,NA,NA,NA,NA,NA,NA,NA,NA,NA,NA,NA,NA,NA,NA,NA,NA,NA,NA,NA,NA,NA,NA,NA,NA,NA,NA,NA,NA
879749.068751066,1202680.81152273,NA,NA,NA,NA,NA,NA,NA,NA,NA,NA,NA,NA,NA,NA,NA,NA,NA,NA,NA,NA,NA,NA,NA,NA,NA,NA,NA,NA,NA,NA,NA,NA,NA,NA,NA,NA,NA,NA,NA,NA,NA,NA,NA,NA,NA,NA,NA,NA,NA,NA,NA,NA,NA,NA,NA,NA,NA,NA,NA,NA,NA,NA,NA,NA,NA,NA,NA,NA,NA,NA,NA,NA,NA,NA,NA,NA
887898.2936658,1202680.81152273,NA,NA,NA,NA,NA,NA,NA,NA,NA,NA,NA,NA,NA,NA,NA,NA,NA,NA,NA,NA,NA,NA,NA,NA,NA,NA,NA,NA,NA,NA,NA,NA,NA,NA,NA,NA,NA,NA,NA,NA,NA,NA,NA,NA,NA,NA,NA,NA,NA,NA,NA,NA,NA,NA,NA,NA,NA,NA,NA,NA,NA,NA,NA,NA,NA,NA,NA,NA,NA,NA,NA,NA,NA,NA,NA,NA
896047.518580533,1202680.81152273,NA,NA,NA,NA,NA,NA,NA,NA,NA,NA,NA,NA,NA,NA,NA,NA,NA,NA,NA,NA,NA,NA,NA,NA,NA,NA,NA,NA,NA,NA,NA,NA,NA,NA,NA,NA,NA,NA,NA,NA,NA,NA,NA,NA,NA,NA,NA,NA,NA,NA,NA,NA,NA,NA,NA,NA,NA,NA,NA,NA,NA,NA,NA,NA,NA,NA,NA,NA,NA,NA,NA,NA,NA,NA,NA,NA
904196.743495267,1202680.81152273,NA,NA,NA,NA,NA,NA,NA,NA,NA,NA,NA,NA,NA,NA,NA,NA,NA,NA,NA,NA,NA,NA,NA,NA,NA,NA,NA,NA,NA,NA,NA,NA,NA,NA,NA,NA,NA,NA,NA,NA,NA,NA,NA,NA,NA,NA,NA,NA,NA,NA,NA,NA,NA,NA,NA,NA,NA,NA,NA,NA,NA,NA,NA,NA,NA,NA,NA,NA,NA,NA,NA,NA,NA,NA,NA,NA
912345.96841,1202680.81152273,NA,NA,NA,NA,NA,NA,NA,NA,NA,NA,NA,NA,NA,NA,NA,NA,NA,NA,NA,NA,NA,NA,NA,NA,NA,NA,NA,NA,NA,NA,NA,NA,NA,NA,NA,NA,NA,NA,NA,NA,NA,NA,NA,NA,NA,NA,NA,NA,NA,NA,NA,NA,NA,NA,NA,NA,NA,NA,NA,NA,NA,NA,NA,NA,NA,NA,NA,NA,NA,NA,NA,NA,NA,NA,NA,NA
920495.193324734,1202680.81152273,NA,NA,NA,NA,NA,NA,NA,NA,NA,NA,NA,NA,NA,NA,NA,NA,NA,NA,NA,NA,NA,NA,NA,NA,NA,NA,NA,NA,NA,NA,NA,NA,NA,NA,NA,NA,NA,NA,NA,NA,NA,NA,NA,NA,NA,NA,NA,NA,NA,NA,NA,NA,NA,NA,NA,NA,NA,NA,NA,NA,NA,NA,NA,NA,NA,NA,NA,NA,NA,NA,NA,NA,NA,NA,NA,NA
928644.418239468,1202680.81152273,NA,NA,NA,NA,NA,NA,NA,NA,NA,NA,NA,NA,NA,NA,NA,NA,NA,NA,NA,NA,NA,NA,NA,NA,NA,NA,NA,NA,NA,NA,NA,NA,NA,NA,NA,NA,NA,NA,NA,NA,NA,NA,NA,NA,NA,NA,NA,NA,NA,NA,NA,NA,NA,NA,NA,NA,NA,NA,NA,NA,NA,NA,NA,NA,NA,NA,NA,NA,NA,NA,NA,NA,NA,NA,NA,NA
936793.643154201,1202680.81152273,NA,NA,NA,NA,NA,NA,NA,NA,NA,NA,NA,NA,NA,NA,NA,NA,NA,NA,NA,NA,NA,NA,NA,NA,NA,NA,NA,NA,NA,NA,NA,NA,NA,NA,NA,NA,NA,NA,NA,NA,NA,NA,NA,NA,NA,NA,NA,NA,NA,NA,NA,NA,NA,NA,NA,NA,NA,NA,NA,NA,NA,NA,NA,NA,NA,NA,NA,NA,NA,NA,NA,NA,NA,NA,NA,NA
944942.868068935,1202680.81152273,-3.8254914572602,-1.25131575291559,0.632032491128705,-0.917574503619763,-0.99647297167264,-0.518256185985006,-0.918602557678059,-1.90197182862464,0.682437903806062,-0.02648988035115,-1.01710895539226,0.597196779877823,2.06414503756182,-0.164266361541771,0.101797922308432,0.232043986460865,-0.458067708855956,0.718742653248566,1.35975571032099,-2.01705340215384,-0.407531750786562,0.384547242119606,-0.154658242957508,1.05912991857626,0.483494197558007,0.221897810022416,2.01795879033117,-0.99504510150388,-2.12462792447473,-1.63332354554432,-1.03606097830239,-0.666426481562087,1.22992113554184,-0.0626971402891619,0.631420383380507,-0.63256504789539,0.701488732175217,0.200609170297031,0.536018356980971,1.82672802580233,0.706130315117669,-0.663803428923031,0.84737238559954,-0.521181465829913,0.896206279058866,-1.94302481966519,1.42371418467573,0.282013870401265,-1.04477752503374,-0.0234201154993992,-0.231368683523098,-0.168687641584111,-0.0026876599588838,1.17437472141713,0.304557132427043,0.240056815212468,0.325810735151018,1.21061082366118,-0.043564474352262,0.713330185698362,0.0740008073551578,1.06981683839461,1.60348256104359,-0.6585719478957,-0.384551715477814,1.01799070923047,-1.08997256197412,0.321755775855088,-0.0307762238572885,0.825587954959279,0.762987259787929,0.726957858956962,0.551295254152922,-1.8401519063789,-1.28722146298978,-0.00417369971180144
953092.092983668,1202680.81152273,-3.90150852979852,-1.20927849015184,0.697078283612489,-0.907812786480327,-1.00267838295977,-0.56190807528639,-0.816728257638196,-1.89400358084794,0.745395721631977,0.0374499806592996,-1.07008556463201,0.626997684273652,1.98602416074169,-0.334459125340298,0.199033753885629,0.238764239374549,-0.370971781420143,0.738380333145591,1.41469143392525,-1.9467955479013,-0.318532353626507,0.295929902353945,-0.265406255194161,1.07392207186949,0.471175781460736,0.173042497536835,1.99352391995744,-1.03274745058402,-2.08670885474095,-1.69276424060377,-1.02686321385582,-0.625078747759515,1.15263629715858,-0.0121150853690427,0.520666932193633,-0.655507765578938,0.822762873540096,0.204702172098703,0.599509486128554,1.78215784528505,0.685156128827875,-0.711775872403319,0.887551938379406,-0.566722953178144,0.863762020663409,-1.87405724735343,1.40212293021867,0.29505017464482,-0.968368107446661,-0.145282686973122,-0.212276646441318,-0.220350587553492,0.00843222385801859,1.16632968794633,0.320426169739921,0.291702034066561,0.347401156052587,1.18374753419222,0.0273948718374716,0.589098316463856,0.196317021099028,0.989745639267318,1.64301591357437,-0.800218371053219,-0.519051489728634,0.990605965823434,-1.04964347108859,0.39805699306919,0.0475220403085571,0.883879211243142,0.874818903200545,0.784234687986317,0.527506212659981,-1.87802303747057,-1.24582840020105,-0.142071617242578
961241.317898402,1202680.81152273,-3.94785042431223,-1.18042700722979,0.730855426592334,-0.874584566842086,-1.00819313619376,-0.574182744330388,-0.759878477101492,-1.91368118252224,0.767523685542444,0.0737955066909658,-1.0948990634192,0.629368027467389,1.93627144636811,-0.434936433619274,0.250059816007377,0.263348313117381,-0.315705657280538,0.73810517764892,1.41418900761878,-1.90609112644203,-0.270759705851821,0.235537300387499,-0.329101595739066,1.08225949437664,0.462705594910643,0.156719859296566,1.97765181113474,-1.02740324885684,-2.06693018779462,-1.69196650512365,-1.0111114509232,-0.638252081136172,1.1263699549395,-0.00264148268143466,0.466817144581393,-0.655253899689696,0.884625837130491,0.228054293322569,0.619660459679773,1.75196623117082,0.66089584335542,-0.721074300958668,0.915102853288138,-0.589997884780012,0.865522169484879,-1.85582689030971,1.39761678972924,0.320224149939211,-0.953874001918969,-0.177500145136726,-0.215690142959146,-0.242310845032917,0.00156323767694608,1.16915440198131,0.337181324228946,0.311100538494906,0.333752563693968,1.15750851342144,0.0676061312753073,0.529629138309471,0.233847825152574,0.959097171365988,1.66512314266293,-0.861485921676259,-0.588543503389707,0.986547352354519,-1.05524071782234,0.411476928633143,0.0732036810801607,0.900430397843358,0.942390900543253,0.807961770696122,0.551460005021952,-1.89888502894308,-1.20489136729681,-0.221103078845261
969390.542813136,1202680.81152273,-3.98176908184336,-1.15856499743347,0.739904124852899,-0.813856818751027,-1.01491189859262,-0.5566401910351,-0.734510706868859,-1.96854184793208,0.753991915073254,0.0921103160423744,-1.09497482683703,0.605118056090327,1.91015675328872,-0.47903566373419,0.266708143457691,0.31053472910615,-0.282171359641521,0.721501463384373,1.35831905967013,-1.88629149343588,-0.252749024522942,0.19454463519995,-0.353507202384113,1.08900578020843,0.459652887766746,0.175431880655629,1.97186380038613,-0.976869168463094,-2.06540930694269,-1.6329241273122,-0.983163258654104,-0.709623850675991,1.15228812101171,-0.0259834357986166,0.462259408950496,-0.63260139550747,0.90298078416163,0.276795194429258,0.599826043365905,1.73695812975458,0.63137301970085,-0.693251281236684,0.937020143940446,-0.598803292557329,0.906838881012375,-1.88552034648055,1.41564342476236,0.362723622953031,-0.999010783751557,-0.11989749874464,-0.241817289067298,-0.23907513548832,-0.0246309296904436,1.1852554728056,0.356120916193344,0.30049890811986,0.283016131334797,1.13154928233384,0.0883333507106299,0.533165800936444,0.195350253402055,0.978642228232233,1.68164270208237,-0.847625968761509,-0.599153096113991,1.00583577410974,-1.10967671908247,0.362430331306037,0.0493961127221592,0.878850454578497,0.967188314007727,0.787903437480193,0.609762120071527,-1.93482105034171,-1.18298016581021,-0.270704041775897
977539.767727869,1202680.81152273,-4.00597039342683,-1.13441064774539,0.747274105164484,-0.746598979051807,-1.01812389070338,-0.532568949818767,-0.711269552374297,-2.02661672336611,0.735963166698322,0.108034296131584,-1.08891123247176,0.578403899170295,1.88735256656062,-0.51277946197306,0.280144026146939,0.361212270852322,-0.249029935195626,0.702167225857633,1.2945846855147,-1.86537553444656,-0.237802806691921,0.158473677670378,-0.369691839189601,1.09661847053535,0.458362165207805,0.199761081567837,1.9652776660689,-0.918830901701735,-2.06009469981036,-1.56277738295027,-0.951521129511914,-0.790715312559917,1.1843788744315,-0.055377546998368,0.468911848385446,-0.605466656954365,0.914947864284221,0.330500849652384,0.576364312399896,1.72221090720158,0.601531086643052,-0.657493775578766,0.958670994048677,-0.6017502114866,0.953659969006076,-1.91805200694197,1.43518680643307,0.409090594812723,-1.04966588888192,-0.0489064711324384,-0.270047540139337,-0.229497470285004,-0.0519524711226911,1.203786251139,0.377916153336661,0.288539538810766,0.228069950902208,1.10569790627158,0.106951034527832,0.54531289759363,0.14689818322368,1.00549610817099,1.69466468739175,-0.820889063797293,-0.600022296309182,1.02993933424494,-1.16828745715692,0.306707678696505,0.0203226202741044,0.852795626274522,0.971353977204539,0.745104138871599,0.654600729257309,-1.99001202044169,-1.17947474896398,-0.335239265724264
985688.992642603,1202680.81152273,-4.01497729053179,-1.11140032229182,0.755298667757562,-0.678870060768678,-1.02095036089054,-0.534321429651715,-0.685693940909976,-2.08336396335413,0.724176096442743,0.108658863196021,-1.08692275721432,0.579443879698211,1.87681769597295,-0.544824905811047,0.27625034712539,0.382846591324841,-0.220435916743706,0.700674714314374,1.2580700206633,-1.83345040729776,-0.236251087568188,0.157792049294851,-0.365019993352648,1.10745941204084,0.466171890177302,0.215269400581226,1.94213359916598,-0.881049821979365,-2.05399230750488,-1.51467242901544,-0.906528915783126,-0.874925793874373,1.19763526436524,-0.0644381863864237,0.498462063126278,-0.61194500645713,0.922529744787951,0.377077341657478,0.563316165458302,1.7041264095124,0.588253179956849,-0.645179035552552,0.972390151355073,-0.60575529999058,0.996382333341039,-1.93132960516258,1.43429127623648,0.442202244120433,-1.0797393968496,0.00527323235876011,-0.301200804886815,-0.228264378876917,-0.0778896689110003,1.21352752861752,0.384744542715565,0.289042703503684,0.203659054448547,1.08876816858179,0.11489565523067,0.538429699561613,0.0998462310668215,1.03135697354304,1.6907384599793,-0.81652909545507,-0.62166499522577,1.04326345353354,-1.20684251140347,0.270771938907902,0.00434875251851615,0.829334304034215,0.983882405398054,0.723647546754059,0.675548699110806,-2.03541929626127,-1.17487121849198,-0.368743165958087
993838.217557336,1202680.81152273,-3.99814596959676,-1.09112360716354,0.764625186997074,-0.605539768740404,-1.02337884843031,-0.583955311270469,-0.654190448901904,-2.14019836921593,0.723401651821059,0.083890492660223,-1.09400465608366,0.628304459614079,1.88692609274448,-0.576517408404721,0.239239640967261,0.355736596534434,-0.198957923954191,0.73010986933122,1.26884425403327,-1.78238335709993,-0.258629483723256,0.220500175524685,-0.326708384016316,1.12348457049879,0.489991122923244,0.214783280676154,1.88973023505778,-0.876675706198763,-2.04923308650336,-1.50192452699424,-0.835543668684484,-0.96999421161727,1.17993893540146,-0.0379669085797516,0.565698227895832,-0.680206732757942,0.922866854221365,0.413591646179032,0.568563383163766,1.67976405250571,0.603195940137944,-0.674576678201661,0.971779416816517,-0.613083860120792,1.03494700961008,-1.91186394734868,1.4022279351277,0.455328950722732,-1.07361673831224,0.0329941864329652,-0.339817266466933,-0.24274991947022,-0.103308783310732,1.20983729243834,0.365838156621154,0.309282870852854,0.231119691730335,1.08625072242068,0.104510933897802,0.497022952259347,0.0542977142286805,1.05615390917721,1.65717362540157,-0.854530417669278,-0.683126746195166,1.03744554682566,-1.21161301636209,0.266868837434943,0.0107574214244292,0.810154934080351,1.01658886090684,0.744781003302661,0.661700025775834,-2.05961780824305,-1.16327752948877,-0.342060182744644
1001987.44247207,1202680.81152273,NA,NA,NA,NA,NA,NA,NA,NA,NA,NA,NA,NA,NA,NA,NA,NA,NA,NA,NA,NA,NA,NA,NA,NA,NA,NA,NA,NA,NA,NA,NA,NA,NA,NA,NA,NA,NA,NA,NA,NA,NA,NA,NA,NA,NA,NA,NA,NA,NA,NA,NA,NA,NA,NA,NA,NA,NA,NA,NA,NA,NA,NA,NA,NA,NA,NA,NA,NA,NA,NA,NA,NA,NA,NA,NA,NA
1010136.6673868,1202680.81152273,NA,NA,NA,NA,NA,NA,NA,NA,NA,NA,NA,NA,NA,NA,NA,NA,NA,NA,NA,NA,NA,NA,NA,NA,NA,NA,NA,NA,NA,NA,NA,NA,NA,NA,NA,NA,NA,NA,NA,NA,NA,NA,NA,NA,NA,NA,NA,NA,NA,NA,NA,NA,NA,NA,NA,NA,NA,NA,NA,NA,NA,NA,NA,NA,NA,NA,NA,NA,NA,NA,NA,NA,NA,NA,NA,NA
1018285.89230154,1202680.81152273,NA,NA,NA,NA,NA,NA,NA,NA,NA,NA,NA,NA,NA,NA,NA,NA,NA,NA,NA,NA,NA,NA,NA,NA,NA,NA,NA,NA,NA,NA,NA,NA,NA,NA,NA,NA,NA,NA,NA,NA,NA,NA,NA,NA,NA,NA,NA,NA,NA,NA,NA,NA,NA,NA,NA,NA,NA,NA,NA,NA,NA,NA,NA,NA,NA,NA,NA,NA,NA,NA,NA,NA,NA,NA,NA,NA
1026435.11721627,1202680.81152273,NA,NA,NA,NA,NA,NA,NA,NA,NA,NA,NA,NA,NA,NA,NA,NA,NA,NA,NA,NA,NA,NA,NA,NA,NA,NA,NA,NA,NA,NA,NA,NA,NA,NA,NA,NA,NA,NA,NA,NA,NA,NA,NA,NA,NA,NA,NA,NA,NA,NA,NA,NA,NA,NA,NA,NA,NA,NA,NA,NA,NA,NA,NA,NA,NA,NA,NA,NA,NA,NA,NA,NA,NA,NA,NA,NA
1034584.342131,1202680.81152273,NA,NA,NA,NA,NA,NA,NA,NA,NA,NA,NA,NA,NA,NA,NA,NA,NA,NA,NA,NA,NA,NA,NA,NA,NA,NA,NA,NA,NA,NA,NA,NA,NA,NA,NA,NA,NA,NA,NA,NA,NA,NA,NA,NA,NA,NA,NA,NA,NA,NA,NA,NA,NA,NA,NA,NA,NA,NA,NA,NA,NA,NA,NA,NA,NA,NA,NA,NA,NA,NA,NA,NA,NA,NA,NA,NA
1042733.56704574,1202680.81152273,NA,NA,NA,NA,NA,NA,NA,NA,NA,NA,NA,NA,NA,NA,NA,NA,NA,NA,NA,NA,NA,NA,NA,NA,NA,NA,NA,NA,NA,NA,NA,NA,NA,NA,NA,NA,NA,NA,NA,NA,NA,NA,NA,NA,NA,NA,NA,NA,NA,NA,NA,NA,NA,NA,NA,NA,NA,NA,NA,NA,NA,NA,NA,NA,NA,NA,NA,NA,NA,NA,NA,NA,NA,NA,NA,NA
1050882.79196047,1202680.81152273,NA,NA,NA,NA,NA,NA,NA,NA,NA,NA,NA,NA,NA,NA,NA,NA,NA,NA,NA,NA,NA,NA,NA,NA,NA,NA,NA,NA,NA,NA,NA,NA,NA,NA,NA,NA,NA,NA,NA,NA,NA,NA,NA,NA,NA,NA,NA,NA,NA,NA,NA,NA,NA,NA,NA,NA,NA,NA,NA,NA,NA,NA,NA,NA,NA,NA,NA,NA,NA,NA,NA,NA,NA,NA,NA,NA
1059032.01687521,1202680.81152273,NA,NA,NA,NA,NA,NA,NA,NA,NA,NA,NA,NA,NA,NA,NA,NA,NA,NA,NA,NA,NA,NA,NA,NA,NA,NA,NA,NA,NA,NA,NA,NA,NA,NA,NA,NA,NA,NA,NA,NA,NA,NA,NA,NA,NA,NA,NA,NA,NA,NA,NA,NA,NA,NA,NA,NA,NA,NA,NA,NA,NA,NA,NA,NA,NA,NA,NA,NA,NA,NA,NA,NA,NA,NA,NA,NA
1067181.24178994,1202680.81152273,NA,NA,NA,NA,NA,NA,NA,NA,NA,NA,NA,NA,NA,NA,NA,NA,NA,NA,NA,NA,NA,NA,NA,NA,NA,NA,NA,NA,NA,NA,NA,NA,NA,NA,NA,NA,NA,NA,NA,NA,NA,NA,NA,NA,NA,NA,NA,NA,NA,NA,NA,NA,NA,NA,NA,NA,NA,NA,NA,NA,NA,NA,NA,NA,NA,NA,NA,NA,NA,NA,NA,NA,NA,NA,NA,NA
1075330.46670467,1202680.81152273,NA,NA,NA,NA,NA,NA,NA,NA,NA,NA,NA,NA,NA,NA,NA,NA,NA,NA,NA,NA,NA,NA,NA,NA,NA,NA,NA,NA,NA,NA,NA,NA,NA,NA,NA,NA,NA,NA,NA,NA,NA,NA,NA,NA,NA,NA,NA,NA,NA,NA,NA,NA,NA,NA,NA,NA,NA,NA,NA,NA,NA,NA,NA,NA,NA,NA,NA,NA,NA,NA,NA,NA,NA,NA,NA,NA
1083479.69161941,1202680.81152273,NA,NA,NA,NA,NA,NA,NA,NA,NA,NA,NA,NA,NA,NA,NA,NA,NA,NA,NA,NA,NA,NA,NA,NA,NA,NA,NA,NA,NA,NA,NA,NA,NA,NA,NA,NA,NA,NA,NA,NA,NA,NA,NA,NA,NA,NA,NA,NA,NA,NA,NA,NA,NA,NA,NA,NA,NA,NA,NA,NA,NA,NA,NA,NA,NA,NA,NA,NA,NA,NA,NA,NA,NA,NA,NA,NA
1091628.91653414,1202680.81152273,NA,NA,NA,NA,NA,NA,NA,NA,NA,NA,NA,NA,NA,NA,NA,NA,NA,NA,NA,NA,NA,NA,NA,NA,NA,NA,NA,NA,NA,NA,NA,NA,NA,NA,NA,NA,NA,NA,NA,NA,NA,NA,NA,NA,NA,NA,NA,NA,NA,NA,NA,NA,NA,NA,NA,NA,NA,NA,NA,NA,NA,NA,NA,NA,NA,NA,NA,NA,NA,NA,NA,NA,NA,NA,NA,NA
1099778.14144887,1202680.81152273,NA,NA,NA,NA,NA,NA,NA,NA,NA,NA,NA,NA,NA,NA,NA,NA,NA,NA,NA,NA,NA,NA,NA,NA,NA,NA,NA,NA,NA,NA,NA,NA,NA,NA,NA,NA,NA,NA,NA,NA,NA,NA,NA,NA,NA,NA,NA,NA,NA,NA,NA,NA,NA,NA,NA,NA,NA,NA,NA,NA,NA,NA,NA,NA,NA,NA,NA,NA,NA,NA,NA,NA,NA,NA,NA,NA
1107927.36636361,1202680.81152273,NA,NA,NA,NA,NA,NA,NA,NA,NA,NA,NA,NA,NA,NA,NA,NA,NA,NA,NA,NA,NA,NA,NA,NA,NA,NA,NA,NA,NA,NA,NA,NA,NA,NA,NA,NA,NA,NA,NA,NA,NA,NA,NA,NA,NA,NA,NA,NA,NA,NA,NA,NA,NA,NA,NA,NA,NA,NA,NA,NA,NA,NA,NA,NA,NA,NA,NA,NA,NA,NA,NA,NA,NA,NA,NA,NA
1116076.59127834,1202680.81152273,NA,NA,NA,NA,NA,NA,NA,NA,NA,NA,NA,NA,NA,NA,NA,NA,NA,NA,NA,NA,NA,NA,NA,NA,NA,NA,NA,NA,NA,NA,NA,NA,NA,NA,NA,NA,NA,NA,NA,NA,NA,NA,NA,NA,NA,NA,NA,NA,NA,NA,NA,NA,NA,NA,NA,NA,NA,NA,NA,NA,NA,NA,NA,NA,NA,NA,NA,NA,NA,NA,NA,NA,NA,NA,NA,NA
1124225.81619307,1202680.81152273,NA,NA,NA,NA,NA,NA,NA,NA,NA,NA,NA,NA,NA,NA,NA,NA,NA,NA,NA,NA,NA,NA,NA,NA,NA,NA,NA,NA,NA,NA,NA,NA,NA,NA,NA,NA,NA,NA,NA,NA,NA,NA,NA,NA,NA,NA,NA,NA,NA,NA,NA,NA,NA,NA,NA,NA,NA,NA,NA,NA,NA,NA,NA,NA,NA,NA,NA,NA,NA,NA,NA,NA,NA,NA,NA,NA
1132375.04110781,1202680.81152273,NA,NA,NA,NA,NA,NA,NA,NA,NA,NA,NA,NA,NA,NA,NA,NA,NA,NA,NA,NA,NA,NA,NA,NA,NA,NA,NA,NA,NA,NA,NA,NA,NA,NA,NA,NA,NA,NA,NA,NA,NA,NA,NA,NA,NA,NA,NA,NA,NA,NA,NA,NA,NA,NA,NA,NA,NA,NA,NA,NA,NA,NA,NA,NA,NA,NA,NA,NA,NA,NA,NA,NA,NA,NA,NA,NA
1140524.26602254,1202680.81152273,NA,NA,NA,NA,NA,NA,NA,NA,NA,NA,NA,NA,NA,NA,NA,NA,NA,NA,NA,NA,NA,NA,NA,NA,NA,NA,NA,NA,NA,NA,NA,NA,NA,NA,NA,NA,NA,NA,NA,NA,NA,NA,NA,NA,NA,NA,NA,NA,NA,NA,NA,NA,NA,NA,NA,NA,NA,NA,NA,NA,NA,NA,NA,NA,NA,NA,NA,NA,NA,NA,NA,NA,NA,NA,NA,NA
1148673.49093727,1202680.81152273,NA,NA,NA,NA,NA,NA,NA,NA,NA,NA,NA,NA,NA,NA,NA,NA,NA,NA,NA,NA,NA,NA,NA,NA,NA,NA,NA,NA,NA,NA,NA,NA,NA,NA,NA,NA,NA,NA,NA,NA,NA,NA,NA,NA,NA,NA,NA,NA,NA,NA,NA,NA,NA,NA,NA,NA,NA,NA,NA,NA,NA,NA,NA,NA,NA,NA,NA,NA,NA,NA,NA,NA,NA,NA,NA,NA
1156822.71585201,1202680.81152273,NA,NA,NA,NA,NA,NA,NA,NA,NA,NA,NA,NA,NA,NA,NA,NA,NA,NA,NA,NA,NA,NA,NA,NA,NA,NA,NA,NA,NA,NA,NA,NA,NA,NA,NA,NA,NA,NA,NA,NA,NA,NA,NA,NA,NA,NA,NA,NA,NA,NA,NA,NA,NA,NA,NA,NA,NA,NA,NA,NA,NA,NA,NA,NA,NA,NA,NA,NA,NA,NA,NA,NA,NA,NA,NA,NA
1164971.94076674,1202680.81152273,NA,NA,NA,NA,NA,NA,NA,NA,NA,NA,NA,NA,NA,NA,NA,NA,NA,NA,NA,NA,NA,NA,NA,NA,NA,NA,NA,NA,NA,NA,NA,NA,NA,NA,NA,NA,NA,NA,NA,NA,NA,NA,NA,NA,NA,NA,NA,NA,NA,NA,NA,NA,NA,NA,NA,NA,NA,NA,NA,NA,NA,NA,NA,NA,NA,NA,NA,NA,NA,NA,NA,NA,NA,NA,NA,NA
1173121.16568148,1202680.81152273,NA,NA,NA,NA,NA,NA,NA,NA,NA,NA,NA,NA,NA,NA,NA,NA,NA,NA,NA,NA,NA,NA,NA,NA,NA,NA,NA,NA,NA,NA,NA,NA,NA,NA,NA,NA,NA,NA,NA,NA,NA,NA,NA,NA,NA,NA,NA,NA,NA,NA,NA,NA,NA,NA,NA,NA,NA,NA,NA,NA,NA,NA,NA,NA,NA,NA,NA,NA,NA,NA,NA,NA,NA,NA,NA,NA
1181270.39059621,1202680.81152273,NA,NA,NA,NA,NA,NA,NA,NA,NA,NA,NA,NA,NA,NA,NA,NA,NA,NA,NA,NA,NA,NA,NA,NA,NA,NA,NA,NA,NA,NA,NA,NA,NA,NA,NA,NA,NA,NA,NA,NA,NA,NA,NA,NA,NA,NA,NA,NA,NA,NA,NA,NA,NA,NA,NA,NA,NA,NA,NA,NA,NA,NA,NA,NA,NA,NA,NA,NA,NA,NA,NA,NA,NA,NA,NA,NA
1189419.61551094,1202680.81152273,NA,NA,NA,NA,NA,NA,NA,NA,NA,NA,NA,NA,NA,NA,NA,NA,NA,NA,NA,NA,NA,NA,NA,NA,NA,NA,NA,NA,NA,NA,NA,NA,NA,NA,NA,NA,NA,NA,NA,NA,NA,NA,NA,NA,NA,NA,NA,NA,NA,NA,NA,NA,NA,NA,NA,NA,NA,NA,NA,NA,NA,NA,NA,NA,NA,NA,NA,NA,NA,NA,NA,NA,NA,NA,NA,NA
1197568.84042568,1202680.81152273,NA,NA,NA,NA,NA,NA,NA,NA,NA,NA,NA,NA,NA,NA,NA,NA,NA,NA,NA,NA,NA,NA,NA,NA,NA,NA,NA,NA,NA,NA,NA,NA,NA,NA,NA,NA,NA,NA,NA,NA,NA,NA,NA,NA,NA,NA,NA,NA,NA,NA,NA,NA,NA,NA,NA,NA,NA,NA,NA,NA,NA,NA,NA,NA,NA,NA,NA,NA,NA,NA,NA,NA,NA,NA,NA,NA
1205718.06534041,1202680.81152273,NA,NA,NA,NA,NA,NA,NA,NA,NA,NA,NA,NA,NA,NA,NA,NA,NA,NA,NA,NA,NA,NA,NA,NA,NA,NA,NA,NA,NA,NA,NA,NA,NA,NA,NA,NA,NA,NA,NA,NA,NA,NA,NA,NA,NA,NA,NA,NA,NA,NA,NA,NA,NA,NA,NA,NA,NA,NA,NA,NA,NA,NA,NA,NA,NA,NA,NA,NA,NA,NA,NA,NA,NA,NA,NA,NA
1213867.29025514,1202680.81152273,NA,NA,NA,NA,NA,NA,NA,NA,NA,NA,NA,NA,NA,NA,NA,NA,NA,NA,NA,NA,NA,NA,NA,NA,NA,NA,NA,NA,NA,NA,NA,NA,NA,NA,NA,NA,NA,NA,NA,NA,NA,NA,NA,NA,NA,NA,NA,NA,NA,NA,NA,NA,NA,NA,NA,NA,NA,NA,NA,NA,NA,NA,NA,NA,NA,NA,NA,NA,NA,NA,NA,NA,NA,NA,NA,NA
1222016.51516988,1202680.81152273,NA,NA,NA,NA,NA,NA,NA,NA,NA,NA,NA,NA,NA,NA,NA,NA,NA,NA,NA,NA,NA,NA,NA,NA,NA,NA,NA,NA,NA,NA,NA,NA,NA,NA,NA,NA,NA,NA,NA,NA,NA,NA,NA,NA,NA,NA,NA,NA,NA,NA,NA,NA,NA,NA,NA,NA,NA,NA,NA,NA,NA,NA,NA,NA,NA,NA,NA,NA,NA,NA,NA,NA,NA,NA,NA,NA
879749.068751066,1194531.58660799,NA,NA,NA,NA,NA,NA,NA,NA,NA,NA,NA,NA,NA,NA,NA,NA,NA,NA,NA,NA,NA,NA,NA,NA,NA,NA,NA,NA,NA,NA,NA,NA,NA,NA,NA,NA,NA,NA,NA,NA,NA,NA,NA,NA,NA,NA,NA,NA,NA,NA,NA,NA,NA,NA,NA,NA,NA,NA,NA,NA,NA,NA,NA,NA,NA,NA,NA,NA,NA,NA,NA,NA,NA,NA,NA,NA
887898.2936658,1194531.58660799,NA,NA,NA,NA,NA,NA,NA,NA,NA,NA,NA,NA,NA,NA,NA,NA,NA,NA,NA,NA,NA,NA,NA,NA,NA,NA,NA,NA,NA,NA,NA,NA,NA,NA,NA,NA,NA,NA,NA,NA,NA,NA,NA,NA,NA,NA,NA,NA,NA,NA,NA,NA,NA,NA,NA,NA,NA,NA,NA,NA,NA,NA,NA,NA,NA,NA,NA,NA,NA,NA,NA,NA,NA,NA,NA,NA
896047.518580533,1194531.58660799,NA,NA,NA,NA,NA,NA,NA,NA,NA,NA,NA,NA,NA,NA,NA,NA,NA,NA,NA,NA,NA,NA,NA,NA,NA,NA,NA,NA,NA,NA,NA,NA,NA,NA,NA,NA,NA,NA,NA,NA,NA,NA,NA,NA,NA,NA,NA,NA,NA,NA,NA,NA,NA,NA,NA,NA,NA,NA,NA,NA,NA,NA,NA,NA,NA,NA,NA,NA,NA,NA,NA,NA,NA,NA,NA,NA
904196.743495267,1194531.58660799,NA,NA,NA,NA,NA,NA,NA,NA,NA,NA,NA,NA,NA,NA,NA,NA,NA,NA,NA,NA,NA,NA,NA,NA,NA,NA,NA,NA,NA,NA,NA,NA,NA,NA,NA,NA,NA,NA,NA,NA,NA,NA,NA,NA,NA,NA,NA,NA,NA,NA,NA,NA,NA,NA,NA,NA,NA,NA,NA,NA,NA,NA,NA,NA,NA,NA,NA,NA,NA,NA,NA,NA,NA,NA,NA,NA
912345.96841,1194531.58660799,NA,NA,NA,NA,NA,NA,NA,NA,NA,NA,NA,NA,NA,NA,NA,NA,NA,NA,NA,NA,NA,NA,NA,NA,NA,NA,NA,NA,NA,NA,NA,NA,NA,NA,NA,NA,NA,NA,NA,NA,NA,NA,NA,NA,NA,NA,NA,NA,NA,NA,NA,NA,NA,NA,NA,NA,NA,NA,NA,NA,NA,NA,NA,NA,NA,NA,NA,NA,NA,NA,NA,NA,NA,NA,NA,NA
920495.193324734,1194531.58660799,NA,NA,NA,NA,NA,NA,NA,NA,NA,NA,NA,NA,NA,NA,NA,NA,NA,NA,NA,NA,NA,NA,NA,NA,NA,NA,NA,NA,NA,NA,NA,NA,NA,NA,NA,NA,NA,NA,NA,NA,NA,NA,NA,NA,NA,NA,NA,NA,NA,NA,NA,NA,NA,NA,NA,NA,NA,NA,NA,NA,NA,NA,NA,NA,NA,NA,NA,NA,NA,NA,NA,NA,NA,NA,NA,NA
928644.418239468,1194531.58660799,NA,NA,NA,NA,NA,NA,NA,NA,NA,NA,NA,NA,NA,NA,NA,NA,NA,NA,NA,NA,NA,NA,NA,NA,NA,NA,NA,NA,NA,NA,NA,NA,NA,NA,NA,NA,NA,NA,NA,NA,NA,NA,NA,NA,NA,NA,NA,NA,NA,NA,NA,NA,NA,NA,NA,NA,NA,NA,NA,NA,NA,NA,NA,NA,NA,NA,NA,NA,NA,NA,NA,NA,NA,NA,NA,NA
936793.643154201,1194531.58660799,NA,NA,NA,NA,NA,NA,NA,NA,NA,NA,NA,NA,NA,NA,NA,NA,NA,NA,NA,NA,NA,NA,NA,NA,NA,NA,NA,NA,NA,NA,NA,NA,NA,NA,NA,NA,NA,NA,NA,NA,NA,NA,NA,NA,NA,NA,NA,NA,NA,NA,NA,NA,NA,NA,NA,NA,NA,NA,NA,NA,NA,NA,NA,NA,NA,NA,NA,NA,NA,NA,NA,NA,NA,NA,NA,NA
944942.868068935,1194531.58660799,NA,NA,NA,NA,NA,NA,NA,NA,NA,NA,NA,NA,NA,NA,NA,NA,NA,NA,NA,NA,NA,NA,NA,NA,NA,NA,NA,NA,NA,NA,NA,NA,NA,NA,NA,NA,NA,NA,NA,NA,NA,NA,NA,NA,NA,NA,NA,NA,NA,NA,NA,NA,NA,NA,NA,NA,NA,NA,NA,NA,NA,NA,NA,NA,NA,NA,NA,NA,NA,NA,NA,NA,NA,NA,NA,NA
953092.092983668,1194531.58660799,-3.86615064699798,-1.23196876352567,0.713971201909366,-0.857772071840041,-1.05401881899233,-0.56254187341972,-0.794330427139621,-1.8226434007678,0.74005072382129,0.0693338389003326,-1.09207657193905,0.57849695941869,2.01225761459061,-0.389138065015453,0.184031857844738,0.271412248012183,-0.319486644094404,0.733050896378921,1.43663516882902,-1.91678269171016,-0.319844732054416,0.32044664256069,-0.229819453376016,1.04129602350247,0.52096194376232,0.166288474176764,1.97882327361908,-0.985675053794225,-2.06711531416959,-1.67485314995591,-1.02154421014379,-0.649768113393855,1.26643350692272,-0.0711103858327787,0.496502791054971,-0.704148759472623,0.831077969182169,0.220016558588799,0.614451610586823,1.76079773659049,0.711401508299056,-0.709442474027609,0.847384497281657,-0.603647760003914,0.909827194880248,-1.84523126497272,1.3889833180323,0.348377818888503,-0.932140301776826,-0.131307960577863,-0.206588567238538,-0.260436563981745,0.0231074081580096,1.13607312782133,0.323150712553605,0.236842955609634,0.322785343707423,1.13974914697321,0.0128143654413747,0.597359663292764,0.19158070682146,1.00309380968461,1.62432194416193,-0.827345302527733,-0.506571727480094,0.984471693310965,-1.05728675507539,0.365431910542626,0.0676067625796329,0.876862954891295,0.902762987443645,0.739280982202949,0.528625566834379,-1.91726726395895,-1.28841066375839,-0.152868998907169
961241.317898402,1194531.58660799,-3.9065631549302,-1.20529486488844,0.749186181376751,-0.822120313581929,-1.06161614024254,-0.575854086485218,-0.736609896715701,-1.83514076673405,0.762647341734075,0.112732733586608,-1.11833257322299,0.579805903252209,1.9614667609002,-0.490342684104446,0.233467363559425,0.300217762857505,-0.26161605031655,0.733561691020431,1.43145419110259,-1.86959008771019,-0.268881237077535,0.262385344147843,-0.296903060917649,1.04437406099041,0.514143139600893,0.150715896698907,1.96389665830001,-0.976455537341076,-2.05217448101073,-1.67188037986969,-1.00345833250723,-0.663782436070826,1.24849141392318,-0.0640320952369653,0.438468156708601,-0.70051559505343,0.893691965323055,0.242893060395628,0.631510533367743,1.72736189209315,0.684998760748387,-0.720395280436272,0.869865389960547,-0.633104406266992,0.916709283208013,-1.82656982295784,1.38085221005241,0.377003955336256,-0.91644928549396,-0.159489085784941,-0.207712434172468,-0.283059155041785,0.010247407090534,1.14608574042636,0.340637505568497,0.253673029816835,0.305858135099378,1.10934625157302,0.0513572909016748,0.542013251220463,0.225020672492759,0.974586809380809,1.64837994668315,-0.888994476291854,-0.575436017155891,0.976602814119583,-1.06682744458129,0.370472309043641,0.0930146851544493,0.891101048933396,0.97758963066108,0.77327988818401,0.552136788301083,-1.93988413114082,-1.24634356300147,-0.242768936252796
969390.542813136,1194531.58660799,-3.93220107427226,-1.18256096667714,0.760504597015638,-0.762454198401603,-1.07281641274514,-0.556283831712268,-0.706468798317856,-1.87743438055725,0.74987959859689,0.140198425162275,-1.12015620193935,0.557263145737565,1.92601356876554,-0.53683833121109,0.251243451346586,0.350452113616302,-0.223138689472743,0.719710090829889,1.37383953461559,-1.83604267093083,-0.245296158513073,0.218429037352966,-0.323875978898657,1.04592603807804,0.514479702659457,0.172757876998017,1.9561437656812,-0.922039500652408,-2.05543553528401,-1.61295332087478,-0.968455999752376,-0.729176594767918,1.27722784684138,-0.0804647222461877,0.424843472212071,-0.67419791533967,0.916921515241118,0.290943517356342,0.610876674634934,1.71370636890898,0.6563594805034,-0.697740953432736,0.883708541611566,-0.65494896016102,0.95949299422939,-1.8532998788262,1.38881352430254,0.420094811881001,-0.958949009663452,-0.102423579444969,-0.22850235544431,-0.288397867199736,-0.019484957377952,1.17352942037877,0.354911261256062,0.241953658349664,0.254993233715578,1.08515059444081,0.0731380007595869,0.545210316845569,0.184404435619668,0.998290010177258,1.66935726631717,-0.875708464219525,-0.587005217029897,0.987889703893436,-1.12191064011788,0.31226853223985,0.0702117074979811,0.868997906152974,1.00730958130257,0.756244810844119,0.606519641022899,-1.98346069673237,-1.23084798125145,-0.300659997164351
977539.767727869,1194531.58660799,-3.94902843632396,-1.15791995165958,0.768772233410575,-0.696857993775205,-1.08173040433856,-0.531300698981044,-0.67913403358888,-1.9237052028213,0.731724317928111,0.163905651268247,-1.1158390261496,0.532760285763153,1.8938824704213,-0.572800477135898,0.263905639582351,0.402436427547685,-0.186693556698257,0.704367292639492,1.30834789346756,-1.80189648233671,-0.226557761881243,0.180150138055096,-0.340881984532172,1.04803139375095,0.517065571400026,0.200879911368023,1.94684956190872,-0.860640843489842,-2.05684825916469,-1.54408414376647,-0.928806283559699,-0.804608749079562,1.31167014980907,-0.100680002965532,0.423127932090018,-0.645388076237274,0.932689277986093,0.343593461323505,0.585561171919112,1.70130095483244,0.628522692199593,-0.668620949382128,0.896615784735351,-0.672412207017744,1.00783078336434,-1.88372190978535,1.39758445382502,0.465548261461396,-1.00808480499845,-0.0315853852737663,-0.252221254165615,-0.288930550327816,-0.0509190688214008,1.20198449728475,0.369658345422774,0.227866877226407,0.200510693344076,1.061902302887,0.091975708485906,0.557181154726759,0.131763511835252,1.03023706597393,1.68676334492868,-0.84924642394975,-0.589243628486325,1.00312421945868,-1.18203194496364,0.245763764429956,0.0414996263085485,0.841023252682344,1.02010550821303,0.717376993952484,0.654983629226586,-2.04046864581238,-1.22760481215795,-0.362861245519384
985688.992642603,1194531.58660799,-3.95748917863478,-1.13238269567189,0.777913148957789,-0.631186979756626,-1.08878946890261,-0.525497816075764,-0.650817950319329,-1.97406757940862,0.718087990199247,0.17411597205554,-1.11327979877861,0.5302622800345,1.87254748226002,-0.607927650498651,0.265495769940868,0.431392974698326,-0.155055260396571,0.704024019447243,1.26375484843169,-1.76259403449366,-0.21997664964805,0.167515222384905,-0.340428958615642,1.05359794445654,0.525745432260494,0.222403133708929,1.92400685779591,-0.815713068768069,-2.05589663360749,-1.49224721959722,-0.880787144507902,-0.882006982603983,1.32906911518479,-0.10584408414704,0.443718672961744,-0.64247213361785,0.943036529612817,0.390871932063909,0.568238869609476,1.68528242769038,0.614178377024822,-0.656622527187433,0.907179646195283,-0.687820690131516,1.05222946401024,-1.90082940110133,1.3898104842913,0.499600240852481,-1.04290925238955,0.0276566344488704,-0.279061460208543,-0.29416866494559,-0.0815308590130258,1.21884493497522,0.373747405543462,0.226071179548732,0.170106361609568,1.04538713270737,0.102197962282735,0.555450135906271,0.0792958919639872,1.06075303884872,1.69101493403708,-0.836921975917194,-0.609863091675645,1.01361681891175,-1.22796432525769,0.197024716394967,0.0248287212049277,0.813421356409891,1.03679404773789,0.693541033551341,0.68393633975678,-2.09025327202061,-1.22276902196819,-0.40172894141623
993838.217557336,1194531.58660799,-3.95149027774542,-1.10714608656932,0.790530738119659,-0.565818402424063,-1.09199035094335,-0.571833698101914,-0.622303859178984,-2.03728384556209,0.717581308015962,0.147428230428006,-1.1176210363399,0.585361985385665,1.88493691903405,-0.640659583016212,0.23813729823784,0.400284120329959,-0.137035121610567,0.742570183483806,1.27965387711405,-1.71531474493657,-0.24688288509313,0.223708882727706,-0.294359167605373,1.06982969635459,0.549874840413625,0.225433710068416,1.86777546375023,-0.814650521026224,-2.05032740548158,-1.48566419329824,-0.81438107271332,-0.963060779877999,1.30364382888418,-0.0747484153015548,0.523608967643775,-0.710606312614651,0.938856626640058,0.424206100657054,0.574064858565983,1.66092805869509,0.636708039784435,-0.689611186855883,0.913426437353595,-0.696097813535683,1.0870789942417,-1.88371289828035,1.34195220805862,0.504788556665841,-1.03918632476112,0.0572185031501097,-0.314270968466792,-0.311111626727522,-0.108132174582669,1.2044593087638,0.351326168073551,0.257434130331127,0.204996559524886,1.04717036901418,0.0891145598345431,0.517817146691398,0.0301749560414058,1.08752153255284,1.66111583929137,-0.863860549480999,-0.680726369794687,1.014427613038,-1.2343072445316,0.20112332990915,0.0404797772739942,0.788675465751647,1.06337113520808,0.711333075740702,0.661026586775041,-2.11916839723055,-1.21611204699446,-0.376398693136612
1001987.44247207,1194531.58660799,-3.93537970722889,-1.08340460607176,0.802383738684173,-0.509238281960198,-1.09119714552168,-0.63299313800613,-0.596488218010392,-2.09649114853315,0.722137394196967,0.109502187888585,-1.12239224889859,0.655573672129577,1.90708290612267,-0.667029723405662,0.203063859593238,0.348105130224584,-0.126577827777427,0.791450225446211,1.31719874137262,-1.66875066618293,-0.283855341572856,0.299093672987415,-0.235633930663011,1.0869721583428,0.57659474901289,0.220861825508531,1.80301191347611,-0.830736549356111,-2.04084127519342,-1.49697294960047,-0.748912768462547,-1.03277371543859,1.26236346082413,-0.0321523561061449,0.614959442665544,-0.799974568680325,0.928204640178938,0.446667869598927,0.588651814980217,1.63491438754964,0.671331331419327,-0.73686846408076,0.916534869476354,-0.699265844072923,1.111881365347,-1.85228949741429,1.28153444139207,0.496837245557098,-1.01807262001715,0.0711318781397329,-0.347221966934022,-0.330301265704119,-0.129179624129132,1.17781795526991,0.320549726759686,0.298501718915001,0.261847998763049,1.0557495023018,0.0682020089358141,0.470281547787997,-0.0108050664843446,1.10813227784611,1.61994147261246,-0.901516599803477,-0.764341560975982,1.0105194469514,-1.22121126413296,0.226985283433284,0.0685755213117269,0.767670597138211,1.087965607098,0.740631418764824,0.618075633999181,-2.13313353349071,-1.20989772414732,-0.329446520813905
1010136.6673868,1194531.58660799,NA,NA,NA,NA,NA,NA,NA,NA,NA,NA,NA,NA,NA,NA,NA,NA,NA,NA,NA,NA,NA,NA,NA,NA,NA,NA,NA,NA,NA,NA,NA,NA,NA,NA,NA,NA,NA,NA,NA,NA,NA,NA,NA,NA,NA,NA,NA,NA,NA,NA,NA,NA,NA,NA,NA,NA,NA,NA,NA,NA,NA,NA,NA,NA,NA,NA,NA,NA,NA,NA,NA,NA,NA,NA,NA,NA
1018285.89230154,1194531.58660799,NA,NA,NA,NA,NA,NA,NA,NA,NA,NA,NA,NA,NA,NA,NA,NA,NA,NA,NA,NA,NA,NA,NA,NA,NA,NA,NA,NA,NA,NA,NA,NA,NA,NA,NA,NA,NA,NA,NA,NA,NA,NA,NA,NA,NA,NA,NA,NA,NA,NA,NA,NA,NA,NA,NA,NA,NA,NA,NA,NA,NA,NA,NA,NA,NA,NA,NA,NA,NA,NA,NA,NA,NA,NA,NA,NA
1026435.11721627,1194531.58660799,NA,NA,NA,NA,NA,NA,NA,NA,NA,NA,NA,NA,NA,NA,NA,NA,NA,NA,NA,NA,NA,NA,NA,NA,NA,NA,NA,NA,NA,NA,NA,NA,NA,NA,NA,NA,NA,NA,NA,NA,NA,NA,NA,NA,NA,NA,NA,NA,NA,NA,NA,NA,NA,NA,NA,NA,NA,NA,NA,NA,NA,NA,NA,NA,NA,NA,NA,NA,NA,NA,NA,NA,NA,NA,NA,NA
1034584.342131,1194531.58660799,NA,NA,NA,NA,NA,NA,NA,NA,NA,NA,NA,NA,NA,NA,NA,NA,NA,NA,NA,NA,NA,NA,NA,NA,NA,NA,NA,NA,NA,NA,NA,NA,NA,NA,NA,NA,NA,NA,NA,NA,NA,NA,NA,NA,NA,NA,NA,NA,NA,NA,NA,NA,NA,NA,NA,NA,NA,NA,NA,NA,NA,NA,NA,NA,NA,NA,NA,NA,NA,NA,NA,NA,NA,NA,NA,NA
1042733.56704574,1194531.58660799,NA,NA,NA,NA,NA,NA,NA,NA,NA,NA,NA,NA,NA,NA,NA,NA,NA,NA,NA,NA,NA,NA,NA,NA,NA,NA,NA,NA,NA,NA,NA,NA,NA,NA,NA,NA,NA,NA,NA,NA,NA,NA,NA,NA,NA,NA,NA,NA,NA,NA,NA,NA,NA,NA,NA,NA,NA,NA,NA,NA,NA,NA,NA,NA,NA,NA,NA,NA,NA,NA,NA,NA,NA,NA,NA,NA
1050882.79196047,1194531.58660799,NA,NA,NA,NA,NA,NA,NA,NA,NA,NA,NA,NA,NA,NA,NA,NA,NA,NA,NA,NA,NA,NA,NA,NA,NA,NA,NA,NA,NA,NA,NA,NA,NA,NA,NA,NA,NA,NA,NA,NA,NA,NA,NA,NA,NA,NA,NA,NA,NA,NA,NA,NA,NA,NA,NA,NA,NA,NA,NA,NA,NA,NA,NA,NA,NA,NA,NA,NA,NA,NA,NA,NA,NA,NA,NA,NA
1059032.01687521,1194531.58660799,NA,NA,NA,NA,NA,NA,NA,NA,NA,NA,NA,NA,NA,NA,NA,NA,NA,NA,NA,NA,NA,NA,NA,NA,NA,NA,NA,NA,NA,NA,NA,NA,NA,NA,NA,NA,NA,NA,NA,NA,NA,NA,NA,NA,NA,NA,NA,NA,NA,NA,NA,NA,NA,NA,NA,NA,NA,NA,NA,NA,NA,NA,NA,NA,NA,NA,NA,NA,NA,NA,NA,NA,NA,NA,NA,NA
1067181.24178994,1194531.58660799,NA,NA,NA,NA,NA,NA,NA,NA,NA,NA,NA,NA,NA,NA,NA,NA,NA,NA,NA,NA,NA,NA,NA,NA,NA,NA,NA,NA,NA,NA,NA,NA,NA,NA,NA,NA,NA,NA,NA,NA,NA,NA,NA,NA,NA,NA,NA,NA,NA,NA,NA,NA,NA,NA,NA,NA,NA,NA,NA,NA,NA,NA,NA,NA,NA,NA,NA,NA,NA,NA,NA,NA,NA,NA,NA,NA
1075330.46670467,1194531.58660799,NA,NA,NA,NA,NA,NA,NA,NA,NA,NA,NA,NA,NA,NA,NA,NA,NA,NA,NA,NA,NA,NA,NA,NA,NA,NA,NA,NA,NA,NA,NA,NA,NA,NA,NA,NA,NA,NA,NA,NA,NA,NA,NA,NA,NA,NA,NA,NA,NA,NA,NA,NA,NA,NA,NA,NA,NA,NA,NA,NA,NA,NA,NA,NA,NA,NA,NA,NA,NA,NA,NA,NA,NA,NA,NA,NA
1083479.69161941,1194531.58660799,NA,NA,NA,NA,NA,NA,NA,NA,NA,NA,NA,NA,NA,NA,NA,NA,NA,NA,NA,NA,NA,NA,NA,NA,NA,NA,NA,NA,NA,NA,NA,NA,NA,NA,NA,NA,NA,NA,NA,NA,NA,NA,NA,NA,NA,NA,NA,NA,NA,NA,NA,NA,NA,NA,NA,NA,NA,NA,NA,NA,NA,NA,NA,NA,NA,NA,NA,NA,NA,NA,NA,NA,NA,NA,NA,NA
1091628.91653414,1194531.58660799,NA,NA,NA,NA,NA,NA,NA,NA,NA,NA,NA,NA,NA,NA,NA,NA,NA,NA,NA,NA,NA,NA,NA,NA,NA,NA,NA,NA,NA,NA,NA,NA,NA,NA,NA,NA,NA,NA,NA,NA,NA,NA,NA,NA,NA,NA,NA,NA,NA,NA,NA,NA,NA,NA,NA,NA,NA,NA,NA,NA,NA,NA,NA,NA,NA,NA,NA,NA,NA,NA,NA,NA,NA,NA,NA,NA
1099778.14144887,1194531.58660799,NA,NA,NA,NA,NA,NA,NA,NA,NA,NA,NA,NA,NA,NA,NA,NA,NA,NA,NA,NA,NA,NA,NA,NA,NA,NA,NA,NA,NA,NA,NA,NA,NA,NA,NA,NA,NA,NA,NA,NA,NA,NA,NA,NA,NA,NA,NA,NA,NA,NA,NA,NA,NA,NA,NA,NA,NA,NA,NA,NA,NA,NA,NA,NA,NA,NA,NA,NA,NA,NA,NA,NA,NA,NA,NA,NA
1107927.36636361,1194531.58660799,NA,NA,NA,NA,NA,NA,NA,NA,NA,NA,NA,NA,NA,NA,NA,NA,NA,NA,NA,NA,NA,NA,NA,NA,NA,NA,NA,NA,NA,NA,NA,NA,NA,NA,NA,NA,NA,NA,NA,NA,NA,NA,NA,NA,NA,NA,NA,NA,NA,NA,NA,NA,NA,NA,NA,NA,NA,NA,NA,NA,NA,NA,NA,NA,NA,NA,NA,NA,NA,NA,NA,NA,NA,NA,NA,NA
1116076.59127834,1194531.58660799,NA,NA,NA,NA,NA,NA,NA,NA,NA,NA,NA,NA,NA,NA,NA,NA,NA,NA,NA,NA,NA,NA,NA,NA,NA,NA,NA,NA,NA,NA,NA,NA,NA,NA,NA,NA,NA,NA,NA,NA,NA,NA,NA,NA,NA,NA,NA,NA,NA,NA,NA,NA,NA,NA,NA,NA,NA,NA,NA,NA,NA,NA,NA,NA,NA,NA,NA,NA,NA,NA,NA,NA,NA,NA,NA,NA
1124225.81619307,1194531.58660799,NA,NA,NA,NA,NA,NA,NA,NA,NA,NA,NA,NA,NA,NA,NA,NA,NA,NA,NA,NA,NA,NA,NA,NA,NA,NA,NA,NA,NA,NA,NA,NA,NA,NA,NA,NA,NA,NA,NA,NA,NA,NA,NA,NA,NA,NA,NA,NA,NA,NA,NA,NA,NA,NA,NA,NA,NA,NA,NA,NA,NA,NA,NA,NA,NA,NA,NA,NA,NA,NA,NA,NA,NA,NA,NA,NA
1132375.04110781,1194531.58660799,NA,NA,NA,NA,NA,NA,NA,NA,NA,NA,NA,NA,NA,NA,NA,NA,NA,NA,NA,NA,NA,NA,NA,NA,NA,NA,NA,NA,NA,NA,NA,NA,NA,NA,NA,NA,NA,NA,NA,NA,NA,NA,NA,NA,NA,NA,NA,NA,NA,NA,NA,NA,NA,NA,NA,NA,NA,NA,NA,NA,NA,NA,NA,NA,NA,NA,NA,NA,NA,NA,NA,NA,NA,NA,NA,NA
1140524.26602254,1194531.58660799,NA,NA,NA,NA,NA,NA,NA,NA,NA,NA,NA,NA,NA,NA,NA,NA,NA,NA,NA,NA,NA,NA,NA,NA,NA,NA,NA,NA,NA,NA,NA,NA,NA,NA,NA,NA,NA,NA,NA,NA,NA,NA,NA,NA,NA,NA,NA,NA,NA,NA,NA,NA,NA,NA,NA,NA,NA,NA,NA,NA,NA,NA,NA,NA,NA,NA,NA,NA,NA,NA,NA,NA,NA,NA,NA,NA
1148673.49093727,1194531.58660799,NA,NA,NA,NA,NA,NA,NA,NA,NA,NA,NA,NA,NA,NA,NA,NA,NA,NA,NA,NA,NA,NA,NA,NA,NA,NA,NA,NA,NA,NA,NA,NA,NA,NA,NA,NA,NA,NA,NA,NA,NA,NA,NA,NA,NA,NA,NA,NA,NA,NA,NA,NA,NA,NA,NA,NA,NA,NA,NA,NA,NA,NA,NA,NA,NA,NA,NA,NA,NA,NA,NA,NA,NA,NA,NA,NA
1156822.71585201,1194531.58660799,NA,NA,NA,NA,NA,NA,NA,NA,NA,NA,NA,NA,NA,NA,NA,NA,NA,NA,NA,NA,NA,NA,NA,NA,NA,NA,NA,NA,NA,NA,NA,NA,NA,NA,NA,NA,NA,NA,NA,NA,NA,NA,NA,NA,NA,NA,NA,NA,NA,NA,NA,NA,NA,NA,NA,NA,NA,NA,NA,NA,NA,NA,NA,NA,NA,NA,NA,NA,NA,NA,NA,NA,NA,NA,NA,NA
1164971.94076674,1194531.58660799,NA,NA,NA,NA,NA,NA,NA,NA,NA,NA,NA,NA,NA,NA,NA,NA,NA,NA,NA,NA,NA,NA,NA,NA,NA,NA,NA,NA,NA,NA,NA,NA,NA,NA,NA,NA,NA,NA,NA,NA,NA,NA,NA,NA,NA,NA,NA,NA,NA,NA,NA,NA,NA,NA,NA,NA,NA,NA,NA,NA,NA,NA,NA,NA,NA,NA,NA,NA,NA,NA,NA,NA,NA,NA,NA,NA
1173121.16568148,1194531.58660799,NA,NA,NA,NA,NA,NA,NA,NA,NA,NA,NA,NA,NA,NA,NA,NA,NA,NA,NA,NA,NA,NA,NA,NA,NA,NA,NA,NA,NA,NA,NA,NA,NA,NA,NA,NA,NA,NA,NA,NA,NA,NA,NA,NA,NA,NA,NA,NA,NA,NA,NA,NA,NA,NA,NA,NA,NA,NA,NA,NA,NA,NA,NA,NA,NA,NA,NA,NA,NA,NA,NA,NA,NA,NA,NA,NA
1181270.39059621,1194531.58660799,NA,NA,NA,NA,NA,NA,NA,NA,NA,NA,NA,NA,NA,NA,NA,NA,NA,NA,NA,NA,NA,NA,NA,NA,NA,NA,NA,NA,NA,NA,NA,NA,NA,NA,NA,NA,NA,NA,NA,NA,NA,NA,NA,NA,NA,NA,NA,NA,NA,NA,NA,NA,NA,NA,NA,NA,NA,NA,NA,NA,NA,NA,NA,NA,NA,NA,NA,NA,NA,NA,NA,NA,NA,NA,NA,NA
1189419.61551094,1194531.58660799,NA,NA,NA,NA,NA,NA,NA,NA,NA,NA,NA,NA,NA,NA,NA,NA,NA,NA,NA,NA,NA,NA,NA,NA,NA,NA,NA,NA,NA,NA,NA,NA,NA,NA,NA,NA,NA,NA,NA,NA,NA,NA,NA,NA,NA,NA,NA,NA,NA,NA,NA,NA,NA,NA,NA,NA,NA,NA,NA,NA,NA,NA,NA,NA,NA,NA,NA,NA,NA,NA,NA,NA,NA,NA,NA,NA
1197568.84042568,1194531.58660799,NA,NA,NA,NA,NA,NA,NA,NA,NA,NA,NA,NA,NA,NA,NA,NA,NA,NA,NA,NA,NA,NA,NA,NA,NA,NA,NA,NA,NA,NA,NA,NA,NA,NA,NA,NA,NA,NA,NA,NA,NA,NA,NA,NA,NA,NA,NA,NA,NA,NA,NA,NA,NA,NA,NA,NA,NA,NA,NA,NA,NA,NA,NA,NA,NA,NA,NA,NA,NA,NA,NA,NA,NA,NA,NA,NA
1205718.06534041,1194531.58660799,NA,NA,NA,NA,NA,NA,NA,NA,NA,NA,NA,NA,NA,NA,NA,NA,NA,NA,NA,NA,NA,NA,NA,NA,NA,NA,NA,NA,NA,NA,NA,NA,NA,NA,NA,NA,NA,NA,NA,NA,NA,NA,NA,NA,NA,NA,NA,NA,NA,NA,NA,NA,NA,NA,NA,NA,NA,NA,NA,NA,NA,NA,NA,NA,NA,NA,NA,NA,NA,NA,NA,NA,NA,NA,NA,NA
1213867.29025514,1194531.58660799,NA,NA,NA,NA,NA,NA,NA,NA,NA,NA,NA,NA,NA,NA,NA,NA,NA,NA,NA,NA,NA,NA,NA,NA,NA,NA,NA,NA,NA,NA,NA,NA,NA,NA,NA,NA,NA,NA,NA,NA,NA,NA,NA,NA,NA,NA,NA,NA,NA,NA,NA,NA,NA,NA,NA,NA,NA,NA,NA,NA,NA,NA,NA,NA,NA,NA,NA,NA,NA,NA,NA,NA,NA,NA,NA,NA
1222016.51516988,1194531.58660799,NA,NA,NA,NA,NA,NA,NA,NA,NA,NA,NA,NA,NA,NA,NA,NA,NA,NA,NA,NA,NA,NA,NA,NA,NA,NA,NA,NA,NA,NA,NA,NA,NA,NA,NA,NA,NA,NA,NA,NA,NA,NA,NA,NA,NA,NA,NA,NA,NA,NA,NA,NA,NA,NA,NA,NA,NA,NA,NA,NA,NA,NA,NA,NA,NA,NA,NA,NA,NA,NA,NA,NA,NA,NA,NA,NA
879749.068751066,1186382.36169326,NA,NA,NA,NA,NA,NA,NA,NA,NA,NA,NA,NA,NA,NA,NA,NA,NA,NA,NA,NA,NA,NA,NA,NA,NA,NA,NA,NA,NA,NA,NA,NA,NA,NA,NA,NA,NA,NA,NA,NA,NA,NA,NA,NA,NA,NA,NA,NA,NA,NA,NA,NA,NA,NA,NA,NA,NA,NA,NA,NA,NA,NA,NA,NA,NA,NA,NA,NA,NA,NA,NA,NA,NA,NA,NA,NA
887898.2936658,1186382.36169326,NA,NA,NA,NA,NA,NA,NA,NA,NA,NA,NA,NA,NA,NA,NA,NA,NA,NA,NA,NA,NA,NA,NA,NA,NA,NA,NA,NA,NA,NA,NA,NA,NA,NA,NA,NA,NA,NA,NA,NA,NA,NA,NA,NA,NA,NA,NA,NA,NA,NA,NA,NA,NA,NA,NA,NA,NA,NA,NA,NA,NA,NA,NA,NA,NA,NA,NA,NA,NA,NA,NA,NA,NA,NA,NA,NA
896047.518580533,1186382.36169326,NA,NA,NA,NA,NA,NA,NA,NA,NA,NA,NA,NA,NA,NA,NA,NA,NA,NA,NA,NA,NA,NA,NA,NA,NA,NA,NA,NA,NA,NA,NA,NA,NA,NA,NA,NA,NA,NA,NA,NA,NA,NA,NA,NA,NA,NA,NA,NA,NA,NA,NA,NA,NA,NA,NA,NA,NA,NA,NA,NA,NA,NA,NA,NA,NA,NA,NA,NA,NA,NA,NA,NA,NA,NA,NA,NA
904196.743495267,1186382.36169326,NA,NA,NA,NA,NA,NA,NA,NA,NA,NA,NA,NA,NA,NA,NA,NA,NA,NA,NA,NA,NA,NA,NA,NA,NA,NA,NA,NA,NA,NA,NA,NA,NA,NA,NA,NA,NA,NA,NA,NA,NA,NA,NA,NA,NA,NA,NA,NA,NA,NA,NA,NA,NA,NA,NA,NA,NA,NA,NA,NA,NA,NA,NA,NA,NA,NA,NA,NA,NA,NA,NA,NA,NA,NA,NA,NA
912345.96841,1186382.36169326,NA,NA,NA,NA,NA,NA,NA,NA,NA,NA,NA,NA,NA,NA,NA,NA,NA,NA,NA,NA,NA,NA,NA,NA,NA,NA,NA,NA,NA,NA,NA,NA,NA,NA,NA,NA,NA,NA,NA,NA,NA,NA,NA,NA,NA,NA,NA,NA,NA,NA,NA,NA,NA,NA,NA,NA,NA,NA,NA,NA,NA,NA,NA,NA,NA,NA,NA,NA,NA,NA,NA,NA,NA,NA,NA,NA
920495.193324734,1186382.36169326,NA,NA,NA,NA,NA,NA,NA,NA,NA,NA,NA,NA,NA,NA,NA,NA,NA,NA,NA,NA,NA,NA,NA,NA,NA,NA,NA,NA,NA,NA,NA,NA,NA,NA,NA,NA,NA,NA,NA,NA,NA,NA,NA,NA,NA,NA,NA,NA,NA,NA,NA,NA,NA,NA,NA,NA,NA,NA,NA,NA,NA,NA,NA,NA,NA,NA,NA,NA,NA,NA,NA,NA,NA,NA,NA,NA
928644.418239468,1186382.36169326,NA,NA,NA,NA,NA,NA,NA,NA,NA,NA,NA,NA,NA,NA,NA,NA,NA,NA,NA,NA,NA,NA,NA,NA,NA,NA,NA,NA,NA,NA,NA,NA,NA,NA,NA,NA,NA,NA,NA,NA,NA,NA,NA,NA,NA,NA,NA,NA,NA,NA,NA,NA,NA,NA,NA,NA,NA,NA,NA,NA,NA,NA,NA,NA,NA,NA,NA,NA,NA,NA,NA,NA,NA,NA,NA,NA
936793.643154201,1186382.36169326,NA,NA,NA,NA,NA,NA,NA,NA,NA,NA,NA,NA,NA,NA,NA,NA,NA,NA,NA,NA,NA,NA,NA,NA,NA,NA,NA,NA,NA,NA,NA,NA,NA,NA,NA,NA,NA,NA,NA,NA,NA,NA,NA,NA,NA,NA,NA,NA,NA,NA,NA,NA,NA,NA,NA,NA,NA,NA,NA,NA,NA,NA,NA,NA,NA,NA,NA,NA,NA,NA,NA,NA,NA,NA,NA,NA
944942.868068935,1186382.36169326,NA,NA,NA,NA,NA,NA,NA,NA,NA,NA,NA,NA,NA,NA,NA,NA,NA,NA,NA,NA,NA,NA,NA,NA,NA,NA,NA,NA,NA,NA,NA,NA,NA,NA,NA,NA,NA,NA,NA,NA,NA,NA,NA,NA,NA,NA,NA,NA,NA,NA,NA,NA,NA,NA,NA,NA,NA,NA,NA,NA,NA,NA,NA,NA,NA,NA,NA,NA,NA,NA,NA,NA,NA,NA,NA,NA
953092.092983668,1186382.36169326,NA,NA,NA,NA,NA,NA,NA,NA,NA,NA,NA,NA,NA,NA,NA,NA,NA,NA,NA,NA,NA,NA,NA,NA,NA,NA,NA,NA,NA,NA,NA,NA,NA,NA,NA,NA,NA,NA,NA,NA,NA,NA,NA,NA,NA,NA,NA,NA,NA,NA,NA,NA,NA,NA,NA,NA,NA,NA,NA,NA,NA,NA,NA,NA,NA,NA,NA,NA,NA,NA,NA,NA,NA,NA,NA,NA
961241.317898402,1186382.36169326,-3.86587178203586,-1.22398589254395,0.767276636547705,-0.759894407291656,-1.11696449985485,-0.58573901232546,-0.710072683052868,-1.76344773562055,0.754782339309321,0.156322648978497,-1.14285587051041,0.527802792298385,1.9773542097576,-0.550078586119328,0.209372222806635,0.323843297412383,-0.198619384651681,0.745090171215,1.4484606737397,-1.82243174570084,-0.275819700697337,0.30291714581929,-0.243440832889507,1.00786499466004,0.573055186655421,0.154465864360883,1.93866427431407,-0.916197330255441,-2.03449342382656,-1.65309207978619,-0.974882178306751,-0.691265095711487,1.37891343360248,-0.105725415146602,0.401563173419511,-0.755029073035614,0.902336188692789,0.26969138359514,0.633735040346154,1.70627406626623,0.719125927158059,-0.737434125626591,0.820288492876465,-0.68705748461267,0.97628815923655,-1.79567561222671,1.35413624405664,0.437656738721244,-0.874121787918539,-0.136928805600238,-0.207734852990814,-0.330509078536376,0.0203530890588531,1.12252156348814,0.34249208474552,0.188763485310128,0.283495727705549,1.05256406041305,0.032984488759386,0.545243742265841,0.218029471538913,0.971674939450664,1.63491027940449,-0.915094366727415,-0.554392331294398,0.964460276119382,-1.08511916402605,0.319706661310493,0.125156530376682,0.863676591152829,1.02776695870819,0.73286138210101,0.552873012362387,-1.99834807486729,-1.28760223365966,-0.272775823344259
969390.542813136,1186382.36169326,-3.88586129699265,-1.20098426830395,0.783674767062556,-0.705877650969396,-1.13165553041182,-0.563399021226918,-0.678716479843433,-1.7976607772991,0.740125319517206,0.188757661433854,-1.14934138837299,0.508735517256,1.93130088934717,-0.593948840513921,0.229370375111339,0.373379118374082,-0.155340023621161,0.732062276297106,1.39093584616438,-1.77681741226744,-0.250129740088184,0.256272334462642,-0.272264419219836,1.00667105330427,0.574483027562577,0.181068011276112,1.92471756901365,-0.861965305614794,-2.04112646598491,-1.59749716455684,-0.936202266885442,-0.754038318480745,1.40465527906648,-0.120066396364894,0.385726945824975,-0.726712228819214,0.926924340176503,0.316607877569677,0.613367219341478,1.69305122333766,0.690996081071478,-0.722481037153212,0.822517331927785,-0.724223197237951,1.01807746098436,-1.82202108715332,1.34317915023821,0.479771806374078,-0.914852082459783,-0.0823943159142349,-0.222201453419247,-0.345249362175603,-0.0130854269803529,1.16925398319601,0.354426298666162,0.181834285322925,0.235037126673917,1.03398490555177,0.0527061854875294,0.544999966822894,0.17449179785804,0.999377447982217,1.65807276610465,-0.900652668250918,-0.567423654788077,0.969170190904069,-1.14034566770745,0.256396064989442,0.101560811469169,0.841572312237652,1.06613124573403,0.727584776116713,0.609591470401853,-2.03674522008991,-1.26781424200277,-0.328011999028221
977539.767727869,1186382.36169326,-3.89556162890163,-1.17519499752426,0.79646537058907,-0.645567134995802,-1.14440413254683,-0.534716521203916,-0.64943050262417,-1.8345410715534,0.719933056575121,0.217787986695646,-1.14870490483182,0.488323851253158,1.88725494527968,-0.626456929102243,0.244042413628621,0.424920305203038,-0.114142168121232,0.718501369887778,1.32549377387409,-1.72946436999651,-0.229096076599706,0.214721717840268,-0.289906874490183,1.00574619899416,0.578708058342514,0.214715242143233,1.90922377577279,-0.799638772429107,-2.04608112206154,-1.53117703770107,-0.891270405301351,-0.825037611476715,1.43607112634255,-0.135240091760296,0.381198542466852,-0.695271709954393,0.944425870605194,0.368417183272342,0.588056784884625,1.68264697933594,0.664710537357708,-0.701129144779941,0.823615047736288,-0.757837940761819,1.06530181115673,-1.8516356747565,1.3325704347361,0.523745698873396,-0.962491877307762,-0.0134432444794052,-0.239070522736148,-0.356266187640401,-0.0477247500932656,1.2167901634611,0.365431508069239,0.172228068026286,0.183493182244445,1.01755869265567,0.070022372501332,0.553819931579989,0.118310073798805,1.03634959492725,1.67825475197839,-0.871646412905991,-0.570413210450351,0.977311625524761,-1.20030673962813,0.183621487526946,0.0723205826559366,0.813299790212244,1.08452675429487,0.692734227508539,0.659619935652002,-2.09274175838345,-1.26326418948188,-0.388640324006312
985688.992642603,1186382.36169326,-3.90057102581037,-1.1466547270678,0.810211376722779,-0.584558188694268,-1.15320575149361,-0.520241464857263,-0.618966713004419,-1.8776435231899,0.704077127521274,0.236623871495421,-1.14693604497859,0.484936794328974,1.85342129860876,-0.659847309879686,0.252409940553079,0.458879938567297,-0.0785471896059449,0.719082584289165,1.27676697726645,-1.68250552868447,-0.219196893794294,0.19201611016317,-0.292860842839536,1.00697526568063,0.587570103919965,0.242670971239694,1.88285061817385,-0.750501260793336,-2.04743811080063,-1.47773334178042,-0.841256442333764,-0.894250524447825,1.4529375275299,-0.138764088983759,0.397309460886191,-0.683516953816737,0.955124135280631,0.415402975934648,0.569717470884235,1.6678995092069,0.650770859906969,-0.691436199532185,0.827785096962012,-0.785855133227458,1.10880783230781,-1.871508530351,1.31125927204675,0.558027601307392,-0.998993979157598,0.048085060243786,-0.25869447640473,-0.369108754082906,-0.081651282177038,1.24696072838995,0.369085716178405,0.17388352491261,0.150558955271924,1.00495174390072,0.0805797391365846,0.554554014250437,0.0626222564035823,1.0710208262536,1.68848177877914,-0.850140351007042,-0.591001510841537,0.985867451154322,-1.25047353217131,0.126753326906752,0.0569277413383422,0.783258189009661,1.10072023883234,0.663631104730628,0.689920624873206,-2.14750838117095,-1.26061547672272,-0.43516515573601
993838.217557336,1186382.36169326,-3.9041939715286,-1.11694221337409,0.827028121752939,-0.528973546977277,-1.15309235757527,-0.562684508412523,-0.591464028529798,-1.94536544772095,0.706164473722808,0.214492226251295,-1.14810849742733,0.544428519058954,1.86545278796414,-0.694405255492514,0.234982992825418,0.426382287403096,-0.0670588772119675,0.768596518531416,1.29814067203001,-1.64536640422651,-0.251378156968881,0.240647636059201,-0.245641333519357,1.01919470817551,0.611423654664629,0.247278622753739,1.82404582706934,-0.754462578149524,-2.0447979336379,-1.47867930094798,-0.780246074600931,-0.953326515609018,1.41931277875046,-0.102542780426183,0.484686758517462,-0.748435649657803,0.943240757700102,0.442145637268717,0.578531352299575,1.64337318506966,0.681867654673217,-0.728354208272945,0.842102590627565,-0.794471326084539,1.13773601726951,-1.86001511672684,1.25584545626719,0.55544992757837,-0.995990026134624,0.0776982637447795,-0.288743045474154,-0.389587767231679,-0.110253314149298,1.21966078783881,0.34528657760899,0.215388653499991,0.189557959340395,1.01009642835394,0.0648024820439352,0.523793108350118,0.014512369120725,1.09736303665218,1.66474213112372,-0.864795508720219,-0.675689666712378,0.994996623783966,-1.26097951345648,0.136852335687167,0.0879718208038648,0.752472273945399,1.12062596063408,0.677229130401226,0.6581387101399,-2.17859836483326,-1.25901351200537,-0.410336420511934
1001987.44247207,1186382.36169326,-3.902129225704,-1.08885184542873,0.841771722472614,-0.48170280487087,-1.14816415004898,-0.618118327221916,-0.567288471460635,-2.01218489930518,0.713135179226839,0.182035078182417,-1.14850066528297,0.614965231032465,1.88854171222013,-0.724192390040749,0.211499350999637,0.376140414769661,-0.0642460401794257,0.826163944446278,1.33795361913198,-1.61397720757747,-0.292987130224113,0.305345941923987,-0.188375232533371,1.03221718842823,0.636376115479211,0.24375870844973,1.76011387060096,-0.773846633054482,-2.03840793043172,-1.49542462088381,-0.72289093865619,-1.00048970762374,1.37221946437535,-0.0581153048238197,0.581154205787647,-0.831025011117976,0.924609299689411,0.458602328222637,0.594709976390627,1.61715059488269,0.722832932010941,-0.775711732707539,0.857074334682814,-0.794367868600385,1.15712522980931,-1.83726784038545,1.19470044813371,0.541008107742766,-0.978733038109303,0.0935745404219575,-0.317771963369657,-0.409450053044358,-0.133174305316922,1.17586040816985,0.315348621525463,0.26381403127438,0.246310402806409,1.01948594542766,0.0425172511299689,0.486362546318432,-0.0247619816918748,1.11639530182507,1.63142414637037,-0.887740313629633,-0.771967013380377,1.00220903070498,-1.25521676266709,0.167646488868615,0.130266440258067,0.724781756985913,1.13797814311866,0.698573485642137,0.611044811581222,-2.19091915651321,-1.25688704561959,-0.364785360060712
1010136.6673868,1186382.36169326,NA,NA,NA,NA,NA,NA,NA,NA,NA,NA,NA,NA,NA,NA,NA,NA,NA,NA,NA,NA,NA,NA,NA,NA,NA,NA,NA,NA,NA,NA,NA,NA,NA,NA,NA,NA,NA,NA,NA,NA,NA,NA,NA,NA,NA,NA,NA,NA,NA,NA,NA,NA,NA,NA,NA,NA,NA,NA,NA,NA,NA,NA,NA,NA,NA,NA,NA,NA,NA,NA,NA,NA,NA,NA,NA,NA
1018285.89230154,1186382.36169326,NA,NA,NA,NA,NA,NA,NA,NA,NA,NA,NA,NA,NA,NA,NA,NA,NA,NA,NA,NA,NA,NA,NA,NA,NA,NA,NA,NA,NA,NA,NA,NA,NA,NA,NA,NA,NA,NA,NA,NA,NA,NA,NA,NA,NA,NA,NA,NA,NA,NA,NA,NA,NA,NA,NA,NA,NA,NA,NA,NA,NA,NA,NA,NA,NA,NA,NA,NA,NA,NA,NA,NA,NA,NA,NA,NA
1026435.11721627,1186382.36169326,NA,NA,NA,NA,NA,NA,NA,NA,NA,NA,NA,NA,NA,NA,NA,NA,NA,NA,NA,NA,NA,NA,NA,NA,NA,NA,NA,NA,NA,NA,NA,NA,NA,NA,NA,NA,NA,NA,NA,NA,NA,NA,NA,NA,NA,NA,NA,NA,NA,NA,NA,NA,NA,NA,NA,NA,NA,NA,NA,NA,NA,NA,NA,NA,NA,NA,NA,NA,NA,NA,NA,NA,NA,NA,NA,NA
1034584.342131,1186382.36169326,NA,NA,NA,NA,NA,NA,NA,NA,NA,NA,NA,NA,NA,NA,NA,NA,NA,NA,NA,NA,NA,NA,NA,NA,NA,NA,NA,NA,NA,NA,NA,NA,NA,NA,NA,NA,NA,NA,NA,NA,NA,NA,NA,NA,NA,NA,NA,NA,NA,NA,NA,NA,NA,NA,NA,NA,NA,NA,NA,NA,NA,NA,NA,NA,NA,NA,NA,NA,NA,NA,NA,NA,NA,NA,NA,NA
1042733.56704574,1186382.36169326,NA,NA,NA,NA,NA,NA,NA,NA,NA,NA,NA,NA,NA,NA,NA,NA,NA,NA,NA,NA,NA,NA,NA,NA,NA,NA,NA,NA,NA,NA,NA,NA,NA,NA,NA,NA,NA,NA,NA,NA,NA,NA,NA,NA,NA,NA,NA,NA,NA,NA,NA,NA,NA,NA,NA,NA,NA,NA,NA,NA,NA,NA,NA,NA,NA,NA,NA,NA,NA,NA,NA,NA,NA,NA,NA,NA
1050882.79196047,1186382.36169326,NA,NA,NA,NA,NA,NA,NA,NA,NA,NA,NA,NA,NA,NA,NA,NA,NA,NA,NA,NA,NA,NA,NA,NA,NA,NA,NA,NA,NA,NA,NA,NA,NA,NA,NA,NA,NA,NA,NA,NA,NA,NA,NA,NA,NA,NA,NA,NA,NA,NA,NA,NA,NA,NA,NA,NA,NA,NA,NA,NA,NA,NA,NA,NA,NA,NA,NA,NA,NA,NA,NA,NA,NA,NA,NA,NA
1059032.01687521,1186382.36169326,NA,NA,NA,NA,NA,NA,NA,NA,NA,NA,NA,NA,NA,NA,NA,NA,NA,NA,NA,NA,NA,NA,NA,NA,NA,NA,NA,NA,NA,NA,NA,NA,NA,NA,NA,NA,NA,NA,NA,NA,NA,NA,NA,NA,NA,NA,NA,NA,NA,NA,NA,NA,NA,NA,NA,NA,NA,NA,NA,NA,NA,NA,NA,NA,NA,NA,NA,NA,NA,NA,NA,NA,NA,NA,NA,NA
1067181.24178994,1186382.36169326,NA,NA,NA,NA,NA,NA,NA,NA,NA,NA,NA,NA,NA,NA,NA,NA,NA,NA,NA,NA,NA,NA,NA,NA,NA,NA,NA,NA,NA,NA,NA,NA,NA,NA,NA,NA,NA,NA,NA,NA,NA,NA,NA,NA,NA,NA,NA,NA,NA,NA,NA,NA,NA,NA,NA,NA,NA,NA,NA,NA,NA,NA,NA,NA,NA,NA,NA,NA,NA,NA,NA,NA,NA,NA,NA,NA
1075330.46670467,1186382.36169326,NA,NA,NA,NA,NA,NA,NA,NA,NA,NA,NA,NA,NA,NA,NA,NA,NA,NA,NA,NA,NA,NA,NA,NA,NA,NA,NA,NA,NA,NA,NA,NA,NA,NA,NA,NA,NA,NA,NA,NA,NA,NA,NA,NA,NA,NA,NA,NA,NA,NA,NA,NA,NA,NA,NA,NA,NA,NA,NA,NA,NA,NA,NA,NA,NA,NA,NA,NA,NA,NA,NA,NA,NA,NA,NA,NA
1083479.69161941,1186382.36169326,NA,NA,NA,NA,NA,NA,NA,NA,NA,NA,NA,NA,NA,NA,NA,NA,NA,NA,NA,NA,NA,NA,NA,NA,NA,NA,NA,NA,NA,NA,NA,NA,NA,NA,NA,NA,NA,NA,NA,NA,NA,NA,NA,NA,NA,NA,NA,NA,NA,NA,NA,NA,NA,NA,NA,NA,NA,NA,NA,NA,NA,NA,NA,NA,NA,NA,NA,NA,NA,NA,NA,NA,NA,NA,NA,NA
1091628.91653414,1186382.36169326,NA,NA,NA,NA,NA,NA,NA,NA,NA,NA,NA,NA,NA,NA,NA,NA,NA,NA,NA,NA,NA,NA,NA,NA,NA,NA,NA,NA,NA,NA,NA,NA,NA,NA,NA,NA,NA,NA,NA,NA,NA,NA,NA,NA,NA,NA,NA,NA,NA,NA,NA,NA,NA,NA,NA,NA,NA,NA,NA,NA,NA,NA,NA,NA,NA,NA,NA,NA,NA,NA,NA,NA,NA,NA,NA,NA
1099778.14144887,1186382.36169326,NA,NA,NA,NA,NA,NA,NA,NA,NA,NA,NA,NA,NA,NA,NA,NA,NA,NA,NA,NA,NA,NA,NA,NA,NA,NA,NA,NA,NA,NA,NA,NA,NA,NA,NA,NA,NA,NA,NA,NA,NA,NA,NA,NA,NA,NA,NA,NA,NA,NA,NA,NA,NA,NA,NA,NA,NA,NA,NA,NA,NA,NA,NA,NA,NA,NA,NA,NA,NA,NA,NA,NA,NA,NA,NA,NA
1107927.36636361,1186382.36169326,NA,NA,NA,NA,NA,NA,NA,NA,NA,NA,NA,NA,NA,NA,NA,NA,NA,NA,NA,NA,NA,NA,NA,NA,NA,NA,NA,NA,NA,NA,NA,NA,NA,NA,NA,NA,NA,NA,NA,NA,NA,NA,NA,NA,NA,NA,NA,NA,NA,NA,NA,NA,NA,NA,NA,NA,NA,NA,NA,NA,NA,NA,NA,NA,NA,NA,NA,NA,NA,NA,NA,NA,NA,NA,NA,NA
1116076.59127834,1186382.36169326,NA,NA,NA,NA,NA,NA,NA,NA,NA,NA,NA,NA,NA,NA,NA,NA,NA,NA,NA,NA,NA,NA,NA,NA,NA,NA,NA,NA,NA,NA,NA,NA,NA,NA,NA,NA,NA,NA,NA,NA,NA,NA,NA,NA,NA,NA,NA,NA,NA,NA,NA,NA,NA,NA,NA,NA,NA,NA,NA,NA,NA,NA,NA,NA,NA,NA,NA,NA,NA,NA,NA,NA,NA,NA,NA,NA
1124225.81619307,1186382.36169326,NA,NA,NA,NA,NA,NA,NA,NA,NA,NA,NA,NA,NA,NA,NA,NA,NA,NA,NA,NA,NA,NA,NA,NA,NA,NA,NA,NA,NA,NA,NA,NA,NA,NA,NA,NA,NA,NA,NA,NA,NA,NA,NA,NA,NA,NA,NA,NA,NA,NA,NA,NA,NA,NA,NA,NA,NA,NA,NA,NA,NA,NA,NA,NA,NA,NA,NA,NA,NA,NA,NA,NA,NA,NA,NA,NA
1132375.04110781,1186382.36169326,NA,NA,NA,NA,NA,NA,NA,NA,NA,NA,NA,NA,NA,NA,NA,NA,NA,NA,NA,NA,NA,NA,NA,NA,NA,NA,NA,NA,NA,NA,NA,NA,NA,NA,NA,NA,NA,NA,NA,NA,NA,NA,NA,NA,NA,NA,NA,NA,NA,NA,NA,NA,NA,NA,NA,NA,NA,NA,NA,NA,NA,NA,NA,NA,NA,NA,NA,NA,NA,NA,NA,NA,NA,NA,NA,NA
1140524.26602254,1186382.36169326,NA,NA,NA,NA,NA,NA,NA,NA,NA,NA,NA,NA,NA,NA,NA,NA,NA,NA,NA,NA,NA,NA,NA,NA,NA,NA,NA,NA,NA,NA,NA,NA,NA,NA,NA,NA,NA,NA,NA,NA,NA,NA,NA,NA,NA,NA,NA,NA,NA,NA,NA,NA,NA,NA,NA,NA,NA,NA,NA,NA,NA,NA,NA,NA,NA,NA,NA,NA,NA,NA,NA,NA,NA,NA,NA,NA
1148673.49093727,1186382.36169326,NA,NA,NA,NA,NA,NA,NA,NA,NA,NA,NA,NA,NA,NA,NA,NA,NA,NA,NA,NA,NA,NA,NA,NA,NA,NA,NA,NA,NA,NA,NA,NA,NA,NA,NA,NA,NA,NA,NA,NA,NA,NA,NA,NA,NA,NA,NA,NA,NA,NA,NA,NA,NA,NA,NA,NA,NA,NA,NA,NA,NA,NA,NA,NA,NA,NA,NA,NA,NA,NA,NA,NA,NA,NA,NA,NA
1156822.71585201,1186382.36169326,NA,NA,NA,NA,NA,NA,NA,NA,NA,NA,NA,NA,NA,NA,NA,NA,NA,NA,NA,NA,NA,NA,NA,NA,NA,NA,NA,NA,NA,NA,NA,NA,NA,NA,NA,NA,NA,NA,NA,NA,NA,NA,NA,NA,NA,NA,NA,NA,NA,NA,NA,NA,NA,NA,NA,NA,NA,NA,NA,NA,NA,NA,NA,NA,NA,NA,NA,NA,NA,NA,NA,NA,NA,NA,NA,NA
1164971.94076674,1186382.36169326,NA,NA,NA,NA,NA,NA,NA,NA,NA,NA,NA,NA,NA,NA,NA,NA,NA,NA,NA,NA,NA,NA,NA,NA,NA,NA,NA,NA,NA,NA,NA,NA,NA,NA,NA,NA,NA,NA,NA,NA,NA,NA,NA,NA,NA,NA,NA,NA,NA,NA,NA,NA,NA,NA,NA,NA,NA,NA,NA,NA,NA,NA,NA,NA,NA,NA,NA,NA,NA,NA,NA,NA,NA,NA,NA,NA
1173121.16568148,1186382.36169326,NA,NA,NA,NA,NA,NA,NA,NA,NA,NA,NA,NA,NA,NA,NA,NA,NA,NA,NA,NA,NA,NA,NA,NA,NA,NA,NA,NA,NA,NA,NA,NA,NA,NA,NA,NA,NA,NA,NA,NA,NA,NA,NA,NA,NA,NA,NA,NA,NA,NA,NA,NA,NA,NA,NA,NA,NA,NA,NA,NA,NA,NA,NA,NA,NA,NA,NA,NA,NA,NA,NA,NA,NA,NA,NA,NA
1181270.39059621,1186382.36169326,NA,NA,NA,NA,NA,NA,NA,NA,NA,NA,NA,NA,NA,NA,NA,NA,NA,NA,NA,NA,NA,NA,NA,NA,NA,NA,NA,NA,NA,NA,NA,NA,NA,NA,NA,NA,NA,NA,NA,NA,NA,NA,NA,NA,NA,NA,NA,NA,NA,NA,NA,NA,NA,NA,NA,NA,NA,NA,NA,NA,NA,NA,NA,NA,NA,NA,NA,NA,NA,NA,NA,NA,NA,NA,NA,NA
1189419.61551094,1186382.36169326,NA,NA,NA,NA,NA,NA,NA,NA,NA,NA,NA,NA,NA,NA,NA,NA,NA,NA,NA,NA,NA,NA,NA,NA,NA,NA,NA,NA,NA,NA,NA,NA,NA,NA,NA,NA,NA,NA,NA,NA,NA,NA,NA,NA,NA,NA,NA,NA,NA,NA,NA,NA,NA,NA,NA,NA,NA,NA,NA,NA,NA,NA,NA,NA,NA,NA,NA,NA,NA,NA,NA,NA,NA,NA,NA,NA
1197568.84042568,1186382.36169326,NA,NA,NA,NA,NA,NA,NA,NA,NA,NA,NA,NA,NA,NA,NA,NA,NA,NA,NA,NA,NA,NA,NA,NA,NA,NA,NA,NA,NA,NA,NA,NA,NA,NA,NA,NA,NA,NA,NA,NA,NA,NA,NA,NA,NA,NA,NA,NA,NA,NA,NA,NA,NA,NA,NA,NA,NA,NA,NA,NA,NA,NA,NA,NA,NA,NA,NA,NA,NA,NA,NA,NA,NA,NA,NA,NA
1205718.06534041,1186382.36169326,NA,NA,NA,NA,NA,NA,NA,NA,NA,NA,NA,NA,NA,NA,NA,NA,NA,NA,NA,NA,NA,NA,NA,NA,NA,NA,NA,NA,NA,NA,NA,NA,NA,NA,NA,NA,NA,NA,NA,NA,NA,NA,NA,NA,NA,NA,NA,NA,NA,NA,NA,NA,NA,NA,NA,NA,NA,NA,NA,NA,NA,NA,NA,NA,NA,NA,NA,NA,NA,NA,NA,NA,NA,NA,NA,NA
1213867.29025514,1186382.36169326,NA,NA,NA,NA,NA,NA,NA,NA,NA,NA,NA,NA,NA,NA,NA,NA,NA,NA,NA,NA,NA,NA,NA,NA,NA,NA,NA,NA,NA,NA,NA,NA,NA,NA,NA,NA,NA,NA,NA,NA,NA,NA,NA,NA,NA,NA,NA,NA,NA,NA,NA,NA,NA,NA,NA,NA,NA,NA,NA,NA,NA,NA,NA,NA,NA,NA,NA,NA,NA,NA,NA,NA,NA,NA,NA,NA
1222016.51516988,1186382.36169326,NA,NA,NA,NA,NA,NA,NA,NA,NA,NA,NA,NA,NA,NA,NA,NA,NA,NA,NA,NA,NA,NA,NA,NA,NA,NA,NA,NA,NA,NA,NA,NA,NA,NA,NA,NA,NA,NA,NA,NA,NA,NA,NA,NA,NA,NA,NA,NA,NA,NA,NA,NA,NA,NA,NA,NA,NA,NA,NA,NA,NA,NA,NA,NA,NA,NA,NA,NA,NA,NA,NA,NA,NA,NA,NA,NA
879749.068751066,1178233.13677853,NA,NA,NA,NA,NA,NA,NA,NA,NA,NA,NA,NA,NA,NA,NA,NA,NA,NA,NA,NA,NA,NA,NA,NA,NA,NA,NA,NA,NA,NA,NA,NA,NA,NA,NA,NA,NA,NA,NA,NA,NA,NA,NA,NA,NA,NA,NA,NA,NA,NA,NA,NA,NA,NA,NA,NA,NA,NA,NA,NA,NA,NA,NA,NA,NA,NA,NA,NA,NA,NA,NA,NA,NA,NA,NA,NA
887898.2936658,1178233.13677853,NA,NA,NA,NA,NA,NA,NA,NA,NA,NA,NA,NA,NA,NA,NA,NA,NA,NA,NA,NA,NA,NA,NA,NA,NA,NA,NA,NA,NA,NA,NA,NA,NA,NA,NA,NA,NA,NA,NA,NA,NA,NA,NA,NA,NA,NA,NA,NA,NA,NA,NA,NA,NA,NA,NA,NA,NA,NA,NA,NA,NA,NA,NA,NA,NA,NA,NA,NA,NA,NA,NA,NA,NA,NA,NA,NA
896047.518580533,1178233.13677853,NA,NA,NA,NA,NA,NA,NA,NA,NA,NA,NA,NA,NA,NA,NA,NA,NA,NA,NA,NA,NA,NA,NA,NA,NA,NA,NA,NA,NA,NA,NA,NA,NA,NA,NA,NA,NA,NA,NA,NA,NA,NA,NA,NA,NA,NA,NA,NA,NA,NA,NA,NA,NA,NA,NA,NA,NA,NA,NA,NA,NA,NA,NA,NA,NA,NA,NA,NA,NA,NA,NA,NA,NA,NA,NA,NA
904196.743495267,1178233.13677853,NA,NA,NA,NA,NA,NA,NA,NA,NA,NA,NA,NA,NA,NA,NA,NA,NA,NA,NA,NA,NA,NA,NA,NA,NA,NA,NA,NA,NA,NA,NA,NA,NA,NA,NA,NA,NA,NA,NA,NA,NA,NA,NA,NA,NA,NA,NA,NA,NA,NA,NA,NA,NA,NA,NA,NA,NA,NA,NA,NA,NA,NA,NA,NA,NA,NA,NA,NA,NA,NA,NA,NA,NA,NA,NA,NA
912345.96841,1178233.13677853,NA,NA,NA,NA,NA,NA,NA,NA,NA,NA,NA,NA,NA,NA,NA,NA,NA,NA,NA,NA,NA,NA,NA,NA,NA,NA,NA,NA,NA,NA,NA,NA,NA,NA,NA,NA,NA,NA,NA,NA,NA,NA,NA,NA,NA,NA,NA,NA,NA,NA,NA,NA,NA,NA,NA,NA,NA,NA,NA,NA,NA,NA,NA,NA,NA,NA,NA,NA,NA,NA,NA,NA,NA,NA,NA,NA
920495.193324734,1178233.13677853,NA,NA,NA,NA,NA,NA,NA,NA,NA,NA,NA,NA,NA,NA,NA,NA,NA,NA,NA,NA,NA,NA,NA,NA,NA,NA,NA,NA,NA,NA,NA,NA,NA,NA,NA,NA,NA,NA,NA,NA,NA,NA,NA,NA,NA,NA,NA,NA,NA,NA,NA,NA,NA,NA,NA,NA,NA,NA,NA,NA,NA,NA,NA,NA,NA,NA,NA,NA,NA,NA,NA,NA,NA,NA,NA,NA
928644.418239468,1178233.13677853,NA,NA,NA,NA,NA,NA,NA,NA,NA,NA,NA,NA,NA,NA,NA,NA,NA,NA,NA,NA,NA,NA,NA,NA,NA,NA,NA,NA,NA,NA,NA,NA,NA,NA,NA,NA,NA,NA,NA,NA,NA,NA,NA,NA,NA,NA,NA,NA,NA,NA,NA,NA,NA,NA,NA,NA,NA,NA,NA,NA,NA,NA,NA,NA,NA,NA,NA,NA,NA,NA,NA,NA,NA,NA,NA,NA
936793.643154201,1178233.13677853,NA,NA,NA,NA,NA,NA,NA,NA,NA,NA,NA,NA,NA,NA,NA,NA,NA,NA,NA,NA,NA,NA,NA,NA,NA,NA,NA,NA,NA,NA,NA,NA,NA,NA,NA,NA,NA,NA,NA,NA,NA,NA,NA,NA,NA,NA,NA,NA,NA,NA,NA,NA,NA,NA,NA,NA,NA,NA,NA,NA,NA,NA,NA,NA,NA,NA,NA,NA,NA,NA,NA,NA,NA,NA,NA,NA
944942.868068935,1178233.13677853,NA,NA,NA,NA,NA,NA,NA,NA,NA,NA,NA,NA,NA,NA,NA,NA,NA,NA,NA,NA,NA,NA,NA,NA,NA,NA,NA,NA,NA,NA,NA,NA,NA,NA,NA,NA,NA,NA,NA,NA,NA,NA,NA,NA,NA,NA,NA,NA,NA,NA,NA,NA,NA,NA,NA,NA,NA,NA,NA,NA,NA,NA,NA,NA,NA,NA,NA,NA,NA,NA,NA,NA,NA,NA,NA,NA
953092.092983668,1178233.13677853,NA,NA,NA,NA,NA,NA,NA,NA,NA,NA,NA,NA,NA,NA,NA,NA,NA,NA,NA,NA,NA,NA,NA,NA,NA,NA,NA,NA,NA,NA,NA,NA,NA,NA,NA,NA,NA,NA,NA,NA,NA,NA,NA,NA,NA,NA,NA,NA,NA,NA,NA,NA,NA,NA,NA,NA,NA,NA,NA,NA,NA,NA,NA,NA,NA,NA,NA,NA,NA,NA,NA,NA,NA,NA,NA,NA
961241.317898402,1178233.13677853,NA,NA,NA,NA,NA,NA,NA,NA,NA,NA,NA,NA,NA,NA,NA,NA,NA,NA,NA,NA,NA,NA,NA,NA,NA,NA,NA,NA,NA,NA,NA,NA,NA,NA,NA,NA,NA,NA,NA,NA,NA,NA,NA,NA,NA,NA,NA,NA,NA,NA,NA,NA,NA,NA,NA,NA,NA,NA,NA,NA,NA,NA,NA,NA,NA,NA,NA,NA,NA,NA,NA,NA,NA,NA,NA,NA
969390.542813136,1178233.13677853,-3.83353308788205,-1.21439024156753,0.808165417000556,-0.644310817330896,-1.19018362830178,-0.571978250345355,-0.648121286086691,-1.71807132062202,0.727622377661708,0.239343767496925,-1.17806029011346,0.458767821497579,1.92993407199938,-0.650652353655641,0.204808913820886,0.390417448303602,-0.0819200211241052,0.750913767260599,1.40771646115693,-1.70931670020848,-0.258617077246589,0.300877929893027,-0.209827408056024,0.967265949134165,0.637543033468802,0.195160300040443,1.88392576346927,-0.796473881743474,-2.02091838646154,-1.58014079570903,-0.893333590370323,-0.779399530043624,1.53288787064328,-0.152341902321748,0.344752724458511,-0.783519227898991,0.935379581951444,0.348015197575542,0.612253709499119,1.67153475414681,0.730290783433682,-0.754652647564633,0.755455657165215,-0.800007721723608,1.07960073307515,-1.78680589380979,1.28696011567976,0.541445123581316,-0.866156046328116,-0.0596436202160748,-0.217034709182036,-0.406055353040664,-0.00485731443220869,1.16763477567555,0.354485886365231,0.119573275330766,0.21876426501358,0.978753960347368,0.0307579561137177,0.53990431543199,0.165459497442564,0.992523106349278,1.64584995047128,-0.922230829948245,-0.542415624076965,0.948894928777975,-1.15895987190019,0.196499154898934,0.138688577180388,0.805550008536842,1.12566132840138,0.685187130980322,0.609895300103979,-2.10061758408757,-1.30605065883207,-0.362981184776831
977539.767727869,1178233.13677853,-3.83828087438446,-1.18801646100124,0.826775483573106,-0.591124334948577,-1.20685694242322,-0.537029155772916,-0.618550108200402,-1.74751576308655,0.703875046530466,0.273327787331644,-1.18277033380574,0.440988466666015,1.87175510491237,-0.677812881487714,0.223302036288158,0.442627901989406,-0.0353755711186177,0.736144877582064,1.34101152591736,-1.65028138875737,-0.235303916372385,0.253136370074781,-0.230186382264741,0.964009105941907,0.641775702974871,0.23523464169918,1.8618837144508,-0.733630036276769,-2.02907192437995,-1.51602886040339,-0.845810543987497,-0.847792749209743,1.56072776936908,-0.166659930228762,0.337558527784687,-0.747200711211402,0.954134688843635,0.399530238446452,0.5868631352285,1.66334329111148,0.703648095044763,-0.740731974342685,0.742970595237782,-0.852138242256654,1.12493881137751,-1.81840790344223,1.25411986859923,0.584709875290243,-0.914171738063891,0.00729045757292951,-0.22655294335743,-0.427930236931708,-0.0428900382493204,1.2396967521242,0.364089492451186,0.115901619655542,0.168414443572911,0.970422381016889,0.0460030258691229,0.545014048079561,0.105524714453847,1.03460002612313,1.66907430949067,-0.889120458259199,-0.544812376873884,0.950920922098213,-1.22006697829446,0.117065923355377,0.106704973618531,0.777746402140978,1.15163113308153,0.660431415096066,0.665153534685486,-2.15067432074867,-1.29649302119071,-0.420522556686711
985688.992642603,1178233.13677853,-3.84069470086934,-1.15820547143912,0.84629084016235,-0.538678679134277,-1.21640657040925,-0.521160979920847,-0.588426825662676,-1.7865149806937,0.687776328492256,0.293665305821333,-1.18455770738186,0.446853418903426,1.83025560338948,-0.705688805532464,0.23484608853373,0.471545703502183,0.000767823602196394,0.741582103455474,1.29847059299597,-1.59746330889407,-0.227384423225722,0.229697338506572,-0.231929307730293,0.964321689232976,0.651120552853507,0.266546942812043,1.82792298553606,-0.689918679962248,-2.03322277939598,-1.47032486069329,-0.794052806555207,-0.908972990453972,1.56806418472396,-0.164436001194066,0.35923689128042,-0.736313808781107,0.962861655136336,0.442959436263269,0.571923320488309,1.65027523614835,0.694470408019992,-0.741061256787167,0.739148263459999,-0.892581114698469,1.16396703410559,-1.83795739067489,1.21178577972086,0.613734775422373,-0.947811741110729,0.0640031724037676,-0.239407790945179,-0.450145853126457,-0.0790468399051721,1.283438187993,0.364326724111736,0.128877161980076,0.143802633051722,0.967681241940376,0.0528010265648293,0.541656415653487,0.0485794624500104,1.07274795521928,1.68044051832384,-0.86496245147971,-0.572089234996175,0.956338229617762,-1.26758283470608,0.0627307588483314,0.0952867117901569,0.748040647719535,1.16909612397226,0.637039931213509,0.689854404875824,-2.20302302869691,-1.29408282891762,-0.462547534535082
993838.217557336,1178233.13677853,-3.85339351543516,-1.12309937057309,0.867515927885457,-0.493074322892512,-1.21032075411851,-0.554752765776804,-0.560092340102727,-1.85734083401991,0.692516308055828,0.282608704782522,-1.18067439931224,0.504493578595366,1.83760808892342,-0.743739936749339,0.230807367234073,0.444009248853333,0.00528300842233605,0.800845033443247,1.32041601915766,-1.57431312953082,-0.263106516332694,0.264402528023153,-0.189745621350486,0.96824823500061,0.673414118376354,0.273244214440931,1.76883090706866,-0.695549641980024,-2.03493236733719,-1.47519578256899,-0.73995783016412,-0.940020922198191,1.52918484260828,-0.125658158931788,0.447201876023508,-0.790126699142924,0.941565301709196,0.462171718234174,0.583066976770883,1.62488249134992,0.732464205791735,-0.777931725186335,0.763813169659128,-0.900792306281184,1.18652199889723,-1.83609723142472,1.15580462675034,0.605558001200263,-0.947505177129086,0.0960831004758535,-0.262644132891601,-0.473856307508799,-0.110866070361277,1.24136246499301,0.342231746179759,0.177600735726489,0.179812402524133,0.973152810110688,0.0360064325944175,0.523266717206974,0.00314175838366103,1.0972485857755,1.66681036724416,-0.861744890754779,-0.670255271772785,0.9764823677526,-1.28741111829645,0.0734876044687398,0.144113145265345,0.70906336142764,1.18116232086356,0.640341704759679,0.653692727763775,-2.23393808363414,-1.29757234067362,-0.442341529894337
1001987.44247207,1178233.13677853,-3.86219685356698,-1.09067217129896,0.884580894545763,-0.453860038437314,-1.19950617981055,-0.60338765415407,-0.536046694414912,-1.9288165415494,0.702383862477688,0.258838554409323,-1.17585081437358,0.57299342453514,1.85952539238378,-0.777628535020586,0.218397900830323,0.398706739522884,0.000716367300871309,0.865842672705761,1.36005482615518,-1.55782995780354,-0.307787753280382,0.317400998919747,-0.137334001584303,0.975183969979488,0.696435696015104,0.27029185590523,1.70701825318521,-0.716485082850205,-2.03251321763521,-1.49514045605495,-0.689781961794871,-0.964011251804286,1.47818747278617,-0.0799257830187829,0.544460363145881,-0.862923665223554,0.914973881174349,0.472560151595294,0.600728566366936,1.59826987899164,0.778189128644159,-0.823698306602233,0.79071772609057,-0.897171375598212,1.20082381782452,-1.82250237523797,1.09941604518953,0.586423013343905,-0.933723941456675,0.11450666592475,-0.287358845860353,-0.494206224170738,-0.136024524915216,1.18108716056567,0.314434586923866,0.230877622237904,0.232986274668891,0.981769661465416,0.0135874503597783,0.497481376408221,-0.0330255142343064,1.11433878190428,1.6422639704755,-0.86970670927675,-0.778199483188868,0.994326285904327,-1.29055027595568,0.105945574512139,0.200282021638617,0.674795289090961,1.19083495400668,0.647950605164507,0.605158294558518,-2.24112780775721,-1.30097525157807,-0.400940919059322
1010136.6673868,1178233.13677853,-3.86604245162335,-1.06395194819962,0.898098723278592,-0.422257196036758,-1.18641197646891,-0.643845369129114,-0.509805497643318,-1.98620114653721,0.708949462974626,0.246191471170133,-1.16980167809049,0.625712853798731,1.87102704942777,-0.807028937917422,0.210187179359844,0.365303647435739,-0.00228381463121173,0.916121965402797,1.39203900102486,-1.54176662931873,-0.341078699486949,0.357086893712278,-0.101676308716183,0.979610161247881,0.714347046732838,0.26542633519638,1.65528111219182,-0.732349040833369,-2.03135576769733,-1.51098634104096,-0.650969806754866,-0.98323186710456,1.43770061986237,-0.0436051640057842,0.616321973701249,-0.922597762887968,0.89490471514955,0.483196243772854,0.616922574860258,1.57313263765353,0.81190982587202,-0.862248802959634,0.812017865046494,-0.898607036977731,1.21191713626795,-1.80771946975831,1.05546958675534,0.573729633558583,-0.915584056303078,0.126762540027234,-0.305408048828053,-0.511135625538126,-0.155478843141234,1.13119015183172,0.292921756618632,0.27341442510852,0.27430113345629,0.98599067868923,-0.0014766093828443,0.475854543570991,-0.0576794572274284,1.12600414944365,1.62431221213836,-0.88065854374323,-0.869268646759923,1.00790864339486,-1.29064433812834,0.130823529282852,0.247666806004011,0.648571731215502,1.2000504295827,0.646344363928982,0.567538974133047,-2.2360730567292,-1.30415473686384,-0.373060156378065
1018285.89230154,1178233.13677853,NA,NA,NA,NA,NA,NA,NA,NA,NA,NA,NA,NA,NA,NA,NA,NA,NA,NA,NA,NA,NA,NA,NA,NA,NA,NA,NA,NA,NA,NA,NA,NA,NA,NA,NA,NA,NA,NA,NA,NA,NA,NA,NA,NA,NA,NA,NA,NA,NA,NA,NA,NA,NA,NA,NA,NA,NA,NA,NA,NA,NA,NA,NA,NA,NA,NA,NA,NA,NA,NA,NA,NA,NA,NA,NA,NA
1026435.11721627,1178233.13677853,NA,NA,NA,NA,NA,NA,NA,NA,NA,NA,NA,NA,NA,NA,NA,NA,NA,NA,NA,NA,NA,NA,NA,NA,NA,NA,NA,NA,NA,NA,NA,NA,NA,NA,NA,NA,NA,NA,NA,NA,NA,NA,NA,NA,NA,NA,NA,NA,NA,NA,NA,NA,NA,NA,NA,NA,NA,NA,NA,NA,NA,NA,NA,NA,NA,NA,NA,NA,NA,NA,NA,NA,NA,NA,NA,NA
1034584.342131,1178233.13677853,NA,NA,NA,NA,NA,NA,NA,NA,NA,NA,NA,NA,NA,NA,NA,NA,NA,NA,NA,NA,NA,NA,NA,NA,NA,NA,NA,NA,NA,NA,NA,NA,NA,NA,NA,NA,NA,NA,NA,NA,NA,NA,NA,NA,NA,NA,NA,NA,NA,NA,NA,NA,NA,NA,NA,NA,NA,NA,NA,NA,NA,NA,NA,NA,NA,NA,NA,NA,NA,NA,NA,NA,NA,NA,NA,NA
1042733.56704574,1178233.13677853,NA,NA,NA,NA,NA,NA,NA,NA,NA,NA,NA,NA,NA,NA,NA,NA,NA,NA,NA,NA,NA,NA,NA,NA,NA,NA,NA,NA,NA,NA,NA,NA,NA,NA,NA,NA,NA,NA,NA,NA,NA,NA,NA,NA,NA,NA,NA,NA,NA,NA,NA,NA,NA,NA,NA,NA,NA,NA,NA,NA,NA,NA,NA,NA,NA,NA,NA,NA,NA,NA,NA,NA,NA,NA,NA,NA
1050882.79196047,1178233.13677853,NA,NA,NA,NA,NA,NA,NA,NA,NA,NA,NA,NA,NA,NA,NA,NA,NA,NA,NA,NA,NA,NA,NA,NA,NA,NA,NA,NA,NA,NA,NA,NA,NA,NA,NA,NA,NA,NA,NA,NA,NA,NA,NA,NA,NA,NA,NA,NA,NA,NA,NA,NA,NA,NA,NA,NA,NA,NA,NA,NA,NA,NA,NA,NA,NA,NA,NA,NA,NA,NA,NA,NA,NA,NA,NA,NA
1059032.01687521,1178233.13677853,NA,NA,NA,NA,NA,NA,NA,NA,NA,NA,NA,NA,NA,NA,NA,NA,NA,NA,NA,NA,NA,NA,NA,NA,NA,NA,NA,NA,NA,NA,NA,NA,NA,NA,NA,NA,NA,NA,NA,NA,NA,NA,NA,NA,NA,NA,NA,NA,NA,NA,NA,NA,NA,NA,NA,NA,NA,NA,NA,NA,NA,NA,NA,NA,NA,NA,NA,NA,NA,NA,NA,NA,NA,NA,NA,NA
1067181.24178994,1178233.13677853,NA,NA,NA,NA,NA,NA,NA,NA,NA,NA,NA,NA,NA,NA,NA,NA,NA,NA,NA,NA,NA,NA,NA,NA,NA,NA,NA,NA,NA,NA,NA,NA,NA,NA,NA,NA,NA,NA,NA,NA,NA,NA,NA,NA,NA,NA,NA,NA,NA,NA,NA,NA,NA,NA,NA,NA,NA,NA,NA,NA,NA,NA,NA,NA,NA,NA,NA,NA,NA,NA,NA,NA,NA,NA,NA,NA
1075330.46670467,1178233.13677853,NA,NA,NA,NA,NA,NA,NA,NA,NA,NA,NA,NA,NA,NA,NA,NA,NA,NA,NA,NA,NA,NA,NA,NA,NA,NA,NA,NA,NA,NA,NA,NA,NA,NA,NA,NA,NA,NA,NA,NA,NA,NA,NA,NA,NA,NA,NA,NA,NA,NA,NA,NA,NA,NA,NA,NA,NA,NA,NA,NA,NA,NA,NA,NA,NA,NA,NA,NA,NA,NA,NA,NA,NA,NA,NA,NA
1083479.69161941,1178233.13677853,NA,NA,NA,NA,NA,NA,NA,NA,NA,NA,NA,NA,NA,NA,NA,NA,NA,NA,NA,NA,NA,NA,NA,NA,NA,NA,NA,NA,NA,NA,NA,NA,NA,NA,NA,NA,NA,NA,NA,NA,NA,NA,NA,NA,NA,NA,NA,NA,NA,NA,NA,NA,NA,NA,NA,NA,NA,NA,NA,NA,NA,NA,NA,NA,NA,NA,NA,NA,NA,NA,NA,NA,NA,NA,NA,NA
1091628.91653414,1178233.13677853,NA,NA,NA,NA,NA,NA,NA,NA,NA,NA,NA,NA,NA,NA,NA,NA,NA,NA,NA,NA,NA,NA,NA,NA,NA,NA,NA,NA,NA,NA,NA,NA,NA,NA,NA,NA,NA,NA,NA,NA,NA,NA,NA,NA,NA,NA,NA,NA,NA,NA,NA,NA,NA,NA,NA,NA,NA,NA,NA,NA,NA,NA,NA,NA,NA,NA,NA,NA,NA,NA,NA,NA,NA,NA,NA,NA
1099778.14144887,1178233.13677853,NA,NA,NA,NA,NA,NA,NA,NA,NA,NA,NA,NA,NA,NA,NA,NA,NA,NA,NA,NA,NA,NA,NA,NA,NA,NA,NA,NA,NA,NA,NA,NA,NA,NA,NA,NA,NA,NA,NA,NA,NA,NA,NA,NA,NA,NA,NA,NA,NA,NA,NA,NA,NA,NA,NA,NA,NA,NA,NA,NA,NA,NA,NA,NA,NA,NA,NA,NA,NA,NA,NA,NA,NA,NA,NA,NA
1107927.36636361,1178233.13677853,NA,NA,NA,NA,NA,NA,NA,NA,NA,NA,NA,NA,NA,NA,NA,NA,NA,NA,NA,NA,NA,NA,NA,NA,NA,NA,NA,NA,NA,NA,NA,NA,NA,NA,NA,NA,NA,NA,NA,NA,NA,NA,NA,NA,NA,NA,NA,NA,NA,NA,NA,NA,NA,NA,NA,NA,NA,NA,NA,NA,NA,NA,NA,NA,NA,NA,NA,NA,NA,NA,NA,NA,NA,NA,NA,NA
1116076.59127834,1178233.13677853,NA,NA,NA,NA,NA,NA,NA,NA,NA,NA,NA,NA,NA,NA,NA,NA,NA,NA,NA,NA,NA,NA,NA,NA,NA,NA,NA,NA,NA,NA,NA,NA,NA,NA,NA,NA,NA,NA,NA,NA,NA,NA,NA,NA,NA,NA,NA,NA,NA,NA,NA,NA,NA,NA,NA,NA,NA,NA,NA,NA,NA,NA,NA,NA,NA,NA,NA,NA,NA,NA,NA,NA,NA,NA,NA,NA
1124225.81619307,1178233.13677853,NA,NA,NA,NA,NA,NA,NA,NA,NA,NA,NA,NA,NA,NA,NA,NA,NA,NA,NA,NA,NA,NA,NA,NA,NA,NA,NA,NA,NA,NA,NA,NA,NA,NA,NA,NA,NA,NA,NA,NA,NA,NA,NA,NA,NA,NA,NA,NA,NA,NA,NA,NA,NA,NA,NA,NA,NA,NA,NA,NA,NA,NA,NA,NA,NA,NA,NA,NA,NA,NA,NA,NA,NA,NA,NA,NA
1132375.04110781,1178233.13677853,NA,NA,NA,NA,NA,NA,NA,NA,NA,NA,NA,NA,NA,NA,NA,NA,NA,NA,NA,NA,NA,NA,NA,NA,NA,NA,NA,NA,NA,NA,NA,NA,NA,NA,NA,NA,NA,NA,NA,NA,NA,NA,NA,NA,NA,NA,NA,NA,NA,NA,NA,NA,NA,NA,NA,NA,NA,NA,NA,NA,NA,NA,NA,NA,NA,NA,NA,NA,NA,NA,NA,NA,NA,NA,NA,NA
1140524.26602254,1178233.13677853,NA,NA,NA,NA,NA,NA,NA,NA,NA,NA,NA,NA,NA,NA,NA,NA,NA,NA,NA,NA,NA,NA,NA,NA,NA,NA,NA,NA,NA,NA,NA,NA,NA,NA,NA,NA,NA,NA,NA,NA,NA,NA,NA,NA,NA,NA,NA,NA,NA,NA,NA,NA,NA,NA,NA,NA,NA,NA,NA,NA,NA,NA,NA,NA,NA,NA,NA,NA,NA,NA,NA,NA,NA,NA,NA,NA
1148673.49093727,1178233.13677853,NA,NA,NA,NA,NA,NA,NA,NA,NA,NA,NA,NA,NA,NA,NA,NA,NA,NA,NA,NA,NA,NA,NA,NA,NA,NA,NA,NA,NA,NA,NA,NA,NA,NA,NA,NA,NA,NA,NA,NA,NA,NA,NA,NA,NA,NA,NA,NA,NA,NA,NA,NA,NA,NA,NA,NA,NA,NA,NA,NA,NA,NA,NA,NA,NA,NA,NA,NA,NA,NA,NA,NA,NA,NA,NA,NA
1156822.71585201,1178233.13677853,NA,NA,NA,NA,NA,NA,NA,NA,NA,NA,NA,NA,NA,NA,NA,NA,NA,NA,NA,NA,NA,NA,NA,NA,NA,NA,NA,NA,NA,NA,NA,NA,NA,NA,NA,NA,NA,NA,NA,NA,NA,NA,NA,NA,NA,NA,NA,NA,NA,NA,NA,NA,NA,NA,NA,NA,NA,NA,NA,NA,NA,NA,NA,NA,NA,NA,NA,NA,NA,NA,NA,NA,NA,NA,NA,NA
1164971.94076674,1178233.13677853,NA,NA,NA,NA,NA,NA,NA,NA,NA,NA,NA,NA,NA,NA,NA,NA,NA,NA,NA,NA,NA,NA,NA,NA,NA,NA,NA,NA,NA,NA,NA,NA,NA,NA,NA,NA,NA,NA,NA,NA,NA,NA,NA,NA,NA,NA,NA,NA,NA,NA,NA,NA,NA,NA,NA,NA,NA,NA,NA,NA,NA,NA,NA,NA,NA,NA,NA,NA,NA,NA,NA,NA,NA,NA,NA,NA
1173121.16568148,1178233.13677853,NA,NA,NA,NA,NA,NA,NA,NA,NA,NA,NA,NA,NA,NA,NA,NA,NA,NA,NA,NA,NA,NA,NA,NA,NA,NA,NA,NA,NA,NA,NA,NA,NA,NA,NA,NA,NA,NA,NA,NA,NA,NA,NA,NA,NA,NA,NA,NA,NA,NA,NA,NA,NA,NA,NA,NA,NA,NA,NA,NA,NA,NA,NA,NA,NA,NA,NA,NA,NA,NA,NA,NA,NA,NA,NA,NA
1181270.39059621,1178233.13677853,NA,NA,NA,NA,NA,NA,NA,NA,NA,NA,NA,NA,NA,NA,NA,NA,NA,NA,NA,NA,NA,NA,NA,NA,NA,NA,NA,NA,NA,NA,NA,NA,NA,NA,NA,NA,NA,NA,NA,NA,NA,NA,NA,NA,NA,NA,NA,NA,NA,NA,NA,NA,NA,NA,NA,NA,NA,NA,NA,NA,NA,NA,NA,NA,NA,NA,NA,NA,NA,NA,NA,NA,NA,NA,NA,NA
1189419.61551094,1178233.13677853,NA,NA,NA,NA,NA,NA,NA,NA,NA,NA,NA,NA,NA,NA,NA,NA,NA,NA,NA,NA,NA,NA,NA,NA,NA,NA,NA,NA,NA,NA,NA,NA,NA,NA,NA,NA,NA,NA,NA,NA,NA,NA,NA,NA,NA,NA,NA,NA,NA,NA,NA,NA,NA,NA,NA,NA,NA,NA,NA,NA,NA,NA,NA,NA,NA,NA,NA,NA,NA,NA,NA,NA,NA,NA,NA,NA
1197568.84042568,1178233.13677853,NA,NA,NA,NA,NA,NA,NA,NA,NA,NA,NA,NA,NA,NA,NA,NA,NA,NA,NA,NA,NA,NA,NA,NA,NA,NA,NA,NA,NA,NA,NA,NA,NA,NA,NA,NA,NA,NA,NA,NA,NA,NA,NA,NA,NA,NA,NA,NA,NA,NA,NA,NA,NA,NA,NA,NA,NA,NA,NA,NA,NA,NA,NA,NA,NA,NA,NA,NA,NA,NA,NA,NA,NA,NA,NA,NA
1205718.06534041,1178233.13677853,NA,NA,NA,NA,NA,NA,NA,NA,NA,NA,NA,NA,NA,NA,NA,NA,NA,NA,NA,NA,NA,NA,NA,NA,NA,NA,NA,NA,NA,NA,NA,NA,NA,NA,NA,NA,NA,NA,NA,NA,NA,NA,NA,NA,NA,NA,NA,NA,NA,NA,NA,NA,NA,NA,NA,NA,NA,NA,NA,NA,NA,NA,NA,NA,NA,NA,NA,NA,NA,NA,NA,NA,NA,NA,NA,NA
1213867.29025514,1178233.13677853,NA,NA,NA,NA,NA,NA,NA,NA,NA,NA,NA,NA,NA,NA,NA,NA,NA,NA,NA,NA,NA,NA,NA,NA,NA,NA,NA,NA,NA,NA,NA,NA,NA,NA,NA,NA,NA,NA,NA,NA,NA,NA,NA,NA,NA,NA,NA,NA,NA,NA,NA,NA,NA,NA,NA,NA,NA,NA,NA,NA,NA,NA,NA,NA,NA,NA,NA,NA,NA,NA,NA,NA,NA,NA,NA,NA
1222016.51516988,1178233.13677853,NA,NA,NA,NA,NA,NA,NA,NA,NA,NA,NA,NA,NA,NA,NA,NA,NA,NA,NA,NA,NA,NA,NA,NA,NA,NA,NA,NA,NA,NA,NA,NA,NA,NA,NA,NA,NA,NA,NA,NA,NA,NA,NA,NA,NA,NA,NA,NA,NA,NA,NA,NA,NA,NA,NA,NA,NA,NA,NA,NA,NA,NA,NA,NA,NA,NA,NA,NA,NA,NA,NA,NA,NA,NA,NA,NA
879749.068751066,1170083.91186379,NA,NA,NA,NA,NA,NA,NA,NA,NA,NA,NA,NA,NA,NA,NA,NA,NA,NA,NA,NA,NA,NA,NA,NA,NA,NA,NA,NA,NA,NA,NA,NA,NA,NA,NA,NA,NA,NA,NA,NA,NA,NA,NA,NA,NA,NA,NA,NA,NA,NA,NA,NA,NA,NA,NA,NA,NA,NA,NA,NA,NA,NA,NA,NA,NA,NA,NA,NA,NA,NA,NA,NA,NA,NA,NA,NA
887898.2936658,1170083.91186379,NA,NA,NA,NA,NA,NA,NA,NA,NA,NA,NA,NA,NA,NA,NA,NA,NA,NA,NA,NA,NA,NA,NA,NA,NA,NA,NA,NA,NA,NA,NA,NA,NA,NA,NA,NA,NA,NA,NA,NA,NA,NA,NA,NA,NA,NA,NA,NA,NA,NA,NA,NA,NA,NA,NA,NA,NA,NA,NA,NA,NA,NA,NA,NA,NA,NA,NA,NA,NA,NA,NA,NA,NA,NA,NA,NA
896047.518580533,1170083.91186379,NA,NA,NA,NA,NA,NA,NA,NA,NA,NA,NA,NA,NA,NA,NA,NA,NA,NA,NA,NA,NA,NA,NA,NA,NA,NA,NA,NA,NA,NA,NA,NA,NA,NA,NA,NA,NA,NA,NA,NA,NA,NA,NA,NA,NA,NA,NA,NA,NA,NA,NA,NA,NA,NA,NA,NA,NA,NA,NA,NA,NA,NA,NA,NA,NA,NA,NA,NA,NA,NA,NA,NA,NA,NA,NA,NA
904196.743495267,1170083.91186379,NA,NA,NA,NA,NA,NA,NA,NA,NA,NA,NA,NA,NA,NA,NA,NA,NA,NA,NA,NA,NA,NA,NA,NA,NA,NA,NA,NA,NA,NA,NA,NA,NA,NA,NA,NA,NA,NA,NA,NA,NA,NA,NA,NA,NA,NA,NA,NA,NA,NA,NA,NA,NA,NA,NA,NA,NA,NA,NA,NA,NA,NA,NA,NA,NA,NA,NA,NA,NA,NA,NA,NA,NA,NA,NA,NA
912345.96841,1170083.91186379,NA,NA,NA,NA,NA,NA,NA,NA,NA,NA,NA,NA,NA,NA,NA,NA,NA,NA,NA,NA,NA,NA,NA,NA,NA,NA,NA,NA,NA,NA,NA,NA,NA,NA,NA,NA,NA,NA,NA,NA,NA,NA,NA,NA,NA,NA,NA,NA,NA,NA,NA,NA,NA,NA,NA,NA,NA,NA,NA,NA,NA,NA,NA,NA,NA,NA,NA,NA,NA,NA,NA,NA,NA,NA,NA,NA
920495.193324734,1170083.91186379,NA,NA,NA,NA,NA,NA,NA,NA,NA,NA,NA,NA,NA,NA,NA,NA,NA,NA,NA,NA,NA,NA,NA,NA,NA,NA,NA,NA,NA,NA,NA,NA,NA,NA,NA,NA,NA,NA,NA,NA,NA,NA,NA,NA,NA,NA,NA,NA,NA,NA,NA,NA,NA,NA,NA,NA,NA,NA,NA,NA,NA,NA,NA,NA,NA,NA,NA,NA,NA,NA,NA,NA,NA,NA,NA,NA
928644.418239468,1170083.91186379,NA,NA,NA,NA,NA,NA,NA,NA,NA,NA,NA,NA,NA,NA,NA,NA,NA,NA,NA,NA,NA,NA,NA,NA,NA,NA,NA,NA,NA,NA,NA,NA,NA,NA,NA,NA,NA,NA,NA,NA,NA,NA,NA,NA,NA,NA,NA,NA,NA,NA,NA,NA,NA,NA,NA,NA,NA,NA,NA,NA,NA,NA,NA,NA,NA,NA,NA,NA,NA,NA,NA,NA,NA,NA,NA,NA
936793.643154201,1170083.91186379,NA,NA,NA,NA,NA,NA,NA,NA,NA,NA,NA,NA,NA,NA,NA,NA,NA,NA,NA,NA,NA,NA,NA,NA,NA,NA,NA,NA,NA,NA,NA,NA,NA,NA,NA,NA,NA,NA,NA,NA,NA,NA,NA,NA,NA,NA,NA,NA,NA,NA,NA,NA,NA,NA,NA,NA,NA,NA,NA,NA,NA,NA,NA,NA,NA,NA,NA,NA,NA,NA,NA,NA,NA,NA,NA,NA
944942.868068935,1170083.91186379,NA,NA,NA,NA,NA,NA,NA,NA,NA,NA,NA,NA,NA,NA,NA,NA,NA,NA,NA,NA,NA,NA,NA,NA,NA,NA,NA,NA,NA,NA,NA,NA,NA,NA,NA,NA,NA,NA,NA,NA,NA,NA,NA,NA,NA,NA,NA,NA,NA,NA,NA,NA,NA,NA,NA,NA,NA,NA,NA,NA,NA,NA,NA,NA,NA,NA,NA,NA,NA,NA,NA,NA,NA,NA,NA,NA
953092.092983668,1170083.91186379,NA,NA,NA,NA,NA,NA,NA,NA,NA,NA,NA,NA,NA,NA,NA,NA,NA,NA,NA,NA,NA,NA,NA,NA,NA,NA,NA,NA,NA,NA,NA,NA,NA,NA,NA,NA,NA,NA,NA,NA,NA,NA,NA,NA,NA,NA,NA,NA,NA,NA,NA,NA,NA,NA,NA,NA,NA,NA,NA,NA,NA,NA,NA,NA,NA,NA,NA,NA,NA,NA,NA,NA,NA,NA,NA,NA
961241.317898402,1170083.91186379,NA,NA,NA,NA,NA,NA,NA,NA,NA,NA,NA,NA,NA,NA,NA,NA,NA,NA,NA,NA,NA,NA,NA,NA,NA,NA,NA,NA,NA,NA,NA,NA,NA,NA,NA,NA,NA,NA,NA,NA,NA,NA,NA,NA,NA,NA,NA,NA,NA,NA,NA,NA,NA,NA,NA,NA,NA,NA,NA,NA,NA,NA,NA,NA,NA,NA,NA,NA,NA,NA,NA,NA,NA,NA,NA,NA
969390.542813136,1170083.91186379,NA,NA,NA,NA,NA,NA,NA,NA,NA,NA,NA,NA,NA,NA,NA,NA,NA,NA,NA,NA,NA,NA,NA,NA,NA,NA,NA,NA,NA,NA,NA,NA,NA,NA,NA,NA,NA,NA,NA,NA,NA,NA,NA,NA,NA,NA,NA,NA,NA,NA,NA,NA,NA,NA,NA,NA,NA,NA,NA,NA,NA,NA,NA,NA,NA,NA,NA,NA,NA,NA,NA,NA,NA,NA,NA,NA
977539.767727869,1170083.91186379,-3.77294069372016,-1.19607319661539,0.856848539022793,-0.536406810980276,-1.26286752733356,-0.543104413292775,-0.583452302859104,-1.66282316457795,0.69143129886801,0.327336209830348,-1.21258897742098,0.40091497139232,1.86047873411614,-0.727655397438471,0.202027948171414,0.454708034588938,0.0415769767758434,0.761001518766075,1.3654028946505,-1.57209470912726,-0.243987884774504,0.301091443728945,-0.164696283128579,0.922863822002685,0.70782695599952,0.252762097416342,1.80900202140824,-0.671494907438676,-2.00558077429465,-1.50219087137726,-0.797956003468938,-0.862061141587732,1.67567009555888,-0.190844309801664,0.301211896061517,-0.805727198993994,0.959717026593727,0.42745284420601,0.590814635627708,1.63962090972553,0.748973687142832,-0.783163668871787,0.664013438188424,-0.942904383648206,1.18123622624523,-1.77560664450065,1.17200204558555,0.640952609450526,-0.855098389472194,0.0245500681986873,-0.212434974516841,-0.49838662836819,-0.0351373529747807,1.25137754751229,0.361573331895859,0.0662767801080199,0.163342193550319,0.924343349571245,0.0207703604803026,0.533594927384147,0.097706535242709,1.0306624989843,1.65648247384229,-0.907730958833062,-0.524586672068222,0.928486426311448,-1.23093012126119,0.0614109467692782,0.15112696693866,0.741329807111466,1.20192621276189,0.599530627478032,0.64673318568698,-2.22657646509196,-1.34492121638917,-0.466054660969389
985688.992642603,1170083.91186379,-3.77564166876793,-1.16532941028315,0.88083470110582,-0.493264891402806,-1.27352040918095,-0.523259136541573,-0.55429448088915,-1.69897208396597,0.673356616907467,0.351690948666467,-1.21682754707837,0.409894999730872,1.80967236742403,-0.752375833216254,0.218730901225645,0.482627366759035,0.0768312457292883,0.769676315811051,1.32450795736909,-1.51821813786582,-0.238123151334645,0.271783026638268,-0.168216277062842,0.918851153952709,0.716036268634077,0.287015285747029,1.76913869822688,-0.630937847143733,-2.01369572288834,-1.46186947238667,-0.747505481827808,-0.911957295807747,1.67706895222696,-0.186413557344328,0.323645825456073,-0.791134070336629,0.964538340169251,0.466370429959158,0.576790602669084,1.62691473799858,0.742838221104069,-0.790269706231866,0.653883511772038,-0.9957635895699,1.2156214571548,-1.79907971450225,1.11261185463068,0.665321594725019,-0.889264675190043,0.0788044454392611,-0.218981400925693,-0.529658077422327,-0.074549020603925,1.3037039198348,0.359845358025198,0.086736550831585,0.141069597708551,0.927589495787031,0.0240901470633983,0.530318826680398,0.0389354714301524,1.07088490477939,1.67120099381297,-0.876878380407828,-0.557457748884018,0.932772791167203,-1.28103075685484,0.00526671959703399,0.144374195768669,0.708945980190086,1.22632924045293,0.589437819620795,0.677274184570329,-2.26026937525137,-1.33481079773829,-0.4959061636003
993838.217557336,1170083.91186379,-3.79486835602003,-1.12743673586322,0.905308528040117,-0.455857084624029,-1.26549580535928,-0.546241285878194,-0.526645998797263,-1.76943769876908,0.676859781634424,0.350162006236516,-1.21095760933652,0.463462403833531,1.80732680489493,-0.790978127839786,0.225682249356063,0.463213952080916,0.0788866236446602,0.830091443458925,1.34037407070849,-1.50098084130065,-0.273179619787091,0.290530630574188,-0.13420122365349,0.916851141746037,0.734871437541893,0.29759302266142,1.71075096190971,-0.634686028461868,-2.01995629113509,-1.46614592007719,-0.698486435424426,-0.927509445701212,1.63698721201356,-0.148784459611501,0.407516735009954,-0.831156149071286,0.939087211183372,0.482414324957606,0.586667458829027,1.6024409776497,0.780503982140095,-0.825543604490501,0.682027751673353,-1.00966479124324,1.23473031357865,-1.8074331070255,1.05352028015102,0.655491206316622,-0.89585817955854,0.114357072310393,-0.2366462788543,-0.557517786698274,-0.110094809756527,1.26315925141069,0.34021720909167,0.139534061996857,0.170032771396882,0.934779362855681,0.00782308269939134,0.520867576963974,-0.00753079180643766,1.09696627751004,1.66705263952496,-0.858942032146566,-0.659334522503806,0.958393951601099,-1.31111926702537,0.0102885565843211,0.197767239010005,0.665102105216859,1.23749793033776,0.585570996623379,0.650500225900769,-2.27690918579211,-1.33765990566479,-0.477449994422222
1001987.44247207,1170083.91186379,-3.81652577803491,-1.09103901926048,0.925223553251672,-0.425812674640934,-1.24846774034546,-0.586651082471476,-0.503373035194298,-1.8462659996191,0.6898578937129,0.335936754099454,-1.20036013782873,0.529089441026607,1.82727480893148,-0.829906182807439,0.22616597134469,0.423442696575126,0.0656096413699097,0.903443369398414,1.37974293271467,-1.50130782688479,-0.322066615666918,0.330002289143042,-0.0875240107536781,0.916327195288314,0.755541658549923,0.295190126523843,1.6512745020684,-0.65822817916304,-2.0224138229717,-1.49003618374256,-0.656750812218643,-0.925201562724333,1.58202240887031,-0.101511503998775,0.505366000888678,-0.892404434143945,0.903344045553209,0.485631771250972,0.606134666864489,1.57530015342104,0.831644895053704,-0.869163820191424,0.722720366101136,-1.0017987641587,1.24324181635682,-1.80456228766437,1.00314219123807,0.631074693042202,-0.886490358579451,0.13541119692144,-0.256818324036337,-0.578649902462606,-0.137774334347649,1.18410943242685,0.31497428119646,0.198407267689507,0.218808010446793,0.942217762503184,-0.0150103250353308,0.508493814285764,-0.0402745878020068,1.11157540166326,1.65290855041834,-0.850284605761464,-0.780944683377636,0.988633485534946,-1.32460645894807,0.0442050052825479,0.269245872275493,0.622935448227039,1.24046522952132,0.582475799386603,0.600620008241656,-2.27884615466923,-1.34567965521085,-0.438763214855773
1010136.6673868,1170083.91186379,-3.82878498241161,-1.06084257896592,0.940329242801304,-0.400886701807147,-1.22986593137413,-0.621023750574012,-0.478221797273645,-1.90817031416403,0.698899794488679,0.32949974907858,-1.18962403943262,0.580320410071804,1.8373721759517,-0.862743782874849,0.227137431889534,0.393437645345425,0.0559448217302802,0.959504462305798,1.4116111412267,-1.4975476914554,-0.358782802115927,0.360713363488138,-0.0553249680683845,0.915871947583315,0.771313940969389,0.290550221112742,1.6009423772149,-0.676211429226244,-2.02428436698399,-1.50876963603767,-0.623793434013396,-0.924945644716321,1.53722375780667,-0.0632892452841785,0.578933024924874,-0.943445997174448,0.876141553219375,0.4904780189755,0.623394919963565,1.54954739783723,0.869069548976455,-0.905992943330285,0.754363639348967,-0.999109999741682,1.24947053743223,-1.79699446978401,0.964364510111644,0.613785592497705,-0.87151430725511,0.149355236522033,-0.271496229402578,-0.595162577209741,-0.159417826726333,1.11891408131406,0.295358443475432,0.245120027515192,0.257277403042618,0.945530325600997,-0.030487658845996,0.49601629785215,-0.0621811790749223,1.12140991928519,1.6422586420667,-0.849106168960636,-0.882583480100453,1.01079024174196,-1.33098136069218,0.0709740141870523,0.326840935372522,0.590900154686039,1.24396580086806,0.579023761886305,0.559473878426431,-2.27580763601426,-1.35113611136158,-0.412565994763364
1018285.89230154,1170083.91186379,NA,NA,NA,NA,NA,NA,NA,NA,NA,NA,NA,NA,NA,NA,NA,NA,NA,NA,NA,NA,NA,NA,NA,NA,NA,NA,NA,NA,NA,NA,NA,NA,NA,NA,NA,NA,NA,NA,NA,NA,NA,NA,NA,NA,NA,NA,NA,NA,NA,NA,NA,NA,NA,NA,NA,NA,NA,NA,NA,NA,NA,NA,NA,NA,NA,NA,NA,NA,NA,NA,NA,NA,NA,NA,NA,NA
1026435.11721627,1170083.91186379,NA,NA,NA,NA,NA,NA,NA,NA,NA,NA,NA,NA,NA,NA,NA,NA,NA,NA,NA,NA,NA,NA,NA,NA,NA,NA,NA,NA,NA,NA,NA,NA,NA,NA,NA,NA,NA,NA,NA,NA,NA,NA,NA,NA,NA,NA,NA,NA,NA,NA,NA,NA,NA,NA,NA,NA,NA,NA,NA,NA,NA,NA,NA,NA,NA,NA,NA,NA,NA,NA,NA,NA,NA,NA,NA,NA
1034584.342131,1170083.91186379,NA,NA,NA,NA,NA,NA,NA,NA,NA,NA,NA,NA,NA,NA,NA,NA,NA,NA,NA,NA,NA,NA,NA,NA,NA,NA,NA,NA,NA,NA,NA,NA,NA,NA,NA,NA,NA,NA,NA,NA,NA,NA,NA,NA,NA,NA,NA,NA,NA,NA,NA,NA,NA,NA,NA,NA,NA,NA,NA,NA,NA,NA,NA,NA,NA,NA,NA,NA,NA,NA,NA,NA,NA,NA,NA,NA
1042733.56704574,1170083.91186379,NA,NA,NA,NA,NA,NA,NA,NA,NA,NA,NA,NA,NA,NA,NA,NA,NA,NA,NA,NA,NA,NA,NA,NA,NA,NA,NA,NA,NA,NA,NA,NA,NA,NA,NA,NA,NA,NA,NA,NA,NA,NA,NA,NA,NA,NA,NA,NA,NA,NA,NA,NA,NA,NA,NA,NA,NA,NA,NA,NA,NA,NA,NA,NA,NA,NA,NA,NA,NA,NA,NA,NA,NA,NA,NA,NA
1050882.79196047,1170083.91186379,NA,NA,NA,NA,NA,NA,NA,NA,NA,NA,NA,NA,NA,NA,NA,NA,NA,NA,NA,NA,NA,NA,NA,NA,NA,NA,NA,NA,NA,NA,NA,NA,NA,NA,NA,NA,NA,NA,NA,NA,NA,NA,NA,NA,NA,NA,NA,NA,NA,NA,NA,NA,NA,NA,NA,NA,NA,NA,NA,NA,NA,NA,NA,NA,NA,NA,NA,NA,NA,NA,NA,NA,NA,NA,NA,NA
1059032.01687521,1170083.91186379,NA,NA,NA,NA,NA,NA,NA,NA,NA,NA,NA,NA,NA,NA,NA,NA,NA,NA,NA,NA,NA,NA,NA,NA,NA,NA,NA,NA,NA,NA,NA,NA,NA,NA,NA,NA,NA,NA,NA,NA,NA,NA,NA,NA,NA,NA,NA,NA,NA,NA,NA,NA,NA,NA,NA,NA,NA,NA,NA,NA,NA,NA,NA,NA,NA,NA,NA,NA,NA,NA,NA,NA,NA,NA,NA,NA
1067181.24178994,1170083.91186379,NA,NA,NA,NA,NA,NA,NA,NA,NA,NA,NA,NA,NA,NA,NA,NA,NA,NA,NA,NA,NA,NA,NA,NA,NA,NA,NA,NA,NA,NA,NA,NA,NA,NA,NA,NA,NA,NA,NA,NA,NA,NA,NA,NA,NA,NA,NA,NA,NA,NA,NA,NA,NA,NA,NA,NA,NA,NA,NA,NA,NA,NA,NA,NA,NA,NA,NA,NA,NA,NA,NA,NA,NA,NA,NA,NA
1075330.46670467,1170083.91186379,NA,NA,NA,NA,NA,NA,NA,NA,NA,NA,NA,NA,NA,NA,NA,NA,NA,NA,NA,NA,NA,NA,NA,NA,NA,NA,NA,NA,NA,NA,NA,NA,NA,NA,NA,NA,NA,NA,NA,NA,NA,NA,NA,NA,NA,NA,NA,NA,NA,NA,NA,NA,NA,NA,NA,NA,NA,NA,NA,NA,NA,NA,NA,NA,NA,NA,NA,NA,NA,NA,NA,NA,NA,NA,NA,NA
1083479.69161941,1170083.91186379,NA,NA,NA,NA,NA,NA,NA,NA,NA,NA,NA,NA,NA,NA,NA,NA,NA,NA,NA,NA,NA,NA,NA,NA,NA,NA,NA,NA,NA,NA,NA,NA,NA,NA,NA,NA,NA,NA,NA,NA,NA,NA,NA,NA,NA,NA,NA,NA,NA,NA,NA,NA,NA,NA,NA,NA,NA,NA,NA,NA,NA,NA,NA,NA,NA,NA,NA,NA,NA,NA,NA,NA,NA,NA,NA,NA
1091628.91653414,1170083.91186379,NA,NA,NA,NA,NA,NA,NA,NA,NA,NA,NA,NA,NA,NA,NA,NA,NA,NA,NA,NA,NA,NA,NA,NA,NA,NA,NA,NA,NA,NA,NA,NA,NA,NA,NA,NA,NA,NA,NA,NA,NA,NA,NA,NA,NA,NA,NA,NA,NA,NA,NA,NA,NA,NA,NA,NA,NA,NA,NA,NA,NA,NA,NA,NA,NA,NA,NA,NA,NA,NA,NA,NA,NA,NA,NA,NA
1099778.14144887,1170083.91186379,NA,NA,NA,NA,NA,NA,NA,NA,NA,NA,NA,NA,NA,NA,NA,NA,NA,NA,NA,NA,NA,NA,NA,NA,NA,NA,NA,NA,NA,NA,NA,NA,NA,NA,NA,NA,NA,NA,NA,NA,NA,NA,NA,NA,NA,NA,NA,NA,NA,NA,NA,NA,NA,NA,NA,NA,NA,NA,NA,NA,NA,NA,NA,NA,NA,NA,NA,NA,NA,NA,NA,NA,NA,NA,NA,NA
1107927.36636361,1170083.91186379,NA,NA,NA,NA,NA,NA,NA,NA,NA,NA,NA,NA,NA,NA,NA,NA,NA,NA,NA,NA,NA,NA,NA,NA,NA,NA,NA,NA,NA,NA,NA,NA,NA,NA,NA,NA,NA,NA,NA,NA,NA,NA,NA,NA,NA,NA,NA,NA,NA,NA,NA,NA,NA,NA,NA,NA,NA,NA,NA,NA,NA,NA,NA,NA,NA,NA,NA,NA,NA,NA,NA,NA,NA,NA,NA,NA
1116076.59127834,1170083.91186379,NA,NA,NA,NA,NA,NA,NA,NA,NA,NA,NA,NA,NA,NA,NA,NA,NA,NA,NA,NA,NA,NA,NA,NA,NA,NA,NA,NA,NA,NA,NA,NA,NA,NA,NA,NA,NA,NA,NA,NA,NA,NA,NA,NA,NA,NA,NA,NA,NA,NA,NA,NA,NA,NA,NA,NA,NA,NA,NA,NA,NA,NA,NA,NA,NA,NA,NA,NA,NA,NA,NA,NA,NA,NA,NA,NA
1124225.81619307,1170083.91186379,NA,NA,NA,NA,NA,NA,NA,NA,NA,NA,NA,NA,NA,NA,NA,NA,NA,NA,NA,NA,NA,NA,NA,NA,NA,NA,NA,NA,NA,NA,NA,NA,NA,NA,NA,NA,NA,NA,NA,NA,NA,NA,NA,NA,NA,NA,NA,NA,NA,NA,NA,NA,NA,NA,NA,NA,NA,NA,NA,NA,NA,NA,NA,NA,NA,NA,NA,NA,NA,NA,NA,NA,NA,NA,NA,NA
1132375.04110781,1170083.91186379,NA,NA,NA,NA,NA,NA,NA,NA,NA,NA,NA,NA,NA,NA,NA,NA,NA,NA,NA,NA,NA,NA,NA,NA,NA,NA,NA,NA,NA,NA,NA,NA,NA,NA,NA,NA,NA,NA,NA,NA,NA,NA,NA,NA,NA,NA,NA,NA,NA,NA,NA,NA,NA,NA,NA,NA,NA,NA,NA,NA,NA,NA,NA,NA,NA,NA,NA,NA,NA,NA,NA,NA,NA,NA,NA,NA
1140524.26602254,1170083.91186379,NA,NA,NA,NA,NA,NA,NA,NA,NA,NA,NA,NA,NA,NA,NA,NA,NA,NA,NA,NA,NA,NA,NA,NA,NA,NA,NA,NA,NA,NA,NA,NA,NA,NA,NA,NA,NA,NA,NA,NA,NA,NA,NA,NA,NA,NA,NA,NA,NA,NA,NA,NA,NA,NA,NA,NA,NA,NA,NA,NA,NA,NA,NA,NA,NA,NA,NA,NA,NA,NA,NA,NA,NA,NA,NA,NA
1148673.49093727,1170083.91186379,NA,NA,NA,NA,NA,NA,NA,NA,NA,NA,NA,NA,NA,NA,NA,NA,NA,NA,NA,NA,NA,NA,NA,NA,NA,NA,NA,NA,NA,NA,NA,NA,NA,NA,NA,NA,NA,NA,NA,NA,NA,NA,NA,NA,NA,NA,NA,NA,NA,NA,NA,NA,NA,NA,NA,NA,NA,NA,NA,NA,NA,NA,NA,NA,NA,NA,NA,NA,NA,NA,NA,NA,NA,NA,NA,NA
1156822.71585201,1170083.91186379,NA,NA,NA,NA,NA,NA,NA,NA,NA,NA,NA,NA,NA,NA,NA,NA,NA,NA,NA,NA,NA,NA,NA,NA,NA,NA,NA,NA,NA,NA,NA,NA,NA,NA,NA,NA,NA,NA,NA,NA,NA,NA,NA,NA,NA,NA,NA,NA,NA,NA,NA,NA,NA,NA,NA,NA,NA,NA,NA,NA,NA,NA,NA,NA,NA,NA,NA,NA,NA,NA,NA,NA,NA,NA,NA,NA
1164971.94076674,1170083.91186379,NA,NA,NA,NA,NA,NA,NA,NA,NA,NA,NA,NA,NA,NA,NA,NA,NA,NA,NA,NA,NA,NA,NA,NA,NA,NA,NA,NA,NA,NA,NA,NA,NA,NA,NA,NA,NA,NA,NA,NA,NA,NA,NA,NA,NA,NA,NA,NA,NA,NA,NA,NA,NA,NA,NA,NA,NA,NA,NA,NA,NA,NA,NA,NA,NA,NA,NA,NA,NA,NA,NA,NA,NA,NA,NA,NA
1173121.16568148,1170083.91186379,NA,NA,NA,NA,NA,NA,NA,NA,NA,NA,NA,NA,NA,NA,NA,NA,NA,NA,NA,NA,NA,NA,NA,NA,NA,NA,NA,NA,NA,NA,NA,NA,NA,NA,NA,NA,NA,NA,NA,NA,NA,NA,NA,NA,NA,NA,NA,NA,NA,NA,NA,NA,NA,NA,NA,NA,NA,NA,NA,NA,NA,NA,NA,NA,NA,NA,NA,NA,NA,NA,NA,NA,NA,NA,NA,NA
1181270.39059621,1170083.91186379,NA,NA,NA,NA,NA,NA,NA,NA,NA,NA,NA,NA,NA,NA,NA,NA,NA,NA,NA,NA,NA,NA,NA,NA,NA,NA,NA,NA,NA,NA,NA,NA,NA,NA,NA,NA,NA,NA,NA,NA,NA,NA,NA,NA,NA,NA,NA,NA,NA,NA,NA,NA,NA,NA,NA,NA,NA,NA,NA,NA,NA,NA,NA,NA,NA,NA,NA,NA,NA,NA,NA,NA,NA,NA,NA,NA
1189419.61551094,1170083.91186379,NA,NA,NA,NA,NA,NA,NA,NA,NA,NA,NA,NA,NA,NA,NA,NA,NA,NA,NA,NA,NA,NA,NA,NA,NA,NA,NA,NA,NA,NA,NA,NA,NA,NA,NA,NA,NA,NA,NA,NA,NA,NA,NA,NA,NA,NA,NA,NA,NA,NA,NA,NA,NA,NA,NA,NA,NA,NA,NA,NA,NA,NA,NA,NA,NA,NA,NA,NA,NA,NA,NA,NA,NA,NA,NA,NA
1197568.84042568,1170083.91186379,NA,NA,NA,NA,NA,NA,NA,NA,NA,NA,NA,NA,NA,NA,NA,NA,NA,NA,NA,NA,NA,NA,NA,NA,NA,NA,NA,NA,NA,NA,NA,NA,NA,NA,NA,NA,NA,NA,NA,NA,NA,NA,NA,NA,NA,NA,NA,NA,NA,NA,NA,NA,NA,NA,NA,NA,NA,NA,NA,NA,NA,NA,NA,NA,NA,NA,NA,NA,NA,NA,NA,NA,NA,NA,NA,NA
1205718.06534041,1170083.91186379,NA,NA,NA,NA,NA,NA,NA,NA,NA,NA,NA,NA,NA,NA,NA,NA,NA,NA,NA,NA,NA,NA,NA,NA,NA,NA,NA,NA,NA,NA,NA,NA,NA,NA,NA,NA,NA,NA,NA,NA,NA,NA,NA,NA,NA,NA,NA,NA,NA,NA,NA,NA,NA,NA,NA,NA,NA,NA,NA,NA,NA,NA,NA,NA,NA,NA,NA,NA,NA,NA,NA,NA,NA,NA,NA,NA
1213867.29025514,1170083.91186379,NA,NA,NA,NA,NA,NA,NA,NA,NA,NA,NA,NA,NA,NA,NA,NA,NA,NA,NA,NA,NA,NA,NA,NA,NA,NA,NA,NA,NA,NA,NA,NA,NA,NA,NA,NA,NA,NA,NA,NA,NA,NA,NA,NA,NA,NA,NA,NA,NA,NA,NA,NA,NA,NA,NA,NA,NA,NA,NA,NA,NA,NA,NA,NA,NA,NA,NA,NA,NA,NA,NA,NA,NA,NA,NA,NA
1222016.51516988,1170083.91186379,NA,NA,NA,NA,NA,NA,NA,NA,NA,NA,NA,NA,NA,NA,NA,NA,NA,NA,NA,NA,NA,NA,NA,NA,NA,NA,NA,NA,NA,NA,NA,NA,NA,NA,NA,NA,NA,NA,NA,NA,NA,NA,NA,NA,NA,NA,NA,NA,NA,NA,NA,NA,NA,NA,NA,NA,NA,NA,NA,NA,NA,NA,NA,NA,NA,NA,NA,NA,NA,NA,NA,NA,NA,NA,NA,NA
879749.068751066,1161934.68694906,NA,NA,NA,NA,NA,NA,NA,NA,NA,NA,NA,NA,NA,NA,NA,NA,NA,NA,NA,NA,NA,NA,NA,NA,NA,NA,NA,NA,NA,NA,NA,NA,NA,NA,NA,NA,NA,NA,NA,NA,NA,NA,NA,NA,NA,NA,NA,NA,NA,NA,NA,NA,NA,NA,NA,NA,NA,NA,NA,NA,NA,NA,NA,NA,NA,NA,NA,NA,NA,NA,NA,NA,NA,NA,NA,NA
887898.2936658,1161934.68694906,NA,NA,NA,NA,NA,NA,NA,NA,NA,NA,NA,NA,NA,NA,NA,NA,NA,NA,NA,NA,NA,NA,NA,NA,NA,NA,NA,NA,NA,NA,NA,NA,NA,NA,NA,NA,NA,NA,NA,NA,NA,NA,NA,NA,NA,NA,NA,NA,NA,NA,NA,NA,NA,NA,NA,NA,NA,NA,NA,NA,NA,NA,NA,NA,NA,NA,NA,NA,NA,NA,NA,NA,NA,NA,NA,NA
896047.518580533,1161934.68694906,NA,NA,NA,NA,NA,NA,NA,NA,NA,NA,NA,NA,NA,NA,NA,NA,NA,NA,NA,NA,NA,NA,NA,NA,NA,NA,NA,NA,NA,NA,NA,NA,NA,NA,NA,NA,NA,NA,NA,NA,NA,NA,NA,NA,NA,NA,NA,NA,NA,NA,NA,NA,NA,NA,NA,NA,NA,NA,NA,NA,NA,NA,NA,NA,NA,NA,NA,NA,NA,NA,NA,NA,NA,NA,NA,NA
904196.743495267,1161934.68694906,NA,NA,NA,NA,NA,NA,NA,NA,NA,NA,NA,NA,NA,NA,NA,NA,NA,NA,NA,NA,NA,NA,NA,NA,NA,NA,NA,NA,NA,NA,NA,NA,NA,NA,NA,NA,NA,NA,NA,NA,NA,NA,NA,NA,NA,NA,NA,NA,NA,NA,NA,NA,NA,NA,NA,NA,NA,NA,NA,NA,NA,NA,NA,NA,NA,NA,NA,NA,NA,NA,NA,NA,NA,NA,NA,NA
912345.96841,1161934.68694906,NA,NA,NA,NA,NA,NA,NA,NA,NA,NA,NA,NA,NA,NA,NA,NA,NA,NA,NA,NA,NA,NA,NA,NA,NA,NA,NA,NA,NA,NA,NA,NA,NA,NA,NA,NA,NA,NA,NA,NA,NA,NA,NA,NA,NA,NA,NA,NA,NA,NA,NA,NA,NA,NA,NA,NA,NA,NA,NA,NA,NA,NA,NA,NA,NA,NA,NA,NA,NA,NA,NA,NA,NA,NA,NA,NA
920495.193324734,1161934.68694906,NA,NA,NA,NA,NA,NA,NA,NA,NA,NA,NA,NA,NA,NA,NA,NA,NA,NA,NA,NA,NA,NA,NA,NA,NA,NA,NA,NA,NA,NA,NA,NA,NA,NA,NA,NA,NA,NA,NA,NA,NA,NA,NA,NA,NA,NA,NA,NA,NA,NA,NA,NA,NA,NA,NA,NA,NA,NA,NA,NA,NA,NA,NA,NA,NA,NA,NA,NA,NA,NA,NA,NA,NA,NA,NA,NA
928644.418239468,1161934.68694906,NA,NA,NA,NA,NA,NA,NA,NA,NA,NA,NA,NA,NA,NA,NA,NA,NA,NA,NA,NA,NA,NA,NA,NA,NA,NA,NA,NA,NA,NA,NA,NA,NA,NA,NA,NA,NA,NA,NA,NA,NA,NA,NA,NA,NA,NA,NA,NA,NA,NA,NA,NA,NA,NA,NA,NA,NA,NA,NA,NA,NA,NA,NA,NA,NA,NA,NA,NA,NA,NA,NA,NA,NA,NA,NA,NA
936793.643154201,1161934.68694906,NA,NA,NA,NA,NA,NA,NA,NA,NA,NA,NA,NA,NA,NA,NA,NA,NA,NA,NA,NA,NA,NA,NA,NA,NA,NA,NA,NA,NA,NA,NA,NA,NA,NA,NA,NA,NA,NA,NA,NA,NA,NA,NA,NA,NA,NA,NA,NA,NA,NA,NA,NA,NA,NA,NA,NA,NA,NA,NA,NA,NA,NA,NA,NA,NA,NA,NA,NA,NA,NA,NA,NA,NA,NA,NA,NA
944942.868068935,1161934.68694906,NA,NA,NA,NA,NA,NA,NA,NA,NA,NA,NA,NA,NA,NA,NA,NA,NA,NA,NA,NA,NA,NA,NA,NA,NA,NA,NA,NA,NA,NA,NA,NA,NA,NA,NA,NA,NA,NA,NA,NA,NA,NA,NA,NA,NA,NA,NA,NA,NA,NA,NA,NA,NA,NA,NA,NA,NA,NA,NA,NA,NA,NA,NA,NA,NA,NA,NA,NA,NA,NA,NA,NA,NA,NA,NA,NA
953092.092983668,1161934.68694906,NA,NA,NA,NA,NA,NA,NA,NA,NA,NA,NA,NA,NA,NA,NA,NA,NA,NA,NA,NA,NA,NA,NA,NA,NA,NA,NA,NA,NA,NA,NA,NA,NA,NA,NA,NA,NA,NA,NA,NA,NA,NA,NA,NA,NA,NA,NA,NA,NA,NA,NA,NA,NA,NA,NA,NA,NA,NA,NA,NA,NA,NA,NA,NA,NA,NA,NA,NA,NA,NA,NA,NA,NA,NA,NA,NA
961241.317898402,1161934.68694906,NA,NA,NA,NA,NA,NA,NA,NA,NA,NA,NA,NA,NA,NA,NA,NA,NA,NA,NA,NA,NA,NA,NA,NA,NA,NA,NA,NA,NA,NA,NA,NA,NA,NA,NA,NA,NA,NA,NA,NA,NA,NA,NA,NA,NA,NA,NA,NA,NA,NA,NA,NA,NA,NA,NA,NA,NA,NA,NA,NA,NA,NA,NA,NA,NA,NA,NA,NA,NA,NA,NA,NA,NA,NA,NA,NA
969390.542813136,1161934.68694906,NA,NA,NA,NA,NA,NA,NA,NA,NA,NA,NA,NA,NA,NA,NA,NA,NA,NA,NA,NA,NA,NA,NA,NA,NA,NA,NA,NA,NA,NA,NA,NA,NA,NA,NA,NA,NA,NA,NA,NA,NA,NA,NA,NA,NA,NA,NA,NA,NA,NA,NA,NA,NA,NA,NA,NA,NA,NA,NA,NA,NA,NA,NA,NA,NA,NA,NA,NA,NA,NA,NA,NA,NA,NA,NA,NA
977539.767727869,1161934.68694906,-3.70238438358759,-1.19834278147273,0.859806495763128,-0.502798947538234,-1.2757275093386,-0.556105188120877,-0.527969330862151,-1.64466379020287,0.68653820928574,0.391021813712515,-1.23565279278015,0.364879075186254,1.84294073050962,-0.773201756575711,0.183234731677475,0.475664225760017,0.121374354658818,0.767896248720005,1.38671124089943,-1.52270112365771,-0.241114923235441,0.350438912039908,-0.148742682677345,0.901250318652718,0.778403014174443,0.239874788661358,1.76730470679705,-0.619796420724608,-1.98502181889897,-1.47138187832927,-0.774468110068497,-0.864461654130177,1.75828463574816,-0.208434949834876,0.236719568438433,-0.860623762148396,0.953356626787849,0.43373675060355,0.601040435067611,1.58696640657262,0.772193503730001,-0.816314135937188,0.605617103172478,-1.02755436705608,1.21620873928159,-1.72563612557865,1.13114626497369,0.681529153109329,-0.767406930982617,0.0106224493756743,-0.209008073061242,-0.534413903324486,-0.0286574382118255,1.24907987260923,0.374294227254397,0.0422608026574126,0.157227748876551,0.88552449790813,0.00709403138284568,0.496740793215172,0.110802001810953,1.02232531251326,1.66316233002273,-0.961620259305042,-0.50553678945351,0.959118804998458,-1.22371209437419,0.0418111329195456,0.193158313870312,0.707254624441333,1.26108356757905,0.532273407762767,0.604483850895534,-2.27967692001602,-1.35330109069837,-0.51530265029032
985688.992642603,1161934.68694906,-3.70677359263523,-1.17529748960497,0.884348957856755,-0.469216549075475,-1.29258979785693,-0.533404903406999,-0.506268979566279,-1.67318381326115,0.65688534995846,0.415356524240257,-1.23545581871172,0.373379703456028,1.79361912330057,-0.788859387656111,0.201085289640306,0.511920531045759,0.151027093345205,0.773168529004817,1.34329406489179,-1.47398023230433,-0.245188474669923,0.323364351063439,-0.142854490032539,0.894924173382219,0.781666948433636,0.27381205792509,1.72544565076887,-0.58161509037911,-1.99398462461555,-1.42727969000646,-0.72369226114545,-0.906696736938576,1.77128100816314,-0.20411925689954,0.262944958154911,-0.840347627765312,0.949671667508453,0.469446603870168,0.580130824960247,1.57253746723636,0.76928087928037,-0.820248738905427,0.592877101688524,-1.08310838538965,1.25178060719262,-1.75679345547612,1.06443681292492,0.700716653080127,-0.809495518375573,0.0722005432786716,-0.214267976703148,-0.566460947865904,-0.0684604892997034,1.30532815940031,0.371754269064777,0.0663882644830942,0.132901871101736,0.890420773736838,0.00302930799198054,0.502523105627408,0.0438007674876441,1.07135604766959,1.67916403503504,-0.919863772715408,-0.531235268060559,0.964758769355828,-1.27937520508555,-0.0168633972976223,0.182698755833452,0.670652292512048,1.27497928836152,0.5295965906497,0.643254660220116,-2.30182935916827,-1.3434769044149,-0.530918683078868
993838.217557336,1161934.68694906,-3.72897822117218,-1.1450062846167,0.910142591917694,-0.439502474472982,-1.2915724015949,-0.545407641625722,-0.487035422039353,-1.73362162040047,0.646354099819314,0.418368924136742,-1.22520984652979,0.419699711952,1.78352952272594,-0.818909374013143,0.213958952118701,0.509203163517757,0.149979686236319,0.824716028571537,1.34604964230291,-1.45908995393841,-0.285353713193198,0.333332918149298,-0.107534412092308,0.88969292919241,0.791768711911138,0.287949268040348,1.66854781253394,-0.581806836214664,-2.00247951982877,-1.42162741244421,-0.675804427823696,-0.920148625773535,1.74648655992282,-0.171431037508924,0.346463099016864,-0.864191216762229,0.920456305794895,0.486677625536861,0.579898381924691,1.54893723977556,0.80275588017834,-0.846539569275532,0.617808991416111,-1.10219779236352,1.27489973935551,-1.77768776758954,1.00333639430516,0.691527970977126,-0.832705036778449,0.119916514717278,-0.229138360606522,-0.594989545276461,-0.106507130553634,1.27715696349418,0.355867076706604,0.118967109889455,0.150044622987836,0.897795321492243,-0.0163654476847606,0.504843303767989,-0.0126233016432253,1.10793609513304,1.68244842700201,-0.885387464942703,-0.618425798175716,0.990772874663598,-1.32148213175346,-0.0240462898752851,0.223899170348817,0.623361043351661,1.27934673127843,0.528385595567537,0.633214984869782,-2.31047670384834,-1.34653869803306,-0.507012591111791
1001987.44247207,1161934.68694906,-3.75430858750074,-1.11135558121796,0.932137978539733,-0.413465494232232,-1.27239573113319,-0.577223718113377,-0.469066922384439,-1.80721435348653,0.655421429672629,0.409539066375768,-1.21201313356272,0.480652243009111,1.79275330440889,-0.857983949942451,0.223063178982427,0.477850753742548,0.132333701655044,0.898048081201161,1.37906114035242,-1.46373654474294,-0.338243409625789,0.364833334307031,-0.0668395698938315,0.885864117942053,0.806518261146017,0.286146980072867,1.61006011153896,-0.606554291759511,-2.00680624496891,-1.44432024982113,-0.639939047238632,-0.91470732553788,1.69290067392575,-0.126561641224715,0.449666809231879,-0.914551733718416,0.884296166695835,0.489936097921708,0.597925291429896,1.52249702513363,0.850385753915254,-0.8853079872569,0.660733017860894,-1.09593188706582,1.28460550306094,-1.78009368108882,0.961100179312937,0.668837277308478,-0.831711535338397,0.145240676844833,-0.245374999046769,-0.616798493441713,-0.136131878655967,1.19517395374225,0.337449969017267,0.179896797128377,0.191327296337272,0.90410436566221,-0.0378605790624147,0.496715324984879,-0.0433717927861396,1.12440846986335,1.67923245711486,-0.865662972197874,-0.735996354772519,1.02584543784059,-1.34144406916226,0.00592532775110353,0.292344257405226,0.579837464409641,1.27911063957566,0.525547947320415,0.589334504976676,-2.31073180426542,-1.35763560612221,-0.472479617265317
1010136.6673868,1161934.68694906,-3.76830872181669,-1.08208513801174,0.948374624941053,-0.39076681889716,-1.24930031192832,-0.605915317022255,-0.449056304974366,-1.86872298476006,0.664317415706273,0.40541764875141,-1.19976601816067,0.529652515578517,1.79373248506091,-0.89312916048646,0.230668940512483,0.449946271955971,0.118020955302666,0.956918121102331,1.40815294665055,-1.46447897238063,-0.37967996020709,0.391612360692545,-0.0397474049999975,0.882729988703527,0.818297372422765,0.28048533307174,1.55919723553921,-0.628360563495941,-2.00876130212022,-1.46542573893365,-0.612916288032418,-0.911957591253555,1.64310165921577,-0.0891211238879479,0.531143873717882,-0.959740903734638,0.856743207850106,0.493194159070983,0.616339579107442,1.49668749439661,0.885737809434218,-0.919791978698054,0.695075105749063,-1.0921770410746,1.29029643899268,-1.77346695533081,0.93141010974353,0.651867947723408,-0.821077419876058,0.15973103868598,-0.257028195563648,-0.633496191614802,-0.159100352476486,1.12072726682058,0.324177299442141,0.229366890657759,0.226122418275379,0.906249638435126,-0.0520284555210992,0.483794981397827,-0.0601889725159779,1.13275396859056,1.67708658434209,-0.857074175499686,-0.837776963946776,1.05318475474488,-1.34991860126464,0.0337486965015621,0.349545857495049,0.546913323407566,1.28081855905532,0.532091440752994,0.559717054188945,-2.30428966767775,-1.36668070741309,-0.457941541188414
1018285.89230154,1161934.68694906,-3.76152712694936,-1.06321236359911,0.958959196558041,-0.36879645593501,-1.21284771229751,-0.639294100882302,-0.396355049317581,-1.90809389370639,0.658679953922193,0.434798614303333,-1.18751847538203,0.561033021579192,1.75715442521737,-0.931399017343378,0.238261581730811,0.448641252155817,0.11669390907947,0.985355275180488,1.43251689364277,-1.44086742265201,-0.392321546645566,0.404884430799078,-0.0580457109011108,0.885334712023624,0.823086703390359,0.258041267525612,1.51099256934612,-0.639593817384034,-2.0187145407981,-1.47991552124753,-0.597615484188707,-0.940430226037581,1.61286906034472,-0.0612129844678399,0.570623417681394,-1.00256067460097,0.853927921703072,0.515470935798372,0.63927302818604,1.4562851264248,0.887143961073169,-0.955332863676789,0.710929942208424,-1.1267576821041,1.30011675593019,-1.74654486056286,0.926222990800808,0.660119085530822,-0.778738074050159,0.151129512672091,-0.261456269618169,-0.648361309395273,-0.17580636097788,1.07496329356924,0.321477658975652,0.265553162702997,0.245243612898022,0.895036141455124,-0.0421111210230869,0.455101941766454,-0.0507580009226286,1.13693923109744,1.68958737949986,-0.898223863456816,-0.912726665328418,1.06140057941075,-1.33862817722334,0.0457691827244254,0.387435385571706,0.538718597401561,1.30441792490821,0.564465682041357,0.548368813464349,-2.29265399678855,-1.36596368787375,-0.489220840102181
1026435.11721627,1161934.68694906,-3.72964340196861,-1.05352431559853,0.965696568282538,-0.345706729224403,-1.15707012659099,-0.685384504511753,-0.293444750631221,-1.92031874887652,0.637821221302827,0.510077414417844,-1.17153298161171,0.578334169346079,1.67618361102164,-0.975536895768872,0.249269449458354,0.481152845447193,0.135451848205311,0.981636177177605,1.45623782000466,-1.38467768825065,-0.363129502319662,0.399875594166149,-0.135840279265536,0.899214261146345,0.821652729906506,0.214069156653532,1.46596189119221,-0.638309271480585,-2.04117624997948,-1.48752447595543,-0.592441466307805,-1.00947896817536,1.60593695399761,-0.0400089022666476,0.557810230054047,-1.04527245300951,0.884395994948824,0.56427722259992,0.673192117129103,1.39615422857106,0.851697199616504,-0.995942571006239,0.712616132103953,-1.21096678360089,1.31497603224701,-1.69129501845196,0.948326051548451,0.700613097956154,-0.689940244760603,0.112341467038559,-0.256740121279249,-0.661022975503166,-0.186871604120533,1.06729772239261,0.325873510719733,0.291209979780162,0.253630923826382,0.870509670691291,0.00095584657180329,0.408957833480508,-0.0104709238953702,1.13596016338406,1.72031068147845,-1.01158396888613,-0.959389531961401,1.04275546351465,-1.29798609998973,0.0432838432874638,0.411524882231889,0.563022679366977,1.34118495714947,0.598576088555386,0.514089970005537,-2.29311566589907,-1.35886227159701,-0.581728337242578
1034584.342131,1161934.68694906,NA,NA,NA,NA,NA,NA,NA,NA,NA,NA,NA,NA,NA,NA,NA,NA,NA,NA,NA,NA,NA,NA,NA,NA,NA,NA,NA,NA,NA,NA,NA,NA,NA,NA,NA,NA,NA,NA,NA,NA,NA,NA,NA,NA,NA,NA,NA,NA,NA,NA,NA,NA,NA,NA,NA,NA,NA,NA,NA,NA,NA,NA,NA,NA,NA,NA,NA,NA,NA,NA,NA,NA,NA,NA,NA,NA
1042733.56704574,1161934.68694906,NA,NA,NA,NA,NA,NA,NA,NA,NA,NA,NA,NA,NA,NA,NA,NA,NA,NA,NA,NA,NA,NA,NA,NA,NA,NA,NA,NA,NA,NA,NA,NA,NA,NA,NA,NA,NA,NA,NA,NA,NA,NA,NA,NA,NA,NA,NA,NA,NA,NA,NA,NA,NA,NA,NA,NA,NA,NA,NA,NA,NA,NA,NA,NA,NA,NA,NA,NA,NA,NA,NA,NA,NA,NA,NA,NA
1050882.79196047,1161934.68694906,NA,NA,NA,NA,NA,NA,NA,NA,NA,NA,NA,NA,NA,NA,NA,NA,NA,NA,NA,NA,NA,NA,NA,NA,NA,NA,NA,NA,NA,NA,NA,NA,NA,NA,NA,NA,NA,NA,NA,NA,NA,NA,NA,NA,NA,NA,NA,NA,NA,NA,NA,NA,NA,NA,NA,NA,NA,NA,NA,NA,NA,NA,NA,NA,NA,NA,NA,NA,NA,NA,NA,NA,NA,NA,NA,NA
1059032.01687521,1161934.68694906,NA,NA,NA,NA,NA,NA,NA,NA,NA,NA,NA,NA,NA,NA,NA,NA,NA,NA,NA,NA,NA,NA,NA,NA,NA,NA,NA,NA,NA,NA,NA,NA,NA,NA,NA,NA,NA,NA,NA,NA,NA,NA,NA,NA,NA,NA,NA,NA,NA,NA,NA,NA,NA,NA,NA,NA,NA,NA,NA,NA,NA,NA,NA,NA,NA,NA,NA,NA,NA,NA,NA,NA,NA,NA,NA,NA
1067181.24178994,1161934.68694906,NA,NA,NA,NA,NA,NA,NA,NA,NA,NA,NA,NA,NA,NA,NA,NA,NA,NA,NA,NA,NA,NA,NA,NA,NA,NA,NA,NA,NA,NA,NA,NA,NA,NA,NA,NA,NA,NA,NA,NA,NA,NA,NA,NA,NA,NA,NA,NA,NA,NA,NA,NA,NA,NA,NA,NA,NA,NA,NA,NA,NA,NA,NA,NA,NA,NA,NA,NA,NA,NA,NA,NA,NA,NA,NA,NA
1075330.46670467,1161934.68694906,NA,NA,NA,NA,NA,NA,NA,NA,NA,NA,NA,NA,NA,NA,NA,NA,NA,NA,NA,NA,NA,NA,NA,NA,NA,NA,NA,NA,NA,NA,NA,NA,NA,NA,NA,NA,NA,NA,NA,NA,NA,NA,NA,NA,NA,NA,NA,NA,NA,NA,NA,NA,NA,NA,NA,NA,NA,NA,NA,NA,NA,NA,NA,NA,NA,NA,NA,NA,NA,NA,NA,NA,NA,NA,NA,NA
1083479.69161941,1161934.68694906,NA,NA,NA,NA,NA,NA,NA,NA,NA,NA,NA,NA,NA,NA,NA,NA,NA,NA,NA,NA,NA,NA,NA,NA,NA,NA,NA,NA,NA,NA,NA,NA,NA,NA,NA,NA,NA,NA,NA,NA,NA,NA,NA,NA,NA,NA,NA,NA,NA,NA,NA,NA,NA,NA,NA,NA,NA,NA,NA,NA,NA,NA,NA,NA,NA,NA,NA,NA,NA,NA,NA,NA,NA,NA,NA,NA
1091628.91653414,1161934.68694906,NA,NA,NA,NA,NA,NA,NA,NA,NA,NA,NA,NA,NA,NA,NA,NA,NA,NA,NA,NA,NA,NA,NA,NA,NA,NA,NA,NA,NA,NA,NA,NA,NA,NA,NA,NA,NA,NA,NA,NA,NA,NA,NA,NA,NA,NA,NA,NA,NA,NA,NA,NA,NA,NA,NA,NA,NA,NA,NA,NA,NA,NA,NA,NA,NA,NA,NA,NA,NA,NA,NA,NA,NA,NA,NA,NA
1099778.14144887,1161934.68694906,NA,NA,NA,NA,NA,NA,NA,NA,NA,NA,NA,NA,NA,NA,NA,NA,NA,NA,NA,NA,NA,NA,NA,NA,NA,NA,NA,NA,NA,NA,NA,NA,NA,NA,NA,NA,NA,NA,NA,NA,NA,NA,NA,NA,NA,NA,NA,NA,NA,NA,NA,NA,NA,NA,NA,NA,NA,NA,NA,NA,NA,NA,NA,NA,NA,NA,NA,NA,NA,NA,NA,NA,NA,NA,NA,NA
1107927.36636361,1161934.68694906,NA,NA,NA,NA,NA,NA,NA,NA,NA,NA,NA,NA,NA,NA,NA,NA,NA,NA,NA,NA,NA,NA,NA,NA,NA,NA,NA,NA,NA,NA,NA,NA,NA,NA,NA,NA,NA,NA,NA,NA,NA,NA,NA,NA,NA,NA,NA,NA,NA,NA,NA,NA,NA,NA,NA,NA,NA,NA,NA,NA,NA,NA,NA,NA,NA,NA,NA,NA,NA,NA,NA,NA,NA,NA,NA,NA
1116076.59127834,1161934.68694906,NA,NA,NA,NA,NA,NA,NA,NA,NA,NA,NA,NA,NA,NA,NA,NA,NA,NA,NA,NA,NA,NA,NA,NA,NA,NA,NA,NA,NA,NA,NA,NA,NA,NA,NA,NA,NA,NA,NA,NA,NA,NA,NA,NA,NA,NA,NA,NA,NA,NA,NA,NA,NA,NA,NA,NA,NA,NA,NA,NA,NA,NA,NA,NA,NA,NA,NA,NA,NA,NA,NA,NA,NA,NA,NA,NA
1124225.81619307,1161934.68694906,NA,NA,NA,NA,NA,NA,NA,NA,NA,NA,NA,NA,NA,NA,NA,NA,NA,NA,NA,NA,NA,NA,NA,NA,NA,NA,NA,NA,NA,NA,NA,NA,NA,NA,NA,NA,NA,NA,NA,NA,NA,NA,NA,NA,NA,NA,NA,NA,NA,NA,NA,NA,NA,NA,NA,NA,NA,NA,NA,NA,NA,NA,NA,NA,NA,NA,NA,NA,NA,NA,NA,NA,NA,NA,NA,NA
1132375.04110781,1161934.68694906,NA,NA,NA,NA,NA,NA,NA,NA,NA,NA,NA,NA,NA,NA,NA,NA,NA,NA,NA,NA,NA,NA,NA,NA,NA,NA,NA,NA,NA,NA,NA,NA,NA,NA,NA,NA,NA,NA,NA,NA,NA,NA,NA,NA,NA,NA,NA,NA,NA,NA,NA,NA,NA,NA,NA,NA,NA,NA,NA,NA,NA,NA,NA,NA,NA,NA,NA,NA,NA,NA,NA,NA,NA,NA,NA,NA
1140524.26602254,1161934.68694906,NA,NA,NA,NA,NA,NA,NA,NA,NA,NA,NA,NA,NA,NA,NA,NA,NA,NA,NA,NA,NA,NA,NA,NA,NA,NA,NA,NA,NA,NA,NA,NA,NA,NA,NA,NA,NA,NA,NA,NA,NA,NA,NA,NA,NA,NA,NA,NA,NA,NA,NA,NA,NA,NA,NA,NA,NA,NA,NA,NA,NA,NA,NA,NA,NA,NA,NA,NA,NA,NA,NA,NA,NA,NA,NA,NA
1148673.49093727,1161934.68694906,NA,NA,NA,NA,NA,NA,NA,NA,NA,NA,NA,NA,NA,NA,NA,NA,NA,NA,NA,NA,NA,NA,NA,NA,NA,NA,NA,NA,NA,NA,NA,NA,NA,NA,NA,NA,NA,NA,NA,NA,NA,NA,NA,NA,NA,NA,NA,NA,NA,NA,NA,NA,NA,NA,NA,NA,NA,NA,NA,NA,NA,NA,NA,NA,NA,NA,NA,NA,NA,NA,NA,NA,NA,NA,NA,NA
1156822.71585201,1161934.68694906,NA,NA,NA,NA,NA,NA,NA,NA,NA,NA,NA,NA,NA,NA,NA,NA,NA,NA,NA,NA,NA,NA,NA,NA,NA,NA,NA,NA,NA,NA,NA,NA,NA,NA,NA,NA,NA,NA,NA,NA,NA,NA,NA,NA,NA,NA,NA,NA,NA,NA,NA,NA,NA,NA,NA,NA,NA,NA,NA,NA,NA,NA,NA,NA,NA,NA,NA,NA,NA,NA,NA,NA,NA,NA,NA,NA
1164971.94076674,1161934.68694906,NA,NA,NA,NA,NA,NA,NA,NA,NA,NA,NA,NA,NA,NA,NA,NA,NA,NA,NA,NA,NA,NA,NA,NA,NA,NA,NA,NA,NA,NA,NA,NA,NA,NA,NA,NA,NA,NA,NA,NA,NA,NA,NA,NA,NA,NA,NA,NA,NA,NA,NA,NA,NA,NA,NA,NA,NA,NA,NA,NA,NA,NA,NA,NA,NA,NA,NA,NA,NA,NA,NA,NA,NA,NA,NA,NA
1173121.16568148,1161934.68694906,NA,NA,NA,NA,NA,NA,NA,NA,NA,NA,NA,NA,NA,NA,NA,NA,NA,NA,NA,NA,NA,NA,NA,NA,NA,NA,NA,NA,NA,NA,NA,NA,NA,NA,NA,NA,NA,NA,NA,NA,NA,NA,NA,NA,NA,NA,NA,NA,NA,NA,NA,NA,NA,NA,NA,NA,NA,NA,NA,NA,NA,NA,NA,NA,NA,NA,NA,NA,NA,NA,NA,NA,NA,NA,NA,NA
1181270.39059621,1161934.68694906,NA,NA,NA,NA,NA,NA,NA,NA,NA,NA,NA,NA,NA,NA,NA,NA,NA,NA,NA,NA,NA,NA,NA,NA,NA,NA,NA,NA,NA,NA,NA,NA,NA,NA,NA,NA,NA,NA,NA,NA,NA,NA,NA,NA,NA,NA,NA,NA,NA,NA,NA,NA,NA,NA,NA,NA,NA,NA,NA,NA,NA,NA,NA,NA,NA,NA,NA,NA,NA,NA,NA,NA,NA,NA,NA,NA
1189419.61551094,1161934.68694906,NA,NA,NA,NA,NA,NA,NA,NA,NA,NA,NA,NA,NA,NA,NA,NA,NA,NA,NA,NA,NA,NA,NA,NA,NA,NA,NA,NA,NA,NA,NA,NA,NA,NA,NA,NA,NA,NA,NA,NA,NA,NA,NA,NA,NA,NA,NA,NA,NA,NA,NA,NA,NA,NA,NA,NA,NA,NA,NA,NA,NA,NA,NA,NA,NA,NA,NA,NA,NA,NA,NA,NA,NA,NA,NA,NA
1197568.84042568,1161934.68694906,NA,NA,NA,NA,NA,NA,NA,NA,NA,NA,NA,NA,NA,NA,NA,NA,NA,NA,NA,NA,NA,NA,NA,NA,NA,NA,NA,NA,NA,NA,NA,NA,NA,NA,NA,NA,NA,NA,NA,NA,NA,NA,NA,NA,NA,NA,NA,NA,NA,NA,NA,NA,NA,NA,NA,NA,NA,NA,NA,NA,NA,NA,NA,NA,NA,NA,NA,NA,NA,NA,NA,NA,NA,NA,NA,NA
1205718.06534041,1161934.68694906,NA,NA,NA,NA,NA,NA,NA,NA,NA,NA,NA,NA,NA,NA,NA,NA,NA,NA,NA,NA,NA,NA,NA,NA,NA,NA,NA,NA,NA,NA,NA,NA,NA,NA,NA,NA,NA,NA,NA,NA,NA,NA,NA,NA,NA,NA,NA,NA,NA,NA,NA,NA,NA,NA,NA,NA,NA,NA,NA,NA,NA,NA,NA,NA,NA,NA,NA,NA,NA,NA,NA,NA,NA,NA,NA,NA
1213867.29025514,1161934.68694906,NA,NA,NA,NA,NA,NA,NA,NA,NA,NA,NA,NA,NA,NA,NA,NA,NA,NA,NA,NA,NA,NA,NA,NA,NA,NA,NA,NA,NA,NA,NA,NA,NA,NA,NA,NA,NA,NA,NA,NA,NA,NA,NA,NA,NA,NA,NA,NA,NA,NA,NA,NA,NA,NA,NA,NA,NA,NA,NA,NA,NA,NA,NA,NA,NA,NA,NA,NA,NA,NA,NA,NA,NA,NA,NA,NA
1222016.51516988,1161934.68694906,NA,NA,NA,NA,NA,NA,NA,NA,NA,NA,NA,NA,NA,NA,NA,NA,NA,NA,NA,NA,NA,NA,NA,NA,NA,NA,NA,NA,NA,NA,NA,NA,NA,NA,NA,NA,NA,NA,NA,NA,NA,NA,NA,NA,NA,NA,NA,NA,NA,NA,NA,NA,NA,NA,NA,NA,NA,NA,NA,NA,NA,NA,NA,NA,NA,NA,NA,NA,NA,NA,NA,NA,NA,NA,NA,NA
879749.068751066,1153785.46203433,NA,NA,NA,NA,NA,NA,NA,NA,NA,NA,NA,NA,NA,NA,NA,NA,NA,NA,NA,NA,NA,NA,NA,NA,NA,NA,NA,NA,NA,NA,NA,NA,NA,NA,NA,NA,NA,NA,NA,NA,NA,NA,NA,NA,NA,NA,NA,NA,NA,NA,NA,NA,NA,NA,NA,NA,NA,NA,NA,NA,NA,NA,NA,NA,NA,NA,NA,NA,NA,NA,NA,NA,NA,NA,NA,NA
887898.2936658,1153785.46203433,NA,NA,NA,NA,NA,NA,NA,NA,NA,NA,NA,NA,NA,NA,NA,NA,NA,NA,NA,NA,NA,NA,NA,NA,NA,NA,NA,NA,NA,NA,NA,NA,NA,NA,NA,NA,NA,NA,NA,NA,NA,NA,NA,NA,NA,NA,NA,NA,NA,NA,NA,NA,NA,NA,NA,NA,NA,NA,NA,NA,NA,NA,NA,NA,NA,NA,NA,NA,NA,NA,NA,NA,NA,NA,NA,NA
896047.518580533,1153785.46203433,NA,NA,NA,NA,NA,NA,NA,NA,NA,NA,NA,NA,NA,NA,NA,NA,NA,NA,NA,NA,NA,NA,NA,NA,NA,NA,NA,NA,NA,NA,NA,NA,NA,NA,NA,NA,NA,NA,NA,NA,NA,NA,NA,NA,NA,NA,NA,NA,NA,NA,NA,NA,NA,NA,NA,NA,NA,NA,NA,NA,NA,NA,NA,NA,NA,NA,NA,NA,NA,NA,NA,NA,NA,NA,NA,NA
904196.743495267,1153785.46203433,NA,NA,NA,NA,NA,NA,NA,NA,NA,NA,NA,NA,NA,NA,NA,NA,NA,NA,NA,NA,NA,NA,NA,NA,NA,NA,NA,NA,NA,NA,NA,NA,NA,NA,NA,NA,NA,NA,NA,NA,NA,NA,NA,NA,NA,NA,NA,NA,NA,NA,NA,NA,NA,NA,NA,NA,NA,NA,NA,NA,NA,NA,NA,NA,NA,NA,NA,NA,NA,NA,NA,NA,NA,NA,NA,NA
912345.96841,1153785.46203433,NA,NA,NA,NA,NA,NA,NA,NA,NA,NA,NA,NA,NA,NA,NA,NA,NA,NA,NA,NA,NA,NA,NA,NA,NA,NA,NA,NA,NA,NA,NA,NA,NA,NA,NA,NA,NA,NA,NA,NA,NA,NA,NA,NA,NA,NA,NA,NA,NA,NA,NA,NA,NA,NA,NA,NA,NA,NA,NA,NA,NA,NA,NA,NA,NA,NA,NA,NA,NA,NA,NA,NA,NA,NA,NA,NA
920495.193324734,1153785.46203433,NA,NA,NA,NA,NA,NA,NA,NA,NA,NA,NA,NA,NA,NA,NA,NA,NA,NA,NA,NA,NA,NA,NA,NA,NA,NA,NA,NA,NA,NA,NA,NA,NA,NA,NA,NA,NA,NA,NA,NA,NA,NA,NA,NA,NA,NA,NA,NA,NA,NA,NA,NA,NA,NA,NA,NA,NA,NA,NA,NA,NA,NA,NA,NA,NA,NA,NA,NA,NA,NA,NA,NA,NA,NA,NA,NA
928644.418239468,1153785.46203433,NA,NA,NA,NA,NA,NA,NA,NA,NA,NA,NA,NA,NA,NA,NA,NA,NA,NA,NA,NA,NA,NA,NA,NA,NA,NA,NA,NA,NA,NA,NA,NA,NA,NA,NA,NA,NA,NA,NA,NA,NA,NA,NA,NA,NA,NA,NA,NA,NA,NA,NA,NA,NA,NA,NA,NA,NA,NA,NA,NA,NA,NA,NA,NA,NA,NA,NA,NA,NA,NA,NA,NA,NA,NA,NA,NA
936793.643154201,1153785.46203433,NA,NA,NA,NA,NA,NA,NA,NA,NA,NA,NA,NA,NA,NA,NA,NA,NA,NA,NA,NA,NA,NA,NA,NA,NA,NA,NA,NA,NA,NA,NA,NA,NA,NA,NA,NA,NA,NA,NA,NA,NA,NA,NA,NA,NA,NA,NA,NA,NA,NA,NA,NA,NA,NA,NA,NA,NA,NA,NA,NA,NA,NA,NA,NA,NA,NA,NA,NA,NA,NA,NA,NA,NA,NA,NA,NA
944942.868068935,1153785.46203433,NA,NA,NA,NA,NA,NA,NA,NA,NA,NA,NA,NA,NA,NA,NA,NA,NA,NA,NA,NA,NA,NA,NA,NA,NA,NA,NA,NA,NA,NA,NA,NA,NA,NA,NA,NA,NA,NA,NA,NA,NA,NA,NA,NA,NA,NA,NA,NA,NA,NA,NA,NA,NA,NA,NA,NA,NA,NA,NA,NA,NA,NA,NA,NA,NA,NA,NA,NA,NA,NA,NA,NA,NA,NA,NA,NA
953092.092983668,1153785.46203433,NA,NA,NA,NA,NA,NA,NA,NA,NA,NA,NA,NA,NA,NA,NA,NA,NA,NA,NA,NA,NA,NA,NA,NA,NA,NA,NA,NA,NA,NA,NA,NA,NA,NA,NA,NA,NA,NA,NA,NA,NA,NA,NA,NA,NA,NA,NA,NA,NA,NA,NA,NA,NA,NA,NA,NA,NA,NA,NA,NA,NA,NA,NA,NA,NA,NA,NA,NA,NA,NA,NA,NA,NA,NA,NA,NA
961241.317898402,1153785.46203433,NA,NA,NA,NA,NA,NA,NA,NA,NA,NA,NA,NA,NA,NA,NA,NA,NA,NA,NA,NA,NA,NA,NA,NA,NA,NA,NA,NA,NA,NA,NA,NA,NA,NA,NA,NA,NA,NA,NA,NA,NA,NA,NA,NA,NA,NA,NA,NA,NA,NA,NA,NA,NA,NA,NA,NA,NA,NA,NA,NA,NA,NA,NA,NA,NA,NA,NA,NA,NA,NA,NA,NA,NA,NA,NA,NA
969390.542813136,1153785.46203433,-3.62645146543546,-1.20340785547052,0.823849384108099,-0.506285573772317,-1.2319804854474,-0.609723361146591,-0.476146200792352,-1.65986532199213,0.736157314021595,0.426236254973822,-1.2569882410289,0.340332734845575,1.87628025133583,-0.815538681069,0.146671932542403,0.437065183106664,0.166521104796792,0.781990118663243,1.46796234733668,-1.54290947049538,-0.229805441510068,0.433232078015122,-0.165786760984755,0.898999748751212,0.854889635146875,0.172290827879257,1.76501111829795,-0.623631082883635,-1.95802977588001,-1.49549445177705,-0.814482976505486,-0.812910338311662,1.7747234591657,-0.212259794823216,0.147911607502094,-0.956306976466908,0.941669577916334,0.387704213428022,0.651154119170551,1.53220221686943,0.796514361445771,-0.856253928552259,0.586335079789544,-1.04480031214822,1.19408179526559,-1.63175346656565,1.18003877091256,0.686673316279849,-0.61103933220373,-0.0978702993354479,-0.210352072861311,-0.521194305881195,0.0149950149861265,1.14990072576442,0.390396445668451,0.0180987090841842,0.193191572039514,0.849685322808832,0.00632320704962132,0.424869377173547,0.211689334738185,0.947333635360126,1.65763380471443,-1.09122479118339,-0.496210652379309,1.01647178417155,-1.14092329780877,0.118636594679339,0.269910084694511,0.708988961140442,1.30381845473194,0.472788812792914,0.494420775376375,-2.27842346450801,-1.34789547120291,-0.521333325074366
977539.767727869,1153785.46203433,-3.627716113649,-1.19688329796618,0.846236905898847,-0.481241358541611,-1.26186978601858,-0.57453251929531,-0.460417920695226,-1.66562057553459,0.68628306780192,0.459941422084835,-1.25457389997952,0.331279436656654,1.82201180889607,-0.817359053704989,0.165222294301661,0.500887136410108,0.202319594983234,0.765014114492534,1.40727901712042,-1.48997480201974,-0.23230687987949,0.4019513724525,-0.160904074293208,0.890806359463132,0.851955101118098,0.207628707839784,1.73087489477175,-0.574562584388135,-1.96533096340126,-1.43098075817189,-0.765068596756076,-0.85879480198084,1.82181048984128,-0.22169373356833,0.15419446403716,-0.915780523538104,0.938627170379154,0.426441779977419,0.615339937904034,1.51473756026804,0.783400216438994,-0.844908549055566,0.55952862661855,-1.10953902447321,1.23834757469557,-1.67040188964784,1.11477593669531,0.712374007778723,-0.662648522398619,-0.0229786299643047,-0.212244362897597,-0.549634727039657,-0.0228034996665367,1.23556328068178,0.395600276922683,0.0338866217992392,0.151292865731474,0.850050787978262,-0.000396614457060732,0.443321082719483,0.136717202807343,1.0104498200179,1.68042171263042,-1.03927717649669,-0.488297347788898,1.02128530337439,-1.20493366320985,0.0450843490346258,0.235437532243982,0.673413389930946,1.3225441556707,0.463734209715344,0.548767250578171,-2.31379656392061,-1.33694666657944,-0.558660041402544
985688.992642603,1153785.46203433,-3.63434241713049,-1.1874756916427,0.868941231076384,-0.457642795631016,-1.28829410217345,-0.549149449672906,-0.44945966291737,-1.68325518901101,0.638475827272184,0.482998655600385,-1.24567371909442,0.336386141697804,1.7805643179471,-0.819713529471456,0.181892133547154,0.552453594916173,0.224795802935501,0.762065167130306,1.35852217079296,-1.44980407077825,-0.250873706337607,0.382096432275625,-0.139086862995365,0.883622223534863,0.848676081921751,0.239178578331156,1.68975208026208,-0.537456139999312,-1.97337460420702,-1.37662804651238,-0.712990055764391,-0.895675617206283,1.85828324283418,-0.219337947802046,0.184930972548692,-0.887955092369729,0.923590120213094,0.459840242783953,0.582573974212488,1.49680593600179,0.783581227147366,-0.839005969530986,0.545849777267524,-1.16251488633115,1.27926866256191,-1.71154035983067,1.04713126969375,0.726677007716335,-0.716329200641673,0.0522966117653569,-0.219141803425354,-0.577121158733603,-0.0611424273151215,1.29443345479165,0.393602271602711,0.0592249013792181,0.121621094258192,0.853917158829024,-0.0142414892278376,0.463991525338223,0.0575328889101342,1.07317817983883,1.69734597425357,-0.983767069368171,-0.497734053156782,1.03068850906754,-1.26828586190738,-0.0169573633770524,0.215831723357544,0.631479577383139,1.3166910809614,0.461446685358677,0.595590166981758,-2.33234329211503,-1.33285917741999,-0.564211653885861
993838.217557336,1153785.46203433,-3.65466767974881,-1.1708658011563,0.894342474456597,-0.434728833427334,-1.2984180581454,-0.549253267520568,-0.441501867158557,-1.72734719876423,0.605511609088139,0.48935009388616,-1.22910368480487,0.372458249502646,1.76221944042985,-0.835517204382323,0.197769349555592,0.572471232957965,0.222121845255788,0.797809220508991,1.34342096167303,-1.43382821157205,-0.299061524088763,0.388477538968596,-0.0977221855723652,0.876775658057348,0.848154805259579,0.256050226078268,1.63404859503905,-0.53180179481998,-1.9813635257482,-1.3539697694037,-0.663693968683372,-0.91493555269582,1.85888475378945,-0.194137385190598,0.268851600120151,-0.893694429077135,0.89066162574578,0.480883405762901,0.56700194844663,1.47211590419185,0.809888881370382,-0.851202344973372,0.562289186501486,-1.18760697538505,1.31115889400227,-1.7443809319863,0.985336644791208,0.720327372887986,-0.758949099001432,0.11713872794257,-0.232546791985573,-0.603569856797125,-0.100544761212846,1.28519274715754,0.383411438950516,0.109138416166042,0.123414404306706,0.859823688702877,-0.0385271385158799,0.478766678051361,-0.01321821327708,1.12548329924934,1.70752759457799,-0.931897392971258,-0.558014334397592,1.05568641149974,-1.32235903798174,-0.0400082952092939,0.234993308972619,0.581220582896251,1.31062753999348,0.465458670182181,0.605197134682645,-2.33922072216432,-1.33686543150014,-0.537629289794482
1001987.44247207,1153785.46203433,-3.67858558718304,-1.14529294640256,0.91776852488016,-0.410049349580168,-1.28037900228525,-0.571684911541043,-0.431981601231718,-1.79221196026232,0.604876815231837,0.484195673321716,-1.21551432314786,0.426348796129253,1.75386608918658,-0.871734296711383,0.21296822019756,0.552353088864512,0.202955119315359,0.864974360918138,1.36521856035603,-1.43559780070791,-0.356410955090581,0.41518660413722,-0.063682634753559,0.871889786825283,0.854680256603974,0.254638602353454,1.57549096287355,-0.556652622119604,-1.98609459664204,-1.37187256017654,-0.632608038879814,-0.921345577996093,1.81140707376385,-0.155085515393775,0.379916079592322,-0.933047517902259,0.859367472404964,0.488647955178016,0.580813688339013,1.44652736450115,0.847926476386589,-0.883199707348442,0.598984058318814,-1.18830992159064,1.32684282612556,-1.7493678746308,0.952662471964845,0.704050319697677,-0.769154406170128,0.148116508809006,-0.245179457372858,-0.626276277616108,-0.13204805329831,1.2107302943109,0.375012749090281,0.169508059174487,0.153821464702319,0.864496998962811,-0.0579142917817463,0.469093459477298,-0.0432961351488425,1.14701314495491,1.71636301644418,-0.904245252160335,-0.659856044678729,1.09128850018598,-1.34706985038859,-0.0185333147845972,0.288075156043631,0.540085915875574,1.31259847733371,0.47407219927601,0.576740675596936,-2.33827331153524,-1.34926766720647,-0.510364361363959
1010136.6673868,1153785.46203433,-3.69279605971985,-1.12024823374207,0.935584802160214,-0.387183805969307,-1.25428083524178,-0.594792371757287,-0.420238194731501,-1.85081080905799,0.612115748726911,0.480144334510992,-1.20438607667477,0.472676716035946,1.74110294931313,-0.908779690204867,0.226148076881557,0.526024553284767,0.184903268207906,0.925333103047559,1.39006181220861,-1.43687462151577,-0.403629307880786,0.440595789886051,-0.0428397295247134,0.867631507316652,0.861191695029136,0.247668827274732,1.5236039260979,-0.583631173373633,-1.98750702804592,-1.39588617634737,-0.611982409464118,-0.926819721599856,1.75688871808665,-0.120331912165759,0.474110589060099,-0.973884569659786,0.836275102787752,0.493285117243101,0.60049895551927,1.42215499826811,0.877927366692054,-0.915233140005613,0.631390451400868,-1.18611003350239,1.33509656461483,-1.74117027421124,0.934736507668075,0.690660183401109,-0.764837100577482,0.162918875649436,-0.253861007845607,-0.644102708309771,-0.156140182564715,1.13159134199107,0.370776028343816,0.220797614301855,0.184056605992389,0.86570721760223,-0.0697294339182195,0.4503631552869,-0.0538012555881055,1.15468157642292,1.72430786096793,-0.890530652251235,-0.755991204878352,1.12160438667497,-1.35604066853725,0.00918128764112073,0.338387257561711,0.509760628237736,1.31444563482016,0.498160170297353,0.567932522012958,-2.32637583264902,-1.36407378481393,-0.516486539271082
1018285.89230154,1153785.46203433,-3.69048746037882,-1.10178701929934,0.948062921710211,-0.365104936311016,-1.21870260847301,-0.620709097731372,-0.387080760650601,-1.89340698486423,0.609108293276589,0.497427778595252,-1.19215153651138,0.505736651140713,1.70141489826447,-0.947522193817621,0.239436856578889,0.51599240312043,0.175988297758679,0.964173580388469,1.40967339856291,-1.4216731952239,-0.431813636169026,0.456635844086327,-0.0519976410132853,0.865885335545263,0.862743619749611,0.228856732853188,1.47181111900631,-0.603815340600718,-1.99191791595358,-1.41454379238483,-0.598953216286328,-0.951702277467225,1.71342184486127,-0.0927838012016344,0.537108723135044,-1.01243927772528,0.828264019687221,0.50862693921744,0.622544174318325,1.38589015652701,0.885419688731686,-0.947339220411946,0.65062573125931,-1.20839584372597,1.34411050527515,-1.71739246141748,0.931759354250317,0.692751783648449,-0.738365698002348,0.161719255278795,-0.257554528712094,-0.66023152600248,-0.176550608641224,1.06900778290996,0.372671367286785,0.262551612934924,0.203841489241871,0.85700640764074,-0.0662008920085038,0.420227113696031,-0.0474677275818444,1.15723581548725,1.74015665154226,-0.909152530081802,-0.834267161949539,1.13866584568501,-1.35000171610668,0.0272036716744837,0.375842068860401,0.494507092235825,1.33479559246002,0.548236289208737,0.584286231157927,-2.30335468584266,-1.36967424637819,-0.555320934943972
1026435.11721627,1153785.46203433,-3.66286027923197,-1.09429284004944,0.956539512867442,-0.343223077749293,-1.16410354887375,-0.661903428499002,-0.296194364223887,-1.90402995186695,0.591073039886459,0.565385783080869,-1.17365290368947,0.523676172930138,1.61816607482124,-0.99018074699487,0.259108387291304,0.543369557286554,0.193983672069394,0.968354165668639,1.42717772886973,-1.37241064676237,-0.410148151981285,0.45042830441895,-0.124145413310922,0.878067940612124,0.859584154689731,0.187844276578385,1.4270180711253,-0.610511980929297,-2.00929599739891,-1.42447675757752,-0.594917258865739,-1.01739802497878,1.69818710093058,-0.0731955268743705,0.534875442404716,-1.04847251228839,0.856801908777245,0.550498449198888,0.657574006471321,1.32893583763552,0.858877065541306,-0.98410337693664,0.658869647702486,-1.28180317677941,1.3570199687523,-1.66153053159357,0.954377280098113,0.728639207314061,-0.658835136168377,0.128362120578744,-0.251067560640569,-0.672903216378623,-0.192386340658183,1.05215467049027,0.377277913373439,0.293569490766919,0.216481421083657,0.837118704632902,-0.0269335851612156,0.375637307715042,-0.0119963168745675,1.15240930532413,1.77491649120766,-1.00558101748977,-0.879607445291747,1.12534372233844,-1.30932229874567,0.0332360351620851,0.401808527768218,0.51372700843507,1.36138360059857,0.58100954161215,0.554981820312576,-2.30343675943531,-1.37064548880078,-0.662146953138265
1034584.342131,1153785.46203433,NA,NA,NA,NA,NA,NA,NA,NA,NA,NA,NA,NA,NA,NA,NA,NA,NA,NA,NA,NA,NA,NA,NA,NA,NA,NA,NA,NA,NA,NA,NA,NA,NA,NA,NA,NA,NA,NA,NA,NA,NA,NA,NA,NA,NA,NA,NA,NA,NA,NA,NA,NA,NA,NA,NA,NA,NA,NA,NA,NA,NA,NA,NA,NA,NA,NA,NA,NA,NA,NA,NA,NA,NA,NA,NA,NA
1042733.56704574,1153785.46203433,NA,NA,NA,NA,NA,NA,NA,NA,NA,NA,NA,NA,NA,NA,NA,NA,NA,NA,NA,NA,NA,NA,NA,NA,NA,NA,NA,NA,NA,NA,NA,NA,NA,NA,NA,NA,NA,NA,NA,NA,NA,NA,NA,NA,NA,NA,NA,NA,NA,NA,NA,NA,NA,NA,NA,NA,NA,NA,NA,NA,NA,NA,NA,NA,NA,NA,NA,NA,NA,NA,NA,NA,NA,NA,NA,NA
1050882.79196047,1153785.46203433,NA,NA,NA,NA,NA,NA,NA,NA,NA,NA,NA,NA,NA,NA,NA,NA,NA,NA,NA,NA,NA,NA,NA,NA,NA,NA,NA,NA,NA,NA,NA,NA,NA,NA,NA,NA,NA,NA,NA,NA,NA,NA,NA,NA,NA,NA,NA,NA,NA,NA,NA,NA,NA,NA,NA,NA,NA,NA,NA,NA,NA,NA,NA,NA,NA,NA,NA,NA,NA,NA,NA,NA,NA,NA,NA,NA
1059032.01687521,1153785.46203433,NA,NA,NA,NA,NA,NA,NA,NA,NA,NA,NA,NA,NA,NA,NA,NA,NA,NA,NA,NA,NA,NA,NA,NA,NA,NA,NA,NA,NA,NA,NA,NA,NA,NA,NA,NA,NA,NA,NA,NA,NA,NA,NA,NA,NA,NA,NA,NA,NA,NA,NA,NA,NA,NA,NA,NA,NA,NA,NA,NA,NA,NA,NA,NA,NA,NA,NA,NA,NA,NA,NA,NA,NA,NA,NA,NA
1067181.24178994,1153785.46203433,NA,NA,NA,NA,NA,NA,NA,NA,NA,NA,NA,NA,NA,NA,NA,NA,NA,NA,NA,NA,NA,NA,NA,NA,NA,NA,NA,NA,NA,NA,NA,NA,NA,NA,NA,NA,NA,NA,NA,NA,NA,NA,NA,NA,NA,NA,NA,NA,NA,NA,NA,NA,NA,NA,NA,NA,NA,NA,NA,NA,NA,NA,NA,NA,NA,NA,NA,NA,NA,NA,NA,NA,NA,NA,NA,NA
1075330.46670467,1153785.46203433,NA,NA,NA,NA,NA,NA,NA,NA,NA,NA,NA,NA,NA,NA,NA,NA,NA,NA,NA,NA,NA,NA,NA,NA,NA,NA,NA,NA,NA,NA,NA,NA,NA,NA,NA,NA,NA,NA,NA,NA,NA,NA,NA,NA,NA,NA,NA,NA,NA,NA,NA,NA,NA,NA,NA,NA,NA,NA,NA,NA,NA,NA,NA,NA,NA,NA,NA,NA,NA,NA,NA,NA,NA,NA,NA,NA
1083479.69161941,1153785.46203433,NA,NA,NA,NA,NA,NA,NA,NA,NA,NA,NA,NA,NA,NA,NA,NA,NA,NA,NA,NA,NA,NA,NA,NA,NA,NA,NA,NA,NA,NA,NA,NA,NA,NA,NA,NA,NA,NA,NA,NA,NA,NA,NA,NA,NA,NA,NA,NA,NA,NA,NA,NA,NA,NA,NA,NA,NA,NA,NA,NA,NA,NA,NA,NA,NA,NA,NA,NA,NA,NA,NA,NA,NA,NA,NA,NA
1091628.91653414,1153785.46203433,NA,NA,NA,NA,NA,NA,NA,NA,NA,NA,NA,NA,NA,NA,NA,NA,NA,NA,NA,NA,NA,NA,NA,NA,NA,NA,NA,NA,NA,NA,NA,NA,NA,NA,NA,NA,NA,NA,NA,NA,NA,NA,NA,NA,NA,NA,NA,NA,NA,NA,NA,NA,NA,NA,NA,NA,NA,NA,NA,NA,NA,NA,NA,NA,NA,NA,NA,NA,NA,NA,NA,NA,NA,NA,NA,NA
1099778.14144887,1153785.46203433,NA,NA,NA,NA,NA,NA,NA,NA,NA,NA,NA,NA,NA,NA,NA,NA,NA,NA,NA,NA,NA,NA,NA,NA,NA,NA,NA,NA,NA,NA,NA,NA,NA,NA,NA,NA,NA,NA,NA,NA,NA,NA,NA,NA,NA,NA,NA,NA,NA,NA,NA,NA,NA,NA,NA,NA,NA,NA,NA,NA,NA,NA,NA,NA,NA,NA,NA,NA,NA,NA,NA,NA,NA,NA,NA,NA
1107927.36636361,1153785.46203433,NA,NA,NA,NA,NA,NA,NA,NA,NA,NA,NA,NA,NA,NA,NA,NA,NA,NA,NA,NA,NA,NA,NA,NA,NA,NA,NA,NA,NA,NA,NA,NA,NA,NA,NA,NA,NA,NA,NA,NA,NA,NA,NA,NA,NA,NA,NA,NA,NA,NA,NA,NA,NA,NA,NA,NA,NA,NA,NA,NA,NA,NA,NA,NA,NA,NA,NA,NA,NA,NA,NA,NA,NA,NA,NA,NA
1116076.59127834,1153785.46203433,NA,NA,NA,NA,NA,NA,NA,NA,NA,NA,NA,NA,NA,NA,NA,NA,NA,NA,NA,NA,NA,NA,NA,NA,NA,NA,NA,NA,NA,NA,NA,NA,NA,NA,NA,NA,NA,NA,NA,NA,NA,NA,NA,NA,NA,NA,NA,NA,NA,NA,NA,NA,NA,NA,NA,NA,NA,NA,NA,NA,NA,NA,NA,NA,NA,NA,NA,NA,NA,NA,NA,NA,NA,NA,NA,NA
1124225.81619307,1153785.46203433,NA,NA,NA,NA,NA,NA,NA,NA,NA,NA,NA,NA,NA,NA,NA,NA,NA,NA,NA,NA,NA,NA,NA,NA,NA,NA,NA,NA,NA,NA,NA,NA,NA,NA,NA,NA,NA,NA,NA,NA,NA,NA,NA,NA,NA,NA,NA,NA,NA,NA,NA,NA,NA,NA,NA,NA,NA,NA,NA,NA,NA,NA,NA,NA,NA,NA,NA,NA,NA,NA,NA,NA,NA,NA,NA,NA
1132375.04110781,1153785.46203433,NA,NA,NA,NA,NA,NA,NA,NA,NA,NA,NA,NA,NA,NA,NA,NA,NA,NA,NA,NA,NA,NA,NA,NA,NA,NA,NA,NA,NA,NA,NA,NA,NA,NA,NA,NA,NA,NA,NA,NA,NA,NA,NA,NA,NA,NA,NA,NA,NA,NA,NA,NA,NA,NA,NA,NA,NA,NA,NA,NA,NA,NA,NA,NA,NA,NA,NA,NA,NA,NA,NA,NA,NA,NA,NA,NA
1140524.26602254,1153785.46203433,NA,NA,NA,NA,NA,NA,NA,NA,NA,NA,NA,NA,NA,NA,NA,NA,NA,NA,NA,NA,NA,NA,NA,NA,NA,NA,NA,NA,NA,NA,NA,NA,NA,NA,NA,NA,NA,NA,NA,NA,NA,NA,NA,NA,NA,NA,NA,NA,NA,NA,NA,NA,NA,NA,NA,NA,NA,NA,NA,NA,NA,NA,NA,NA,NA,NA,NA,NA,NA,NA,NA,NA,NA,NA,NA,NA
1148673.49093727,1153785.46203433,NA,NA,NA,NA,NA,NA,NA,NA,NA,NA,NA,NA,NA,NA,NA,NA,NA,NA,NA,NA,NA,NA,NA,NA,NA,NA,NA,NA,NA,NA,NA,NA,NA,NA,NA,NA,NA,NA,NA,NA,NA,NA,NA,NA,NA,NA,NA,NA,NA,NA,NA,NA,NA,NA,NA,NA,NA,NA,NA,NA,NA,NA,NA,NA,NA,NA,NA,NA,NA,NA,NA,NA,NA,NA,NA,NA
1156822.71585201,1153785.46203433,NA,NA,NA,NA,NA,NA,NA,NA,NA,NA,NA,NA,NA,NA,NA,NA,NA,NA,NA,NA,NA,NA,NA,NA,NA,NA,NA,NA,NA,NA,NA,NA,NA,NA,NA,NA,NA,NA,NA,NA,NA,NA,NA,NA,NA,NA,NA,NA,NA,NA,NA,NA,NA,NA,NA,NA,NA,NA,NA,NA,NA,NA,NA,NA,NA,NA,NA,NA,NA,NA,NA,NA,NA,NA,NA,NA
1164971.94076674,1153785.46203433,NA,NA,NA,NA,NA,NA,NA,NA,NA,NA,NA,NA,NA,NA,NA,NA,NA,NA,NA,NA,NA,NA,NA,NA,NA,NA,NA,NA,NA,NA,NA,NA,NA,NA,NA,NA,NA,NA,NA,NA,NA,NA,NA,NA,NA,NA,NA,NA,NA,NA,NA,NA,NA,NA,NA,NA,NA,NA,NA,NA,NA,NA,NA,NA,NA,NA,NA,NA,NA,NA,NA,NA,NA,NA,NA,NA
1173121.16568148,1153785.46203433,NA,NA,NA,NA,NA,NA,NA,NA,NA,NA,NA,NA,NA,NA,NA,NA,NA,NA,NA,NA,NA,NA,NA,NA,NA,NA,NA,NA,NA,NA,NA,NA,NA,NA,NA,NA,NA,NA,NA,NA,NA,NA,NA,NA,NA,NA,NA,NA,NA,NA,NA,NA,NA,NA,NA,NA,NA,NA,NA,NA,NA,NA,NA,NA,NA,NA,NA,NA,NA,NA,NA,NA,NA,NA,NA,NA
1181270.39059621,1153785.46203433,NA,NA,NA,NA,NA,NA,NA,NA,NA,NA,NA,NA,NA,NA,NA,NA,NA,NA,NA,NA,NA,NA,NA,NA,NA,NA,NA,NA,NA,NA,NA,NA,NA,NA,NA,NA,NA,NA,NA,NA,NA,NA,NA,NA,NA,NA,NA,NA,NA,NA,NA,NA,NA,NA,NA,NA,NA,NA,NA,NA,NA,NA,NA,NA,NA,NA,NA,NA,NA,NA,NA,NA,NA,NA,NA,NA
1189419.61551094,1153785.46203433,NA,NA,NA,NA,NA,NA,NA,NA,NA,NA,NA,NA,NA,NA,NA,NA,NA,NA,NA,NA,NA,NA,NA,NA,NA,NA,NA,NA,NA,NA,NA,NA,NA,NA,NA,NA,NA,NA,NA,NA,NA,NA,NA,NA,NA,NA,NA,NA,NA,NA,NA,NA,NA,NA,NA,NA,NA,NA,NA,NA,NA,NA,NA,NA,NA,NA,NA,NA,NA,NA,NA,NA,NA,NA,NA,NA
1197568.84042568,1153785.46203433,NA,NA,NA,NA,NA,NA,NA,NA,NA,NA,NA,NA,NA,NA,NA,NA,NA,NA,NA,NA,NA,NA,NA,NA,NA,NA,NA,NA,NA,NA,NA,NA,NA,NA,NA,NA,NA,NA,NA,NA,NA,NA,NA,NA,NA,NA,NA,NA,NA,NA,NA,NA,NA,NA,NA,NA,NA,NA,NA,NA,NA,NA,NA,NA,NA,NA,NA,NA,NA,NA,NA,NA,NA,NA,NA,NA
1205718.06534041,1153785.46203433,NA,NA,NA,NA,NA,NA,NA,NA,NA,NA,NA,NA,NA,NA,NA,NA,NA,NA,NA,NA,NA,NA,NA,NA,NA,NA,NA,NA,NA,NA,NA,NA,NA,NA,NA,NA,NA,NA,NA,NA,NA,NA,NA,NA,NA,NA,NA,NA,NA,NA,NA,NA,NA,NA,NA,NA,NA,NA,NA,NA,NA,NA,NA,NA,NA,NA,NA,NA,NA,NA,NA,NA,NA,NA,NA,NA
1213867.29025514,1153785.46203433,NA,NA,NA,NA,NA,NA,NA,NA,NA,NA,NA,NA,NA,NA,NA,NA,NA,NA,NA,NA,NA,NA,NA,NA,NA,NA,NA,NA,NA,NA,NA,NA,NA,NA,NA,NA,NA,NA,NA,NA,NA,NA,NA,NA,NA,NA,NA,NA,NA,NA,NA,NA,NA,NA,NA,NA,NA,NA,NA,NA,NA,NA,NA,NA,NA,NA,NA,NA,NA,NA,NA,NA,NA,NA,NA,NA
1222016.51516988,1153785.46203433,NA,NA,NA,NA,NA,NA,NA,NA,NA,NA,NA,NA,NA,NA,NA,NA,NA,NA,NA,NA,NA,NA,NA,NA,NA,NA,NA,NA,NA,NA,NA,NA,NA,NA,NA,NA,NA,NA,NA,NA,NA,NA,NA,NA,NA,NA,NA,NA,NA,NA,NA,NA,NA,NA,NA,NA,NA,NA,NA,NA,NA,NA,NA,NA,NA,NA,NA,NA,NA,NA,NA,NA,NA,NA,NA,NA
879749.068751066,1145636.23711959,NA,NA,NA,NA,NA,NA,NA,NA,NA,NA,NA,NA,NA,NA,NA,NA,NA,NA,NA,NA,NA,NA,NA,NA,NA,NA,NA,NA,NA,NA,NA,NA,NA,NA,NA,NA,NA,NA,NA,NA,NA,NA,NA,NA,NA,NA,NA,NA,NA,NA,NA,NA,NA,NA,NA,NA,NA,NA,NA,NA,NA,NA,NA,NA,NA,NA,NA,NA,NA,NA,NA,NA,NA,NA,NA,NA
887898.2936658,1145636.23711959,NA,NA,NA,NA,NA,NA,NA,NA,NA,NA,NA,NA,NA,NA,NA,NA,NA,NA,NA,NA,NA,NA,NA,NA,NA,NA,NA,NA,NA,NA,NA,NA,NA,NA,NA,NA,NA,NA,NA,NA,NA,NA,NA,NA,NA,NA,NA,NA,NA,NA,NA,NA,NA,NA,NA,NA,NA,NA,NA,NA,NA,NA,NA,NA,NA,NA,NA,NA,NA,NA,NA,NA,NA,NA,NA,NA
896047.518580533,1145636.23711959,NA,NA,NA,NA,NA,NA,NA,NA,NA,NA,NA,NA,NA,NA,NA,NA,NA,NA,NA,NA,NA,NA,NA,NA,NA,NA,NA,NA,NA,NA,NA,NA,NA,NA,NA,NA,NA,NA,NA,NA,NA,NA,NA,NA,NA,NA,NA,NA,NA,NA,NA,NA,NA,NA,NA,NA,NA,NA,NA,NA,NA,NA,NA,NA,NA,NA,NA,NA,NA,NA,NA,NA,NA,NA,NA,NA
904196.743495267,1145636.23711959,NA,NA,NA,NA,NA,NA,NA,NA,NA,NA,NA,NA,NA,NA,NA,NA,NA,NA,NA,NA,NA,NA,NA,NA,NA,NA,NA,NA,NA,NA,NA,NA,NA,NA,NA,NA,NA,NA,NA,NA,NA,NA,NA,NA,NA,NA,NA,NA,NA,NA,NA,NA,NA,NA,NA,NA,NA,NA,NA,NA,NA,NA,NA,NA,NA,NA,NA,NA,NA,NA,NA,NA,NA,NA,NA,NA
912345.96841,1145636.23711959,NA,NA,NA,NA,NA,NA,NA,NA,NA,NA,NA,NA,NA,NA,NA,NA,NA,NA,NA,NA,NA,NA,NA,NA,NA,NA,NA,NA,NA,NA,NA,NA,NA,NA,NA,NA,NA,NA,NA,NA,NA,NA,NA,NA,NA,NA,NA,NA,NA,NA,NA,NA,NA,NA,NA,NA,NA,NA,NA,NA,NA,NA,NA,NA,NA,NA,NA,NA,NA,NA,NA,NA,NA,NA,NA,NA
920495.193324734,1145636.23711959,NA,NA,NA,NA,NA,NA,NA,NA,NA,NA,NA,NA,NA,NA,NA,NA,NA,NA,NA,NA,NA,NA,NA,NA,NA,NA,NA,NA,NA,NA,NA,NA,NA,NA,NA,NA,NA,NA,NA,NA,NA,NA,NA,NA,NA,NA,NA,NA,NA,NA,NA,NA,NA,NA,NA,NA,NA,NA,NA,NA,NA,NA,NA,NA,NA,NA,NA,NA,NA,NA,NA,NA,NA,NA,NA,NA
928644.418239468,1145636.23711959,NA,NA,NA,NA,NA,NA,NA,NA,NA,NA,NA,NA,NA,NA,NA,NA,NA,NA,NA,NA,NA,NA,NA,NA,NA,NA,NA,NA,NA,NA,NA,NA,NA,NA,NA,NA,NA,NA,NA,NA,NA,NA,NA,NA,NA,NA,NA,NA,NA,NA,NA,NA,NA,NA,NA,NA,NA,NA,NA,NA,NA,NA,NA,NA,NA,NA,NA,NA,NA,NA,NA,NA,NA,NA,NA,NA
936793.643154201,1145636.23711959,NA,NA,NA,NA,NA,NA,NA,NA,NA,NA,NA,NA,NA,NA,NA,NA,NA,NA,NA,NA,NA,NA,NA,NA,NA,NA,NA,NA,NA,NA,NA,NA,NA,NA,NA,NA,NA,NA,NA,NA,NA,NA,NA,NA,NA,NA,NA,NA,NA,NA,NA,NA,NA,NA,NA,NA,NA,NA,NA,NA,NA,NA,NA,NA,NA,NA,NA,NA,NA,NA,NA,NA,NA,NA,NA,NA
944942.868068935,1145636.23711959,NA,NA,NA,NA,NA,NA,NA,NA,NA,NA,NA,NA,NA,NA,NA,NA,NA,NA,NA,NA,NA,NA,NA,NA,NA,NA,NA,NA,NA,NA,NA,NA,NA,NA,NA,NA,NA,NA,NA,NA,NA,NA,NA,NA,NA,NA,NA,NA,NA,NA,NA,NA,NA,NA,NA,NA,NA,NA,NA,NA,NA,NA,NA,NA,NA,NA,NA,NA,NA,NA,NA,NA,NA,NA,NA,NA
953092.092983668,1145636.23711959,NA,NA,NA,NA,NA,NA,NA,NA,NA,NA,NA,NA,NA,NA,NA,NA,NA,NA,NA,NA,NA,NA,NA,NA,NA,NA,NA,NA,NA,NA,NA,NA,NA,NA,NA,NA,NA,NA,NA,NA,NA,NA,NA,NA,NA,NA,NA,NA,NA,NA,NA,NA,NA,NA,NA,NA,NA,NA,NA,NA,NA,NA,NA,NA,NA,NA,NA,NA,NA,NA,NA,NA,NA,NA,NA,NA
961241.317898402,1145636.23711959,NA,NA,NA,NA,NA,NA,NA,NA,NA,NA,NA,NA,NA,NA,NA,NA,NA,NA,NA,NA,NA,NA,NA,NA,NA,NA,NA,NA,NA,NA,NA,NA,NA,NA,NA,NA,NA,NA,NA,NA,NA,NA,NA,NA,NA,NA,NA,NA,NA,NA,NA,NA,NA,NA,NA,NA,NA,NA,NA,NA,NA,NA,NA,NA,NA,NA,NA,NA,NA,NA,NA,NA,NA,NA,NA,NA
969390.542813136,1145636.23711959,NA,NA,NA,NA,NA,NA,NA,NA,NA,NA,NA,NA,NA,NA,NA,NA,NA,NA,NA,NA,NA,NA,NA,NA,NA,NA,NA,NA,NA,NA,NA,NA,NA,NA,NA,NA,NA,NA,NA,NA,NA,NA,NA,NA,NA,NA,NA,NA,NA,NA,NA,NA,NA,NA,NA,NA,NA,NA,NA,NA,NA,NA,NA,NA,NA,NA,NA,NA,NA,NA,NA,NA,NA,NA,NA,NA
977539.767727869,1145636.23711959,-3.55054418276268,-1.19387125843626,0.830987387609928,-0.459824638967963,-1.24514783804163,-0.596089125618276,-0.393042328874665,-1.68783220474914,0.686639034093384,0.526201903486439,-1.27205222478897,0.29900489624707,1.8020857039423,-0.863309396625685,0.145766263596773,0.522403618222473,0.279939712133893,0.76441059556667,1.43016264522524,-1.45877998497401,-0.226104894202046,0.456009921318419,-0.170857351618029,0.879103190053999,0.924689995755552,0.172241721027297,1.69067667368812,-0.531989429032504,-1.94307387014002,-1.39205109771494,-0.755629742597535,-0.849674065201996,1.8804166135572,-0.232999232162041,0.0720188711778629,-0.976211587135521,0.920168440585918,0.416507175987899,0.630465066751297,1.43774558601242,0.796542788080663,-0.875424701130521,0.514351909924348,-1.19128836036996,1.25784676449283,-1.61256354441999,1.09744458358764,0.740005335657915,-0.556835914373283,-0.0592934502083457,-0.216330910258383,-0.564186310480689,-0.0166744944203266,1.21305701359442,0.415227549398373,0.0269635908298578,0.148167309961457,0.812572108921628,-0.00953886442245775,0.387372037306385,0.163759329589947,0.995744075027722,1.69452962312243,-1.12067656513487,-0.474938829013473,1.08343297434717,-1.18333239323424,0.052472020492624,0.281476937755269,0.637050372819839,1.37452743282142,0.405151028037228,0.496806188051804,-2.33102651401655,-1.31800360629198,-0.576155508951275
985688.992642603,1145636.23711959,-3.55691162780801,-1.19908357752371,0.851964088452903,-0.445747743773671,-1.28191106226441,-0.565582184606487,-0.391865311605284,-1.69136579119085,0.618390784269356,0.550198473861115,-1.25356288620289,0.298587595694804,1.76711473006806,-0.849957143317544,0.161818602090039,0.592826653806628,0.297894689710144,0.750787591284139,1.37404049093416,-1.42477848765734,-0.258040113203051,0.443066170035507,-0.133001217322147,0.871027808464441,0.915466443535734,0.202210979501334,1.65065417966979,-0.492943732136783,-1.94915793524398,-1.32393563258559,-0.701254889346163,-0.881474098523397,1.94406803899152,-0.23373832772413,0.104578423178284,-0.937661249319747,0.89413146817876,0.448623481895362,0.584646210142814,1.41560581301179,0.798715525829307,-0.857341809687945,0.497547320448861,-1.24334370143452,1.30577975688298,-1.66329901497515,1.02862545059618,0.751286228371998,-0.621594532920673,0.0318086296715532,-0.224074898360187,-0.586720776310797,-0.0530179380021128,1.2789298960139,0.415189865986138,0.0526177428310741,0.111243005464003,0.815097009379746,-0.0328567399124365,0.424419846395551,0.0716371585632875,1.07400898502507,1.71355154738388,-1.04925850307208,-0.46337818621847,1.09699574738064,-1.25496035780905,-0.0150455405949878,0.250770198933371,0.58954373368864,1.35031257866928,0.393653126153719,0.547682434436011,-2.35480223243215,-1.32114923386565,-0.587285957037419
993838.217557336,1145636.23711959,-3.57056107211302,-1.19467006855449,0.877011366577208,-0.427223044658681,-1.3004341635591,-0.55259329948705,-0.391796780828538,-1.71802923788051,0.563890640603377,0.562730721201429,-1.23047926121169,0.323151622649142,1.7372476643943,-0.852504714484055,0.181441407965369,0.635551998579845,0.297019090725845,0.770992241745131,1.34156536241878,-1.40432926371079,-0.31230370304059,0.447267307597029,-0.0875141238627882,0.862357840249284,0.907063435603656,0.221435053700792,1.59488694435172,-0.479412278386334,-1.95417909232095,-1.28334650841065,-0.650151229602069,-0.90648899745316,1.96892639796275,-0.216038253721748,0.187114612779824,-0.925051543725928,0.858702841989754,0.47408948954944,0.555515196310887,1.38772734986796,0.817223149972893,-0.855405714138834,0.503545070391788,-1.27685339364198,1.34702550137618,-1.70357672484829,0.967212454142022,0.74996788156139,-0.677780356192253,0.11251334734096,-0.234824776627279,-0.611118455309171,-0.092775468705032,1.28813837664494,0.41282377276547,0.100070590205245,0.0976566715610558,0.818637774491549,-0.0602693046867151,0.449116860724758,-0.010180399436926,1.14071471256621,1.7319133485093,-0.980919571663365,-0.496144480612027,1.12287946644965,-1.31841723417657,-0.0531823158374921,0.249598916552463,0.536485846126814,1.33322067492374,0.39364639867537,0.572413752044824,-2.36798232870906,-1.32906258677974,-0.579816408473208
1001987.44247207,1145636.23711959,-3.59041101328165,-1.17877667538112,0.900629523853831,-0.404501367958523,-1.28421086970842,-0.56389930500036,-0.391418043438882,-1.77175670285162,0.550071314679602,0.561996327538664,-1.21585996672797,0.366982618081424,1.70701672991546,-0.884905697057169,0.202561856933246,0.628471790070749,0.276661590458825,0.82870402804934,1.34845551625516,-1.40228177436667,-0.374781904553848,0.468268353562547,-0.0609075125013664,0.855077610667571,0.904154343021115,0.219962429033187,1.53484841132115,-0.503308490564938,-1.95845269917646,-1.29417772401691,-0.624046234792772,-0.926396238515481,1.92934431987536,-0.184795178540555,0.304522314084708,-0.951066808928537,0.831602461896541,0.486239024155801,0.562798223275779,1.36086944205562,0.843448327274014,-0.879058657138927,0.531084814159096,-1.28667721424088,1.3687829362104,-1.71109205925265,0.94363149252832,0.740504808661873,-0.699876302732015,0.1499811095084,-0.243659176538073,-0.634610334893387,-0.126556893244819,1.22259444981552,0.415325262375626,0.158772176615367,0.113915026371359,0.820050400183778,-0.078092363835606,0.437341431285383,-0.0407500827602409,1.16768996754983,1.75283557373403,-0.944205371274501,-0.579289667954503,1.15836112607457,-1.34811914381198,-0.0428613670750436,0.283809047535225,0.496876828439101,1.34608233561961,0.427261233802975,0.573686670500559,-2.35762263638529,-1.33885082750697,-0.565404795067539
1010136.6673868,1145636.23711959,-3.60401298923113,-1.15797080123106,0.92017297182601,-0.381382651003826,-1.25496397836521,-0.580084709862343,-0.388161616899382,-1.82568989043331,0.554551340563951,0.558183572664894,-1.20525591956643,0.40994990253543,1.67903537878253,-0.922272514116523,0.22195353346008,0.605194993282068,0.255180637843311,0.8893647665423,1.36733761227209,-1.4029058031423,-0.427169637444761,0.491588442119329,-0.0462032463342972,0.849779778972682,0.904505650949125,0.212388168140001,1.48209486035919,-0.534404718708386,-1.95874184179674,-1.31939485135972,-0.609266625999455,-0.940500000380039,1.8712654578601,-0.153087060282368,0.411997205957662,-0.985120262429552,0.813557238109253,0.493036582246874,0.582817921404197,1.33828612625427,0.867215071074501,-0.906979019150916,0.560931499178812,-1.28602548106503,1.3797127353241,-1.70134654552951,0.937670938447296,0.731090171602524,-0.703009582996904,0.166434932784323,-0.248680036466865,-0.652885066497692,-0.151826280395612,1.14093637676674,0.420361947877792,0.211724566349763,0.138323416604179,0.820299415399497,-0.0872330023691547,0.413492374656712,-0.0453622744521176,1.17559631246567,1.77108189562838,-0.923512408769267,-0.667812884555315,1.19095051916809,-1.35753421070937,-0.0166122974287998,0.32571627148731,0.469835459986283,1.34538912950774,0.467714214170879,0.584055127980074,-2.34049875087583,-1.35984366940688,-0.598521373729195
1018285.89230154,1145636.23711959,-3.60357912017537,-1.14146034353141,0.935227200545799,-0.358723666124071,-1.21667141903943,-0.600197291051444,-0.36447830551795,-1.86593627693861,0.553256538777952,0.572376341123459,-1.19265785487124,0.443167341181639,1.63091098603205,-0.961223208481391,0.242129464160203,0.593721469144216,0.242971070724566,0.933391176071085,1.3837737200203,-1.39011399953852,-0.461223032237651,0.507071639724327,-0.0566420646950442,0.847575367449302,0.902394895904095,0.19475709648821,1.43070667742701,-0.560483522406637,-1.96072939733147,-1.34120613814623,-0.600290569527614,-0.968592535138367,1.82080031976042,-0.126428525850792,0.489513988408051,-1.01817485820446,0.808770507138212,0.507737153539095,0.607138603739612,1.30595845158418,0.87478436888315,-0.935768531834655,0.582532900361863,-1.30374567570063,1.38983843913328,-1.6760795756834,0.943745421148926,0.734035717603156,-0.683785204867801,0.167662691213316,-0.249173043990419,-0.668927332522717,-0.173576363873007,1.07194717893055,0.428570578113937,0.257150098697063,0.157788109337534,0.813538086634985,-0.0825665629193805,0.380516554525214,-0.0349585854870958,1.17689087194178,1.79469362363145,-0.932143386923172,-0.742861130383547,1.21184838583687,-1.35112613951543,0.00525400461842439,0.360378888073901,0.455960406935079,1.35388296100047,0.516691076177463,0.599295776011323,-2.32032750268403,-1.37525955959777,-0.657422600944725
1026435.11721627,1145636.23711959,-3.59008086942589,-1.13271985653316,0.947080031559613,-0.338433252444815,-1.16891229786853,-0.633400507072629,-0.302934019207086,-1.88551066480734,0.543863854496436,0.617015270348166,-1.17354024862518,0.468043303631345,1.55837977035356,-1.00226727791452,0.269172943379676,0.60330886394082,0.25056604434116,0.956766586170727,1.3960857713839,-1.3588367981351,-0.461493019007444,0.503866636719932,-0.106251200819582,0.854550357845393,0.897221702433433,0.163466711335847,1.38489331378352,-0.581300050305314,-1.97125007002557,-1.35877683782698,-0.595411406829776,-1.02020473560954,1.78552991884324,-0.105488587120256,0.518597895375822,-1.04874796523916,0.82563275668763,0.534920514082912,0.640442875096127,1.26026726748005,0.867175535316762,-0.9687463903166,0.603330506193563,-1.3488875461878,1.39846347714658,-1.62978370166287,0.959559012256243,0.754712054599661,-0.629905028610335,0.148143225241346,-0.244145854147892,-0.683047399477109,-0.196475061667597,1.03167015044557,0.430941893964228,0.297017363507168,0.178577145428705,0.802871853071643,-0.0569403501578186,0.341981716933983,-0.0129884230008283,1.16933888880909,1.82726129134943,-0.989557933832073,-0.800015366036794,1.20995067995544,-1.32046053427212,0.0244009577525603,0.391773211432567,0.460876991032512,1.37032126749039,0.554190485641448,0.587655092868471,-2.30960420994952,-1.38192646964028,-0.746601181587143
1034584.342131,1145636.23711959,NA,NA,NA,NA,NA,NA,NA,NA,NA,NA,NA,NA,NA,NA,NA,NA,NA,NA,NA,NA,NA,NA,NA,NA,NA,NA,NA,NA,NA,NA,NA,NA,NA,NA,NA,NA,NA,NA,NA,NA,NA,NA,NA,NA,NA,NA,NA,NA,NA,NA,NA,NA,NA,NA,NA,NA,NA,NA,NA,NA,NA,NA,NA,NA,NA,NA,NA,NA,NA,NA,NA,NA,NA,NA,NA,NA
1042733.56704574,1145636.23711959,NA,NA,NA,NA,NA,NA,NA,NA,NA,NA,NA,NA,NA,NA,NA,NA,NA,NA,NA,NA,NA,NA,NA,NA,NA,NA,NA,NA,NA,NA,NA,NA,NA,NA,NA,NA,NA,NA,NA,NA,NA,NA,NA,NA,NA,NA,NA,NA,NA,NA,NA,NA,NA,NA,NA,NA,NA,NA,NA,NA,NA,NA,NA,NA,NA,NA,NA,NA,NA,NA,NA,NA,NA,NA,NA,NA
1050882.79196047,1145636.23711959,NA,NA,NA,NA,NA,NA,NA,NA,NA,NA,NA,NA,NA,NA,NA,NA,NA,NA,NA,NA,NA,NA,NA,NA,NA,NA,NA,NA,NA,NA,NA,NA,NA,NA,NA,NA,NA,NA,NA,NA,NA,NA,NA,NA,NA,NA,NA,NA,NA,NA,NA,NA,NA,NA,NA,NA,NA,NA,NA,NA,NA,NA,NA,NA,NA,NA,NA,NA,NA,NA,NA,NA,NA,NA,NA,NA
1059032.01687521,1145636.23711959,NA,NA,NA,NA,NA,NA,NA,NA,NA,NA,NA,NA,NA,NA,NA,NA,NA,NA,NA,NA,NA,NA,NA,NA,NA,NA,NA,NA,NA,NA,NA,NA,NA,NA,NA,NA,NA,NA,NA,NA,NA,NA,NA,NA,NA,NA,NA,NA,NA,NA,NA,NA,NA,NA,NA,NA,NA,NA,NA,NA,NA,NA,NA,NA,NA,NA,NA,NA,NA,NA,NA,NA,NA,NA,NA,NA
1067181.24178994,1145636.23711959,NA,NA,NA,NA,NA,NA,NA,NA,NA,NA,NA,NA,NA,NA,NA,NA,NA,NA,NA,NA,NA,NA,NA,NA,NA,NA,NA,NA,NA,NA,NA,NA,NA,NA,NA,NA,NA,NA,NA,NA,NA,NA,NA,NA,NA,NA,NA,NA,NA,NA,NA,NA,NA,NA,NA,NA,NA,NA,NA,NA,NA,NA,NA,NA,NA,NA,NA,NA,NA,NA,NA,NA,NA,NA,NA,NA
1075330.46670467,1145636.23711959,NA,NA,NA,NA,NA,NA,NA,NA,NA,NA,NA,NA,NA,NA,NA,NA,NA,NA,NA,NA,NA,NA,NA,NA,NA,NA,NA,NA,NA,NA,NA,NA,NA,NA,NA,NA,NA,NA,NA,NA,NA,NA,NA,NA,NA,NA,NA,NA,NA,NA,NA,NA,NA,NA,NA,NA,NA,NA,NA,NA,NA,NA,NA,NA,NA,NA,NA,NA,NA,NA,NA,NA,NA,NA,NA,NA
1083479.69161941,1145636.23711959,NA,NA,NA,NA,NA,NA,NA,NA,NA,NA,NA,NA,NA,NA,NA,NA,NA,NA,NA,NA,NA,NA,NA,NA,NA,NA,NA,NA,NA,NA,NA,NA,NA,NA,NA,NA,NA,NA,NA,NA,NA,NA,NA,NA,NA,NA,NA,NA,NA,NA,NA,NA,NA,NA,NA,NA,NA,NA,NA,NA,NA,NA,NA,NA,NA,NA,NA,NA,NA,NA,NA,NA,NA,NA,NA,NA
1091628.91653414,1145636.23711959,NA,NA,NA,NA,NA,NA,NA,NA,NA,NA,NA,NA,NA,NA,NA,NA,NA,NA,NA,NA,NA,NA,NA,NA,NA,NA,NA,NA,NA,NA,NA,NA,NA,NA,NA,NA,NA,NA,NA,NA,NA,NA,NA,NA,NA,NA,NA,NA,NA,NA,NA,NA,NA,NA,NA,NA,NA,NA,NA,NA,NA,NA,NA,NA,NA,NA,NA,NA,NA,NA,NA,NA,NA,NA,NA,NA
1099778.14144887,1145636.23711959,NA,NA,NA,NA,NA,NA,NA,NA,NA,NA,NA,NA,NA,NA,NA,NA,NA,NA,NA,NA,NA,NA,NA,NA,NA,NA,NA,NA,NA,NA,NA,NA,NA,NA,NA,NA,NA,NA,NA,NA,NA,NA,NA,NA,NA,NA,NA,NA,NA,NA,NA,NA,NA,NA,NA,NA,NA,NA,NA,NA,NA,NA,NA,NA,NA,NA,NA,NA,NA,NA,NA,NA,NA,NA,NA,NA
1107927.36636361,1145636.23711959,NA,NA,NA,NA,NA,NA,NA,NA,NA,NA,NA,NA,NA,NA,NA,NA,NA,NA,NA,NA,NA,NA,NA,NA,NA,NA,NA,NA,NA,NA,NA,NA,NA,NA,NA,NA,NA,NA,NA,NA,NA,NA,NA,NA,NA,NA,NA,NA,NA,NA,NA,NA,NA,NA,NA,NA,NA,NA,NA,NA,NA,NA,NA,NA,NA,NA,NA,NA,NA,NA,NA,NA,NA,NA,NA,NA
1116076.59127834,1145636.23711959,NA,NA,NA,NA,NA,NA,NA,NA,NA,NA,NA,NA,NA,NA,NA,NA,NA,NA,NA,NA,NA,NA,NA,NA,NA,NA,NA,NA,NA,NA,NA,NA,NA,NA,NA,NA,NA,NA,NA,NA,NA,NA,NA,NA,NA,NA,NA,NA,NA,NA,NA,NA,NA,NA,NA,NA,NA,NA,NA,NA,NA,NA,NA,NA,NA,NA,NA,NA,NA,NA,NA,NA,NA,NA,NA,NA
1124225.81619307,1145636.23711959,NA,NA,NA,NA,NA,NA,NA,NA,NA,NA,NA,NA,NA,NA,NA,NA,NA,NA,NA,NA,NA,NA,NA,NA,NA,NA,NA,NA,NA,NA,NA,NA,NA,NA,NA,NA,NA,NA,NA,NA,NA,NA,NA,NA,NA,NA,NA,NA,NA,NA,NA,NA,NA,NA,NA,NA,NA,NA,NA,NA,NA,NA,NA,NA,NA,NA,NA,NA,NA,NA,NA,NA,NA,NA,NA,NA
1132375.04110781,1145636.23711959,NA,NA,NA,NA,NA,NA,NA,NA,NA,NA,NA,NA,NA,NA,NA,NA,NA,NA,NA,NA,NA,NA,NA,NA,NA,NA,NA,NA,NA,NA,NA,NA,NA,NA,NA,NA,NA,NA,NA,NA,NA,NA,NA,NA,NA,NA,NA,NA,NA,NA,NA,NA,NA,NA,NA,NA,NA,NA,NA,NA,NA,NA,NA,NA,NA,NA,NA,NA,NA,NA,NA,NA,NA,NA,NA,NA
1140524.26602254,1145636.23711959,NA,NA,NA,NA,NA,NA,NA,NA,NA,NA,NA,NA,NA,NA,NA,NA,NA,NA,NA,NA,NA,NA,NA,NA,NA,NA,NA,NA,NA,NA,NA,NA,NA,NA,NA,NA,NA,NA,NA,NA,NA,NA,NA,NA,NA,NA,NA,NA,NA,NA,NA,NA,NA,NA,NA,NA,NA,NA,NA,NA,NA,NA,NA,NA,NA,NA,NA,NA,NA,NA,NA,NA,NA,NA,NA,NA
1148673.49093727,1145636.23711959,NA,NA,NA,NA,NA,NA,NA,NA,NA,NA,NA,NA,NA,NA,NA,NA,NA,NA,NA,NA,NA,NA,NA,NA,NA,NA,NA,NA,NA,NA,NA,NA,NA,NA,NA,NA,NA,NA,NA,NA,NA,NA,NA,NA,NA,NA,NA,NA,NA,NA,NA,NA,NA,NA,NA,NA,NA,NA,NA,NA,NA,NA,NA,NA,NA,NA,NA,NA,NA,NA,NA,NA,NA,NA,NA,NA
1156822.71585201,1145636.23711959,NA,NA,NA,NA,NA,NA,NA,NA,NA,NA,NA,NA,NA,NA,NA,NA,NA,NA,NA,NA,NA,NA,NA,NA,NA,NA,NA,NA,NA,NA,NA,NA,NA,NA,NA,NA,NA,NA,NA,NA,NA,NA,NA,NA,NA,NA,NA,NA,NA,NA,NA,NA,NA,NA,NA,NA,NA,NA,NA,NA,NA,NA,NA,NA,NA,NA,NA,NA,NA,NA,NA,NA,NA,NA,NA,NA
1164971.94076674,1145636.23711959,NA,NA,NA,NA,NA,NA,NA,NA,NA,NA,NA,NA,NA,NA,NA,NA,NA,NA,NA,NA,NA,NA,NA,NA,NA,NA,NA,NA,NA,NA,NA,NA,NA,NA,NA,NA,NA,NA,NA,NA,NA,NA,NA,NA,NA,NA,NA,NA,NA,NA,NA,NA,NA,NA,NA,NA,NA,NA,NA,NA,NA,NA,NA,NA,NA,NA,NA,NA,NA,NA,NA,NA,NA,NA,NA,NA
1173121.16568148,1145636.23711959,NA,NA,NA,NA,NA,NA,NA,NA,NA,NA,NA,NA,NA,NA,NA,NA,NA,NA,NA,NA,NA,NA,NA,NA,NA,NA,NA,NA,NA,NA,NA,NA,NA,NA,NA,NA,NA,NA,NA,NA,NA,NA,NA,NA,NA,NA,NA,NA,NA,NA,NA,NA,NA,NA,NA,NA,NA,NA,NA,NA,NA,NA,NA,NA,NA,NA,NA,NA,NA,NA,NA,NA,NA,NA,NA,NA
1181270.39059621,1145636.23711959,NA,NA,NA,NA,NA,NA,NA,NA,NA,NA,NA,NA,NA,NA,NA,NA,NA,NA,NA,NA,NA,NA,NA,NA,NA,NA,NA,NA,NA,NA,NA,NA,NA,NA,NA,NA,NA,NA,NA,NA,NA,NA,NA,NA,NA,NA,NA,NA,NA,NA,NA,NA,NA,NA,NA,NA,NA,NA,NA,NA,NA,NA,NA,NA,NA,NA,NA,NA,NA,NA,NA,NA,NA,NA,NA,NA
1189419.61551094,1145636.23711959,NA,NA,NA,NA,NA,NA,NA,NA,NA,NA,NA,NA,NA,NA,NA,NA,NA,NA,NA,NA,NA,NA,NA,NA,NA,NA,NA,NA,NA,NA,NA,NA,NA,NA,NA,NA,NA,NA,NA,NA,NA,NA,NA,NA,NA,NA,NA,NA,NA,NA,NA,NA,NA,NA,NA,NA,NA,NA,NA,NA,NA,NA,NA,NA,NA,NA,NA,NA,NA,NA,NA,NA,NA,NA,NA,NA
1197568.84042568,1145636.23711959,NA,NA,NA,NA,NA,NA,NA,NA,NA,NA,NA,NA,NA,NA,NA,NA,NA,NA,NA,NA,NA,NA,NA,NA,NA,NA,NA,NA,NA,NA,NA,NA,NA,NA,NA,NA,NA,NA,NA,NA,NA,NA,NA,NA,NA,NA,NA,NA,NA,NA,NA,NA,NA,NA,NA,NA,NA,NA,NA,NA,NA,NA,NA,NA,NA,NA,NA,NA,NA,NA,NA,NA,NA,NA,NA,NA
1205718.06534041,1145636.23711959,NA,NA,NA,NA,NA,NA,NA,NA,NA,NA,NA,NA,NA,NA,NA,NA,NA,NA,NA,NA,NA,NA,NA,NA,NA,NA,NA,NA,NA,NA,NA,NA,NA,NA,NA,NA,NA,NA,NA,NA,NA,NA,NA,NA,NA,NA,NA,NA,NA,NA,NA,NA,NA,NA,NA,NA,NA,NA,NA,NA,NA,NA,NA,NA,NA,NA,NA,NA,NA,NA,NA,NA,NA,NA,NA,NA
1213867.29025514,1145636.23711959,NA,NA,NA,NA,NA,NA,NA,NA,NA,NA,NA,NA,NA,NA,NA,NA,NA,NA,NA,NA,NA,NA,NA,NA,NA,NA,NA,NA,NA,NA,NA,NA,NA,NA,NA,NA,NA,NA,NA,NA,NA,NA,NA,NA,NA,NA,NA,NA,NA,NA,NA,NA,NA,NA,NA,NA,NA,NA,NA,NA,NA,NA,NA,NA,NA,NA,NA,NA,NA,NA,NA,NA,NA,NA,NA,NA
1222016.51516988,1145636.23711959,NA,NA,NA,NA,NA,NA,NA,NA,NA,NA,NA,NA,NA,NA,NA,NA,NA,NA,NA,NA,NA,NA,NA,NA,NA,NA,NA,NA,NA,NA,NA,NA,NA,NA,NA,NA,NA,NA,NA,NA,NA,NA,NA,NA,NA,NA,NA,NA,NA,NA,NA,NA,NA,NA,NA,NA,NA,NA,NA,NA,NA,NA,NA,NA,NA,NA,NA,NA,NA,NA,NA,NA,NA,NA,NA,NA
879749.068751066,1137487.01220486,NA,NA,NA,NA,NA,NA,NA,NA,NA,NA,NA,NA,NA,NA,NA,NA,NA,NA,NA,NA,NA,NA,NA,NA,NA,NA,NA,NA,NA,NA,NA,NA,NA,NA,NA,NA,NA,NA,NA,NA,NA,NA,NA,NA,NA,NA,NA,NA,NA,NA,NA,NA,NA,NA,NA,NA,NA,NA,NA,NA,NA,NA,NA,NA,NA,NA,NA,NA,NA,NA,NA,NA,NA,NA,NA,NA
887898.2936658,1137487.01220486,NA,NA,NA,NA,NA,NA,NA,NA,NA,NA,NA,NA,NA,NA,NA,NA,NA,NA,NA,NA,NA,NA,NA,NA,NA,NA,NA,NA,NA,NA,NA,NA,NA,NA,NA,NA,NA,NA,NA,NA,NA,NA,NA,NA,NA,NA,NA,NA,NA,NA,NA,NA,NA,NA,NA,NA,NA,NA,NA,NA,NA,NA,NA,NA,NA,NA,NA,NA,NA,NA,NA,NA,NA,NA,NA,NA
896047.518580533,1137487.01220486,NA,NA,NA,NA,NA,NA,NA,NA,NA,NA,NA,NA,NA,NA,NA,NA,NA,NA,NA,NA,NA,NA,NA,NA,NA,NA,NA,NA,NA,NA,NA,NA,NA,NA,NA,NA,NA,NA,NA,NA,NA,NA,NA,NA,NA,NA,NA,NA,NA,NA,NA,NA,NA,NA,NA,NA,NA,NA,NA,NA,NA,NA,NA,NA,NA,NA,NA,NA,NA,NA,NA,NA,NA,NA,NA,NA
904196.743495267,1137487.01220486,NA,NA,NA,NA,NA,NA,NA,NA,NA,NA,NA,NA,NA,NA,NA,NA,NA,NA,NA,NA,NA,NA,NA,NA,NA,NA,NA,NA,NA,NA,NA,NA,NA,NA,NA,NA,NA,NA,NA,NA,NA,NA,NA,NA,NA,NA,NA,NA,NA,NA,NA,NA,NA,NA,NA,NA,NA,NA,NA,NA,NA,NA,NA,NA,NA,NA,NA,NA,NA,NA,NA,NA,NA,NA,NA,NA
912345.96841,1137487.01220486,NA,NA,NA,NA,NA,NA,NA,NA,NA,NA,NA,NA,NA,NA,NA,NA,NA,NA,NA,NA,NA,NA,NA,NA,NA,NA,NA,NA,NA,NA,NA,NA,NA,NA,NA,NA,NA,NA,NA,NA,NA,NA,NA,NA,NA,NA,NA,NA,NA,NA,NA,NA,NA,NA,NA,NA,NA,NA,NA,NA,NA,NA,NA,NA,NA,NA,NA,NA,NA,NA,NA,NA,NA,NA,NA,NA
920495.193324734,1137487.01220486,NA,NA,NA,NA,NA,NA,NA,NA,NA,NA,NA,NA,NA,NA,NA,NA,NA,NA,NA,NA,NA,NA,NA,NA,NA,NA,NA,NA,NA,NA,NA,NA,NA,NA,NA,NA,NA,NA,NA,NA,NA,NA,NA,NA,NA,NA,NA,NA,NA,NA,NA,NA,NA,NA,NA,NA,NA,NA,NA,NA,NA,NA,NA,NA,NA,NA,NA,NA,NA,NA,NA,NA,NA,NA,NA,NA
928644.418239468,1137487.01220486,NA,NA,NA,NA,NA,NA,NA,NA,NA,NA,NA,NA,NA,NA,NA,NA,NA,NA,NA,NA,NA,NA,NA,NA,NA,NA,NA,NA,NA,NA,NA,NA,NA,NA,NA,NA,NA,NA,NA,NA,NA,NA,NA,NA,NA,NA,NA,NA,NA,NA,NA,NA,NA,NA,NA,NA,NA,NA,NA,NA,NA,NA,NA,NA,NA,NA,NA,NA,NA,NA,NA,NA,NA,NA,NA,NA
936793.643154201,1137487.01220486,NA,NA,NA,NA,NA,NA,NA,NA,NA,NA,NA,NA,NA,NA,NA,NA,NA,NA,NA,NA,NA,NA,NA,NA,NA,NA,NA,NA,NA,NA,NA,NA,NA,NA,NA,NA,NA,NA,NA,NA,NA,NA,NA,NA,NA,NA,NA,NA,NA,NA,NA,NA,NA,NA,NA,NA,NA,NA,NA,NA,NA,NA,NA,NA,NA,NA,NA,NA,NA,NA,NA,NA,NA,NA,NA,NA
944942.868068935,1137487.01220486,NA,NA,NA,NA,NA,NA,NA,NA,NA,NA,NA,NA,NA,NA,NA,NA,NA,NA,NA,NA,NA,NA,NA,NA,NA,NA,NA,NA,NA,NA,NA,NA,NA,NA,NA,NA,NA,NA,NA,NA,NA,NA,NA,NA,NA,NA,NA,NA,NA,NA,NA,NA,NA,NA,NA,NA,NA,NA,NA,NA,NA,NA,NA,NA,NA,NA,NA,NA,NA,NA,NA,NA,NA,NA,NA,NA
953092.092983668,1137487.01220486,NA,NA,NA,NA,NA,NA,NA,NA,NA,NA,NA,NA,NA,NA,NA,NA,NA,NA,NA,NA,NA,NA,NA,NA,NA,NA,NA,NA,NA,NA,NA,NA,NA,NA,NA,NA,NA,NA,NA,NA,NA,NA,NA,NA,NA,NA,NA,NA,NA,NA,NA,NA,NA,NA,NA,NA,NA,NA,NA,NA,NA,NA,NA,NA,NA,NA,NA,NA,NA,NA,NA,NA,NA,NA,NA,NA
961241.317898402,1137487.01220486,NA,NA,NA,NA,NA,NA,NA,NA,NA,NA,NA,NA,NA,NA,NA,NA,NA,NA,NA,NA,NA,NA,NA,NA,NA,NA,NA,NA,NA,NA,NA,NA,NA,NA,NA,NA,NA,NA,NA,NA,NA,NA,NA,NA,NA,NA,NA,NA,NA,NA,NA,NA,NA,NA,NA,NA,NA,NA,NA,NA,NA,NA,NA,NA,NA,NA,NA,NA,NA,NA,NA,NA,NA,NA,NA,NA
969390.542813136,1137487.01220486,NA,NA,NA,NA,NA,NA,NA,NA,NA,NA,NA,NA,NA,NA,NA,NA,NA,NA,NA,NA,NA,NA,NA,NA,NA,NA,NA,NA,NA,NA,NA,NA,NA,NA,NA,NA,NA,NA,NA,NA,NA,NA,NA,NA,NA,NA,NA,NA,NA,NA,NA,NA,NA,NA,NA,NA,NA,NA,NA,NA,NA,NA,NA,NA,NA,NA,NA,NA,NA,NA,NA,NA,NA,NA,NA,NA
977539.767727869,1137487.01220486,-3.46585096520303,-1.19371143189061,0.812072605774744,-0.441841390435824,-1.22330557216479,-0.615260965127892,-0.331164104730216,-1.71300887175185,0.686242061951796,0.592804899371798,-1.28371178462748,0.274684452676738,1.78477390928852,-0.902856596972965,0.123011835344854,0.545590180751155,0.358671744342781,0.755300586093931,1.4490707462413,-1.43077893772379,-0.224072096640351,0.506480015662604,-0.169897555463998,0.877039944936521,0.98506792292544,0.132088063798318,1.64589121773569,-0.484497600210674,-1.91686549605945,-1.35189205670981,-0.740878462112538,-0.844222845332207,1.93265367950402,-0.250668983598743,0.00095794338930432,-1.02895213280466,0.898563666099915,0.409631726852014,0.636916653053485,1.36480300244986,0.801340078090067,-0.903875332158243,0.476466028754514,-1.27017976753787,1.27639551047242,-1.55403945177553,1.08694642506705,0.761243139484418,-0.460744578175046,-0.098169895550587,-0.227254160473507,-0.569017183286584,-0.0273576741859542,1.18710199921431,0.427069311742772,0.0212197434285014,0.139615314796098,0.778446286896988,-0.0236141784661623,0.334795151860836,0.18190888951495,0.984658907134963,1.6970682313668,-1.19305790247314,-0.45074654045964,1.14476431255554,-1.1592788494443,0.0599909686320968,0.322144666376469,0.59731987054559,1.43287256010081,0.363086369148146,0.446722376973953,-2.33103413833315,-1.2952969637008,-0.596781397952741
985688.992642603,1137487.01220486,-3.47387081899599,-1.20983301740012,0.829832449190227,-0.43536986413029,-1.26639997726716,-0.584362654918057,-0.334918970026337,-1.70664808186392,0.607894329907809,0.621399190214258,-1.26120627805621,0.267571306919656,1.75047530654991,-0.881722673404007,0.140546475707427,0.625766829965725,0.374160264163626,0.734147605644262,1.38897853185098,-1.40310692593211,-0.265161807958342,0.497189544654036,-0.126254044812857,0.866599501462245,0.972810789347735,0.156322751540094,1.60551805166929,-0.447706799232783,-1.92008050099296,-1.27848915740374,-0.686980650499923,-0.86975486307962,2.01065259914448,-0.25360650006993,0.0311594862089469,-0.986351578277061,0.866333559517175,0.43935442727829,0.584095149931264,1.33424908786315,0.804231932184678,-0.880849165877651,0.457238137343935,-1.32304524647898,1.32803690108588,-1.60784917685232,1.01807741674479,0.771203575086161,-0.52949872871642,-0.00101332572326307,-0.234450024651861,-0.588306160763605,-0.0607247806919414,1.25337574325557,0.42941735690371,0.0472830007862435,0.0986027810364903,0.776975464838214,-0.0538212132155138,0.37871561285849,0.085102257522763,1.06775062703308,1.71912657921864,-1.11327950333559,-0.424989966631183,1.16099342256808,-1.23483382388627,-0.00936934903718074,0.287855078596331,0.546099516600529,1.4174237500822,0.356275519390804,0.503038812406648,-2.35415596768047,-1.2963964916003,-0.605057640500072
993838.217557336,1137487.01220486,-3.48086898435811,-1.219257795856,0.852475212117598,-0.422741886882019,-1.29855514235903,-0.557978985233813,-0.339979491665563,-1.71145156419524,0.528135175594367,0.644668993964284,-1.23232094946571,0.274728578501023,1.70812880806884,-0.8686574774605,0.163127853398496,0.696055949603184,0.379766442187232,0.731923140773513,1.33344449834349,-1.3761089626623,-0.323412356471526,0.495812064709334,-0.0768452961878113,0.85394119401263,0.957502284335665,0.177558971181867,1.54904457952675,-0.422075262029268,-1.92084875030603,-1.21396128096063,-0.630933021321044,-0.897499097848769,2.06725564476897,-0.246184916331385,0.0993777414772228,-0.952529731388966,0.826643107953989,0.469044720991868,0.536532781856965,1.2974652777399,0.81397871716738,-0.863509032910223,0.448369288193743,-1.36995361436171,1.37988338508843,-1.65774741107672,0.948715086650101,0.775911196764072,-0.599821506609943,0.0984243200024789,-0.242924275427735,-0.610534247633382,-0.10082490418027,1.29001829959272,0.43288162001685,0.0895428175999706,0.0656690145734348,0.776017421599907,-0.087187199533804,0.416191705353177,-0.013694896406104,1.1500754024857,1.74374249271297,-1.02745300672895,-0.423828932379016,1.18498386448218,-1.3112316187757,-0.0690340780349756,0.265063255220771,0.487331674740695,1.40165340969104,0.360863722578976,0.555428064403035,-2.36828020432872,-1.30050838792762,-0.612467503810059
1001987.44247207,1137487.01220486,-3.49630544578628,-1.20782901853146,0.87877763271632,-0.398677121134118,-1.28013558569951,-0.561996299235575,-0.343974307829083,-1.75261411538948,0.508023517782018,0.649450640453387,-1.21627966242168,0.310284444126492,1.65806096401461,-0.899703457244727,0.192939787226161,0.698168718202678,0.360943939153321,0.787485271762266,1.32988369505171,-1.36831890577501,-0.387018941975134,0.512168146155253,-0.0608996277675942,0.843135001015224,0.948900337962242,0.175360574413972,1.48956653236521,-0.447132235494123,-1.92174891468017,-1.22118462849374,-0.611773083812719,-0.924923815644924,2.02998662492719,-0.218872456250908,0.222329280557762,-0.969131943557885,0.805886330392159,0.483850298490684,0.544446938181379,1.26804044768153,0.832216519633839,-0.882277399027178,0.470659105012034,-1.38422097855734,1.40791889827498,-1.66158380575022,0.934150218668575,0.774447854555643,-0.623610341478351,0.139493269273497,-0.247298852397644,-0.634702417577368,-0.133704655939707,1.22825588397888,0.44642982449844,0.14877648376665,0.075241544467336,0.777179564884936,-0.101217504651681,0.401212839809601,-0.0371860432826946,1.17690379928274,1.77573382109269,-0.986887208513056,-0.495802696790841,1.21796119722389,-1.33912989401325,-0.0619244014209613,0.290602270305854,0.453066709191845,1.4004500076454,0.404679923357372,0.580045486026671,-2.35810734072591,-1.32188911828749,-0.641251107086533
1010136.6673868,1137487.01220486,-3.50894944715926,-1.19026108612963,0.901682354097467,-0.374204657187201,-1.24696553779546,-0.573784398957661,-0.346657981635505,-1.7998758314413,0.509907031038697,0.646067880055092,-1.20562489323314,0.349679751629868,1.61465579375635,-0.938929772784958,0.218712668479544,0.678393655142424,0.337583881332788,0.850840957908265,1.34353274186925,-1.36637285082556,-0.441863763180421,0.532580343393077,-0.0559491834605616,0.835667508002511,0.943827616524204,0.16712516881669,1.43804834278031,-0.482730539118618,-1.9218033245446,-1.24845948464724,-0.606160444107923,-0.948357379760747,1.96854667513142,-0.189740738158335,0.340206729597663,-0.998189156992348,0.793902586180836,0.491798255756158,0.567981580400428,1.24712577102525,0.84984762425007,-0.908038702757555,0.498645591475155,-1.38479734112311,1.42263159175219,-1.64851458782105,0.940148118267734,0.770500774275205,-0.627757420350257,0.156218026673406,-0.249733348458199,-0.654627474386806,-0.159466353247298,1.14413638408159,0.46048612213853,0.20275978710762,0.0963212855890587,0.778911570579056,-0.106190784373273,0.372312892874237,-0.0325060189256197,1.18299674940992,1.80306286731551,-0.966010616886301,-0.581005295237468,1.24866961966672,-1.34524975248026,-0.0346118509211729,0.326116480450943,0.432219703756873,1.39585742333421,0.453223301488821,0.597773405562155,-2.34039821013969,-1.34895374815725,-0.689685454718879
1018285.89230154,1137487.01220486,-3.51386067951538,-1.17394224109856,0.922798927898545,-0.349835141257703,-1.21057960345165,-0.587033887931438,-0.339613915118344,-1.83877041530407,0.508618598134044,0.650632288812201,-1.19289042011843,0.383627269943449,1.56359562650182,-0.977278698804339,0.24507327476426,0.665454656336106,0.320525944578443,0.905512654472361,1.35408926883835,-1.35725168609654,-0.487007552427806,0.548341270427681,-0.0613723902563043,0.829211603752866,0.937960374077507,0.155515102442099,1.38830068503305,-0.514827041147191,-1.92134052672153,-1.27201076825372,-0.602676993513738,-0.97646660279588,1.91235349352724,-0.163408399362292,0.43860016832965,-1.02492558929006,0.787297961187153,0.502257818727564,0.592830940188867,1.22175429587171,0.861173123931664,-0.933149938437165,0.523159736015561,-1.39222896530418,1.43700033985817,-1.62796729212802,0.949101816874246,0.771964000316515,-0.62080897834342,0.167501088602798,-0.250437291437354,-0.673068139704944,-0.183959004849976,1.06773275529055,0.474740703832967,0.252266321265547,0.115811961041888,0.778948501570602,-0.105408251642686,0.341680345023933,-0.0225543332325471,1.18603782748693,1.83075077435386,-0.958001198830629,-0.659980022632171,1.27199487178418,-1.3431883596021,-0.00908257697296404,0.358805739217108,0.417350522937987,1.38802842730019,0.496025263031807,0.614481546955875,-2.32042016710389,-1.37337924637189,-0.750594272129567
1026435.11721627,1137487.01220486,-3.5125651631949,-1.16858069315595,0.938318715134815,-0.333113483143229,-1.16815650085879,-0.622327954149685,-0.285863670139824,-1.8579603873433,0.503291919675131,0.687668240590834,-1.17159097349455,0.411533856865014,1.49619237825822,-1.01782393257361,0.281717726005942,0.670130140304941,0.329823875492727,0.937961611248403,1.35980101656219,-1.33484562876979,-0.488188410631986,0.535624758280173,-0.109937995119975,0.836144550552272,0.929767325955445,0.128503153120517,1.34863925861649,-0.546453684000582,-1.93388122880109,-1.29659093074595,-0.600861803092083,-1.02691661458361,1.86982571696512,-0.144161228844886,0.470067821783562,-1.04978041833394,0.803665601807871,0.520857213487452,0.629386442276708,1.18296019403431,0.865042002207044,-0.966344136495506,0.556943051907046,-1.42318255048653,1.44110493372087,-1.58477097028294,0.959517175843217,0.786373354879102,-0.574551600385848,0.150501093401574,-0.246183604229037,-0.689595698789372,-0.215451841138578,1.02572979686724,0.468547108129749,0.296946010594034,0.146192724259252,0.777518250291089,-0.0834839306885507,0.310287732501928,-0.0114805381701498,1.17298538121391,1.86310047429977,-1.00730638407807,-0.72257689235327,1.26497792810332,-1.31149992812,0.0203668901615776,0.394593565402997,0.419335874897456,1.39842322680763,0.529487504071827,0.610178392522113,-2.29923665198924,-1.37863792172722,-0.824148944388139
1034584.342131,1137487.01220486,-3.50577948807869,-1.17504105819043,0.947274148271498,-0.326460234623699,-1.1253480157661,-0.679719519062781,-0.189575544924152,-1.85218991046545,0.4932564427715,0.753630953200638,-1.14225132417983,0.429985586269008,1.41917223419556,-1.0559664004292,0.326300510467381,0.693390721232679,0.368188412648621,0.94555284877359,1.35699754270124,-1.30051396436628,-0.441137381503178,0.490534558120673,-0.201004593270583,0.855492109590551,0.919286364336341,0.0886975101480292,1.32430685756957,-0.575308942842556,-1.95920788561387,-1.31935559783695,-0.601632902949782,-1.09586631612262,1.84608926747756,-0.134616392346851,0.426484964321762,-1.06876219921785,0.840654403551867,0.543613172270985,0.674696816496822,1.1328631623186,0.862397884120843,-1.00497019562185,0.598442916330032,-1.47346529095865,1.43266209810068,-1.52353424565419,0.965833028119864,0.811291712885395,-0.492475020293756,0.105644490304454,-0.23815574549142,-0.703655815014495,-0.253778228672298,1.02670742179335,0.437786356004073,0.332766777435878,0.186685226802742,0.776068961642289,-0.0432943397721718,0.283760123830421,-0.00436669809736703,1.14320831610022,1.89448538891259,-1.11539314511478,-0.763165829207631,1.22251347386518,-1.25166236746806,0.0521308145129637,0.431413836485484,0.437924059263664,1.43041128094036,0.553230001026353,0.590039297306763,-2.27270209428681,-1.35854361202659,-0.894383917916415
1042733.56704574,1137487.01220486,NA,NA,NA,NA,NA,NA,NA,NA,NA,NA,NA,NA,NA,NA,NA,NA,NA,NA,NA,NA,NA,NA,NA,NA,NA,NA,NA,NA,NA,NA,NA,NA,NA,NA,NA,NA,NA,NA,NA,NA,NA,NA,NA,NA,NA,NA,NA,NA,NA,NA,NA,NA,NA,NA,NA,NA,NA,NA,NA,NA,NA,NA,NA,NA,NA,NA,NA,NA,NA,NA,NA,NA,NA,NA,NA,NA
1050882.79196047,1137487.01220486,NA,NA,NA,NA,NA,NA,NA,NA,NA,NA,NA,NA,NA,NA,NA,NA,NA,NA,NA,NA,NA,NA,NA,NA,NA,NA,NA,NA,NA,NA,NA,NA,NA,NA,NA,NA,NA,NA,NA,NA,NA,NA,NA,NA,NA,NA,NA,NA,NA,NA,NA,NA,NA,NA,NA,NA,NA,NA,NA,NA,NA,NA,NA,NA,NA,NA,NA,NA,NA,NA,NA,NA,NA,NA,NA,NA
1059032.01687521,1137487.01220486,NA,NA,NA,NA,NA,NA,NA,NA,NA,NA,NA,NA,NA,NA,NA,NA,NA,NA,NA,NA,NA,NA,NA,NA,NA,NA,NA,NA,NA,NA,NA,NA,NA,NA,NA,NA,NA,NA,NA,NA,NA,NA,NA,NA,NA,NA,NA,NA,NA,NA,NA,NA,NA,NA,NA,NA,NA,NA,NA,NA,NA,NA,NA,NA,NA,NA,NA,NA,NA,NA,NA,NA,NA,NA,NA,NA
1067181.24178994,1137487.01220486,NA,NA,NA,NA,NA,NA,NA,NA,NA,NA,NA,NA,NA,NA,NA,NA,NA,NA,NA,NA,NA,NA,NA,NA,NA,NA,NA,NA,NA,NA,NA,NA,NA,NA,NA,NA,NA,NA,NA,NA,NA,NA,NA,NA,NA,NA,NA,NA,NA,NA,NA,NA,NA,NA,NA,NA,NA,NA,NA,NA,NA,NA,NA,NA,NA,NA,NA,NA,NA,NA,NA,NA,NA,NA,NA,NA
1075330.46670467,1137487.01220486,NA,NA,NA,NA,NA,NA,NA,NA,NA,NA,NA,NA,NA,NA,NA,NA,NA,NA,NA,NA,NA,NA,NA,NA,NA,NA,NA,NA,NA,NA,NA,NA,NA,NA,NA,NA,NA,NA,NA,NA,NA,NA,NA,NA,NA,NA,NA,NA,NA,NA,NA,NA,NA,NA,NA,NA,NA,NA,NA,NA,NA,NA,NA,NA,NA,NA,NA,NA,NA,NA,NA,NA,NA,NA,NA,NA
1083479.69161941,1137487.01220486,NA,NA,NA,NA,NA,NA,NA,NA,NA,NA,NA,NA,NA,NA,NA,NA,NA,NA,NA,NA,NA,NA,NA,NA,NA,NA,NA,NA,NA,NA,NA,NA,NA,NA,NA,NA,NA,NA,NA,NA,NA,NA,NA,NA,NA,NA,NA,NA,NA,NA,NA,NA,NA,NA,NA,NA,NA,NA,NA,NA,NA,NA,NA,NA,NA,NA,NA,NA,NA,NA,NA,NA,NA,NA,NA,NA
1091628.91653414,1137487.01220486,NA,NA,NA,NA,NA,NA,NA,NA,NA,NA,NA,NA,NA,NA,NA,NA,NA,NA,NA,NA,NA,NA,NA,NA,NA,NA,NA,NA,NA,NA,NA,NA,NA,NA,NA,NA,NA,NA,NA,NA,NA,NA,NA,NA,NA,NA,NA,NA,NA,NA,NA,NA,NA,NA,NA,NA,NA,NA,NA,NA,NA,NA,NA,NA,NA,NA,NA,NA,NA,NA,NA,NA,NA,NA,NA,NA
1099778.14144887,1137487.01220486,NA,NA,NA,NA,NA,NA,NA,NA,NA,NA,NA,NA,NA,NA,NA,NA,NA,NA,NA,NA,NA,NA,NA,NA,NA,NA,NA,NA,NA,NA,NA,NA,NA,NA,NA,NA,NA,NA,NA,NA,NA,NA,NA,NA,NA,NA,NA,NA,NA,NA,NA,NA,NA,NA,NA,NA,NA,NA,NA,NA,NA,NA,NA,NA,NA,NA,NA,NA,NA,NA,NA,NA,NA,NA,NA,NA
1107927.36636361,1137487.01220486,NA,NA,NA,NA,NA,NA,NA,NA,NA,NA,NA,NA,NA,NA,NA,NA,NA,NA,NA,NA,NA,NA,NA,NA,NA,NA,NA,NA,NA,NA,NA,NA,NA,NA,NA,NA,NA,NA,NA,NA,NA,NA,NA,NA,NA,NA,NA,NA,NA,NA,NA,NA,NA,NA,NA,NA,NA,NA,NA,NA,NA,NA,NA,NA,NA,NA,NA,NA,NA,NA,NA,NA,NA,NA,NA,NA
1116076.59127834,1137487.01220486,NA,NA,NA,NA,NA,NA,NA,NA,NA,NA,NA,NA,NA,NA,NA,NA,NA,NA,NA,NA,NA,NA,NA,NA,NA,NA,NA,NA,NA,NA,NA,NA,NA,NA,NA,NA,NA,NA,NA,NA,NA,NA,NA,NA,NA,NA,NA,NA,NA,NA,NA,NA,NA,NA,NA,NA,NA,NA,NA,NA,NA,NA,NA,NA,NA,NA,NA,NA,NA,NA,NA,NA,NA,NA,NA,NA
1124225.81619307,1137487.01220486,NA,NA,NA,NA,NA,NA,NA,NA,NA,NA,NA,NA,NA,NA,NA,NA,NA,NA,NA,NA,NA,NA,NA,NA,NA,NA,NA,NA,NA,NA,NA,NA,NA,NA,NA,NA,NA,NA,NA,NA,NA,NA,NA,NA,NA,NA,NA,NA,NA,NA,NA,NA,NA,NA,NA,NA,NA,NA,NA,NA,NA,NA,NA,NA,NA,NA,NA,NA,NA,NA,NA,NA,NA,NA,NA,NA
1132375.04110781,1137487.01220486,NA,NA,NA,NA,NA,NA,NA,NA,NA,NA,NA,NA,NA,NA,NA,NA,NA,NA,NA,NA,NA,NA,NA,NA,NA,NA,NA,NA,NA,NA,NA,NA,NA,NA,NA,NA,NA,NA,NA,NA,NA,NA,NA,NA,NA,NA,NA,NA,NA,NA,NA,NA,NA,NA,NA,NA,NA,NA,NA,NA,NA,NA,NA,NA,NA,NA,NA,NA,NA,NA,NA,NA,NA,NA,NA,NA
1140524.26602254,1137487.01220486,NA,NA,NA,NA,NA,NA,NA,NA,NA,NA,NA,NA,NA,NA,NA,NA,NA,NA,NA,NA,NA,NA,NA,NA,NA,NA,NA,NA,NA,NA,NA,NA,NA,NA,NA,NA,NA,NA,NA,NA,NA,NA,NA,NA,NA,NA,NA,NA,NA,NA,NA,NA,NA,NA,NA,NA,NA,NA,NA,NA,NA,NA,NA,NA,NA,NA,NA,NA,NA,NA,NA,NA,NA,NA,NA,NA
1148673.49093727,1137487.01220486,NA,NA,NA,NA,NA,NA,NA,NA,NA,NA,NA,NA,NA,NA,NA,NA,NA,NA,NA,NA,NA,NA,NA,NA,NA,NA,NA,NA,NA,NA,NA,NA,NA,NA,NA,NA,NA,NA,NA,NA,NA,NA,NA,NA,NA,NA,NA,NA,NA,NA,NA,NA,NA,NA,NA,NA,NA,NA,NA,NA,NA,NA,NA,NA,NA,NA,NA,NA,NA,NA,NA,NA,NA,NA,NA,NA
1156822.71585201,1137487.01220486,NA,NA,NA,NA,NA,NA,NA,NA,NA,NA,NA,NA,NA,NA,NA,NA,NA,NA,NA,NA,NA,NA,NA,NA,NA,NA,NA,NA,NA,NA,NA,NA,NA,NA,NA,NA,NA,NA,NA,NA,NA,NA,NA,NA,NA,NA,NA,NA,NA,NA,NA,NA,NA,NA,NA,NA,NA,NA,NA,NA,NA,NA,NA,NA,NA,NA,NA,NA,NA,NA,NA,NA,NA,NA,NA,NA
1164971.94076674,1137487.01220486,NA,NA,NA,NA,NA,NA,NA,NA,NA,NA,NA,NA,NA,NA,NA,NA,NA,NA,NA,NA,NA,NA,NA,NA,NA,NA,NA,NA,NA,NA,NA,NA,NA,NA,NA,NA,NA,NA,NA,NA,NA,NA,NA,NA,NA,NA,NA,NA,NA,NA,NA,NA,NA,NA,NA,NA,NA,NA,NA,NA,NA,NA,NA,NA,NA,NA,NA,NA,NA,NA,NA,NA,NA,NA,NA,NA
1173121.16568148,1137487.01220486,NA,NA,NA,NA,NA,NA,NA,NA,NA,NA,NA,NA,NA,NA,NA,NA,NA,NA,NA,NA,NA,NA,NA,NA,NA,NA,NA,NA,NA,NA,NA,NA,NA,NA,NA,NA,NA,NA,NA,NA,NA,NA,NA,NA,NA,NA,NA,NA,NA,NA,NA,NA,NA,NA,NA,NA,NA,NA,NA,NA,NA,NA,NA,NA,NA,NA,NA,NA,NA,NA,NA,NA,NA,NA,NA,NA
1181270.39059621,1137487.01220486,NA,NA,NA,NA,NA,NA,NA,NA,NA,NA,NA,NA,NA,NA,NA,NA,NA,NA,NA,NA,NA,NA,NA,NA,NA,NA,NA,NA,NA,NA,NA,NA,NA,NA,NA,NA,NA,NA,NA,NA,NA,NA,NA,NA,NA,NA,NA,NA,NA,NA,NA,NA,NA,NA,NA,NA,NA,NA,NA,NA,NA,NA,NA,NA,NA,NA,NA,NA,NA,NA,NA,NA,NA,NA,NA,NA
1189419.61551094,1137487.01220486,NA,NA,NA,NA,NA,NA,NA,NA,NA,NA,NA,NA,NA,NA,NA,NA,NA,NA,NA,NA,NA,NA,NA,NA,NA,NA,NA,NA,NA,NA,NA,NA,NA,NA,NA,NA,NA,NA,NA,NA,NA,NA,NA,NA,NA,NA,NA,NA,NA,NA,NA,NA,NA,NA,NA,NA,NA,NA,NA,NA,NA,NA,NA,NA,NA,NA,NA,NA,NA,NA,NA,NA,NA,NA,NA,NA
1197568.84042568,1137487.01220486,NA,NA,NA,NA,NA,NA,NA,NA,NA,NA,NA,NA,NA,NA,NA,NA,NA,NA,NA,NA,NA,NA,NA,NA,NA,NA,NA,NA,NA,NA,NA,NA,NA,NA,NA,NA,NA,NA,NA,NA,NA,NA,NA,NA,NA,NA,NA,NA,NA,NA,NA,NA,NA,NA,NA,NA,NA,NA,NA,NA,NA,NA,NA,NA,NA,NA,NA,NA,NA,NA,NA,NA,NA,NA,NA,NA
1205718.06534041,1137487.01220486,NA,NA,NA,NA,NA,NA,NA,NA,NA,NA,NA,NA,NA,NA,NA,NA,NA,NA,NA,NA,NA,NA,NA,NA,NA,NA,NA,NA,NA,NA,NA,NA,NA,NA,NA,NA,NA,NA,NA,NA,NA,NA,NA,NA,NA,NA,NA,NA,NA,NA,NA,NA,NA,NA,NA,NA,NA,NA,NA,NA,NA,NA,NA,NA,NA,NA,NA,NA,NA,NA,NA,NA,NA,NA,NA,NA
1213867.29025514,1137487.01220486,NA,NA,NA,NA,NA,NA,NA,NA,NA,NA,NA,NA,NA,NA,NA,NA,NA,NA,NA,NA,NA,NA,NA,NA,NA,NA,NA,NA,NA,NA,NA,NA,NA,NA,NA,NA,NA,NA,NA,NA,NA,NA,NA,NA,NA,NA,NA,NA,NA,NA,NA,NA,NA,NA,NA,NA,NA,NA,NA,NA,NA,NA,NA,NA,NA,NA,NA,NA,NA,NA,NA,NA,NA,NA,NA,NA
1222016.51516988,1137487.01220486,NA,NA,NA,NA,NA,NA,NA,NA,NA,NA,NA,NA,NA,NA,NA,NA,NA,NA,NA,NA,NA,NA,NA,NA,NA,NA,NA,NA,NA,NA,NA,NA,NA,NA,NA,NA,NA,NA,NA,NA,NA,NA,NA,NA,NA,NA,NA,NA,NA,NA,NA,NA,NA,NA,NA,NA,NA,NA,NA,NA,NA,NA,NA,NA,NA,NA,NA,NA,NA,NA,NA,NA,NA,NA,NA,NA
879749.068751066,1129337.78729013,NA,NA,NA,NA,NA,NA,NA,NA,NA,NA,NA,NA,NA,NA,NA,NA,NA,NA,NA,NA,NA,NA,NA,NA,NA,NA,NA,NA,NA,NA,NA,NA,NA,NA,NA,NA,NA,NA,NA,NA,NA,NA,NA,NA,NA,NA,NA,NA,NA,NA,NA,NA,NA,NA,NA,NA,NA,NA,NA,NA,NA,NA,NA,NA,NA,NA,NA,NA,NA,NA,NA,NA,NA,NA,NA,NA
887898.2936658,1129337.78729013,NA,NA,NA,NA,NA,NA,NA,NA,NA,NA,NA,NA,NA,NA,NA,NA,NA,NA,NA,NA,NA,NA,NA,NA,NA,NA,NA,NA,NA,NA,NA,NA,NA,NA,NA,NA,NA,NA,NA,NA,NA,NA,NA,NA,NA,NA,NA,NA,NA,NA,NA,NA,NA,NA,NA,NA,NA,NA,NA,NA,NA,NA,NA,NA,NA,NA,NA,NA,NA,NA,NA,NA,NA,NA,NA,NA
896047.518580533,1129337.78729013,NA,NA,NA,NA,NA,NA,NA,NA,NA,NA,NA,NA,NA,NA,NA,NA,NA,NA,NA,NA,NA,NA,NA,NA,NA,NA,NA,NA,NA,NA,NA,NA,NA,NA,NA,NA,NA,NA,NA,NA,NA,NA,NA,NA,NA,NA,NA,NA,NA,NA,NA,NA,NA,NA,NA,NA,NA,NA,NA,NA,NA,NA,NA,NA,NA,NA,NA,NA,NA,NA,NA,NA,NA,NA,NA,NA
904196.743495267,1129337.78729013,NA,NA,NA,NA,NA,NA,NA,NA,NA,NA,NA,NA,NA,NA,NA,NA,NA,NA,NA,NA,NA,NA,NA,NA,NA,NA,NA,NA,NA,NA,NA,NA,NA,NA,NA,NA,NA,NA,NA,NA,NA,NA,NA,NA,NA,NA,NA,NA,NA,NA,NA,NA,NA,NA,NA,NA,NA,NA,NA,NA,NA,NA,NA,NA,NA,NA,NA,NA,NA,NA,NA,NA,NA,NA,NA,NA
912345.96841,1129337.78729013,NA,NA,NA,NA,NA,NA,NA,NA,NA,NA,NA,NA,NA,NA,NA,NA,NA,NA,NA,NA,NA,NA,NA,NA,NA,NA,NA,NA,NA,NA,NA,NA,NA,NA,NA,NA,NA,NA,NA,NA,NA,NA,NA,NA,NA,NA,NA,NA,NA,NA,NA,NA,NA,NA,NA,NA,NA,NA,NA,NA,NA,NA,NA,NA,NA,NA,NA,NA,NA,NA,NA,NA,NA,NA,NA,NA
920495.193324734,1129337.78729013,NA,NA,NA,NA,NA,NA,NA,NA,NA,NA,NA,NA,NA,NA,NA,NA,NA,NA,NA,NA,NA,NA,NA,NA,NA,NA,NA,NA,NA,NA,NA,NA,NA,NA,NA,NA,NA,NA,NA,NA,NA,NA,NA,NA,NA,NA,NA,NA,NA,NA,NA,NA,NA,NA,NA,NA,NA,NA,NA,NA,NA,NA,NA,NA,NA,NA,NA,NA,NA,NA,NA,NA,NA,NA,NA,NA
928644.418239468,1129337.78729013,NA,NA,NA,NA,NA,NA,NA,NA,NA,NA,NA,NA,NA,NA,NA,NA,NA,NA,NA,NA,NA,NA,NA,NA,NA,NA,NA,NA,NA,NA,NA,NA,NA,NA,NA,NA,NA,NA,NA,NA,NA,NA,NA,NA,NA,NA,NA,NA,NA,NA,NA,NA,NA,NA,NA,NA,NA,NA,NA,NA,NA,NA,NA,NA,NA,NA,NA,NA,NA,NA,NA,NA,NA,NA,NA,NA
936793.643154201,1129337.78729013,NA,NA,NA,NA,NA,NA,NA,NA,NA,NA,NA,NA,NA,NA,NA,NA,NA,NA,NA,NA,NA,NA,NA,NA,NA,NA,NA,NA,NA,NA,NA,NA,NA,NA,NA,NA,NA,NA,NA,NA,NA,NA,NA,NA,NA,NA,NA,NA,NA,NA,NA,NA,NA,NA,NA,NA,NA,NA,NA,NA,NA,NA,NA,NA,NA,NA,NA,NA,NA,NA,NA,NA,NA,NA,NA,NA
944942.868068935,1129337.78729013,NA,NA,NA,NA,NA,NA,NA,NA,NA,NA,NA,NA,NA,NA,NA,NA,NA,NA,NA,NA,NA,NA,NA,NA,NA,NA,NA,NA,NA,NA,NA,NA,NA,NA,NA,NA,NA,NA,NA,NA,NA,NA,NA,NA,NA,NA,NA,NA,NA,NA,NA,NA,NA,NA,NA,NA,NA,NA,NA,NA,NA,NA,NA,NA,NA,NA,NA,NA,NA,NA,NA,NA,NA,NA,NA,NA
953092.092983668,1129337.78729013,NA,NA,NA,NA,NA,NA,NA,NA,NA,NA,NA,NA,NA,NA,NA,NA,NA,NA,NA,NA,NA,NA,NA,NA,NA,NA,NA,NA,NA,NA,NA,NA,NA,NA,NA,NA,NA,NA,NA,NA,NA,NA,NA,NA,NA,NA,NA,NA,NA,NA,NA,NA,NA,NA,NA,NA,NA,NA,NA,NA,NA,NA,NA,NA,NA,NA,NA,NA,NA,NA,NA,NA,NA,NA,NA,NA
961241.317898402,1129337.78729013,NA,NA,NA,NA,NA,NA,NA,NA,NA,NA,NA,NA,NA,NA,NA,NA,NA,NA,NA,NA,NA,NA,NA,NA,NA,NA,NA,NA,NA,NA,NA,NA,NA,NA,NA,NA,NA,NA,NA,NA,NA,NA,NA,NA,NA,NA,NA,NA,NA,NA,NA,NA,NA,NA,NA,NA,NA,NA,NA,NA,NA,NA,NA,NA,NA,NA,NA,NA,NA,NA,NA,NA,NA,NA,NA,NA
969390.542813136,1129337.78729013,NA,NA,NA,NA,NA,NA,NA,NA,NA,NA,NA,NA,NA,NA,NA,NA,NA,NA,NA,NA,NA,NA,NA,NA,NA,NA,NA,NA,NA,NA,NA,NA,NA,NA,NA,NA,NA,NA,NA,NA,NA,NA,NA,NA,NA,NA,NA,NA,NA,NA,NA,NA,NA,NA,NA,NA,NA,NA,NA,NA,NA,NA,NA,NA,NA,NA,NA,NA,NA,NA,NA,NA,NA,NA,NA,NA
977539.767727869,1129337.78729013,NA,NA,NA,NA,NA,NA,NA,NA,NA,NA,NA,NA,NA,NA,NA,NA,NA,NA,NA,NA,NA,NA,NA,NA,NA,NA,NA,NA,NA,NA,NA,NA,NA,NA,NA,NA,NA,NA,NA,NA,NA,NA,NA,NA,NA,NA,NA,NA,NA,NA,NA,NA,NA,NA,NA,NA,NA,NA,NA,NA,NA,NA,NA,NA,NA,NA,NA,NA,NA,NA,NA,NA,NA,NA,NA,NA
985688.992642603,1129337.78729013,-3.38712079664867,-1.21975543224916,0.801592041789407,-0.428956610666039,-1.23480260022985,-0.60505000297777,-0.280050238619141,-1.73520226537525,0.620231534489279,0.703738457703966,-1.26742345789793,0.255908155049401,1.73705165708982,-0.910901702446826,0.119762363673055,0.648572652808549,0.459308346148871,0.707888119323172,1.4060192743213,-1.3901214723293,-0.270337944937103,0.538287888213633,-0.113308153526795,0.88512961879206,1.0127741036772,0.0965602160148017,1.55675760013332,-0.399105664959929,-1.88294491186004,-1.24680295121281,-0.664563682864164,-0.861459115150499,2.04739697904945,-0.283743288310093,-0.0210859902615822,-1.02655687899639,0.846981262749699,0.438726777502109,0.5788125408352,1.26360260662323,0.793391040301032,-0.911400230739822,0.440148715987988,-1.39228518936462,1.34670923597688,-1.5429523423469,1.02768223906253,0.784249665516904,-0.445993433314163,-0.0537259004975847,-0.254481402221194,-0.569463449757688,-0.100456560520045,1.21681541964624,0.429023349407032,0.0473897486099413,0.0825495000802484,0.747455672838674,-0.077807943156667,0.329668271034982,0.095476409053241,1.05443455715547,1.70712101215634,-1.16550615325008,-0.373830966391048,1.22286847246336,-1.20400486109375,0.0043820675562972,0.329779636945551,0.504801150287237,1.49678209215872,0.338391915549046,0.444943173810427,-2.33986485223305,-1.27685929001193,-0.65978764084675
993838.217557336,1129337.78729013,-3.39580680768001,-1.23440397798155,0.821520364668352,-0.419112972340295,-1.27155829752388,-0.577801352300622,-0.280386325283909,-1.72491420441921,0.541903269806466,0.745152233073021,-1.2418122243302,0.247449604616316,1.68027126892497,-0.896325640633321,0.152362786600748,0.728423894621705,0.474307305352251,0.695639379551218,1.34115607252621,-1.36063200071923,-0.323689567229151,0.529137930380337,-0.0769023400980295,0.867489262468563,0.998264488939773,0.110989303536072,1.50203668467294,-0.372945264111828,-1.87674298742829,-1.17790435626228,-0.609580629560157,-0.881418566149178,2.11256172261489,-0.280085101666526,0.0271134738168651,-0.98713068404464,0.813944470055813,0.469829324473861,0.529918981115851,1.21169647468538,0.79819651461737,-0.894183097552609,0.424977015112386,-1.44795117727568,1.40488523288246,-1.58849157211058,0.955378100563654,0.797997227564177,-0.513297020911509,0.0455963551109145,-0.256918164656342,-0.590309455366189,-0.13479989765064,1.26433110675896,0.439229911734946,0.0882356166826476,0.0444387807594423,0.741072093780626,-0.111652476230718,0.36570176607509,0.000725363414269089,1.13127000644786,1.74059149190833,-1.07795587257696,-0.354603754665402,1.24310464517939,-1.28079222146034,-0.0610246152585564,0.308886687180214,0.448387455183732,1.48396739240386,0.342722002701133,0.507809759935303,-2.3603043423403,-1.28353224112938,-0.681709793244209
1001987.44247207,1129337.78729013,-3.40901265497546,-1.22554793894128,0.853778868766161,-0.392554805637162,-1.2554635613246,-0.579922632224164,-0.286427008350646,-1.75103855963076,0.512819783855763,0.753320714481696,-1.22426956080945,0.272377167743804,1.61586248865473,-0.926975214571927,0.189341479605377,0.742834169639957,0.461586452036961,0.752040248792794,1.32376135181069,-1.34443018995218,-0.384893611515685,0.537677349142652,-0.0730244289421778,0.848820428984472,0.985521659058297,0.110056042481042,1.44652877099359,-0.397824552938581,-1.87621289224554,-1.17943820114509,-0.600974842800067,-0.91436482749915,2.08300777019392,-0.257283559178899,0.143862548978148,-0.996364419110894,0.796033062659,0.482611657681104,0.539263444194986,1.17793356143646,0.81145904160912,-0.911103750479155,0.44231281147694,-1.4659693950992,1.44186198295556,-1.59042637163082,0.93986192555907,0.804308215133159,-0.532242061392422,0.0933946024248633,-0.262408474100663,-0.618774066843103,-0.168665132523629,1.21099234883312,0.459274418667987,0.145336632823899,0.050547051816044,0.747761326310274,-0.124963438965268,0.353091178057782,-0.0185668404522928,1.15691428800913,1.77683588494547,-1.04268995879532,-0.423448682938721,1.26416582664629,-1.30533412298462,-0.0561429806390761,0.330381729264087,0.420180987170801,1.48056097526665,0.396930764409472,0.550284064240106,-2.35004838857336,-1.30972116008668,-0.731497393957943
1010136.6673868,1129337.78729013,-3.41999687597829,-1.21046287923588,0.88371182333365,-0.365580092617533,-1.22569411875043,-0.589111685410815,-0.292757928248642,-1.78401873746119,0.503212293336405,0.749947386143792,-1.21087185414464,0.303715811933379,1.56102944745377,-0.964788180533165,0.220438109392393,0.736106822351429,0.442724919213644,0.817321527850091,1.3237490612069,-1.3341139910289,-0.438566406566869,0.551093088808651,-0.0769514159141618,0.834084218111896,0.975545551377404,0.105505595180777,1.39947490138274,-0.432462378812379,-1.87677268780295,-1.19972700790338,-0.60552854801017,-0.945536171036083,2.03085501486651,-0.232400365361005,0.258870190962344,-1.01724752673541,0.785212949836609,0.488578220393926,0.563288960265689,1.15608691062302,0.825087906404985,-0.933731030442417,0.466201812090293,-1.46898114700984,1.46559877010665,-1.57850223115888,0.944206753394068,0.806880890446081,-0.533855919046223,0.119125268442433,-0.267379432505507,-0.643582412572004,-0.196756156215612,1.13645371256127,0.478494270727321,0.197241602458928,0.0682871413457688,0.756945830905543,-0.129610903519247,0.328988085838532,-0.012618935417284,1.16477809034593,1.80683579925481,-1.02635213064405,-0.507386595294287,1.28283302640975,-1.30958593075292,-0.031679677656771,0.359834070318424,0.404876736423,1.47152082334386,0.447291766453311,0.577534570293126,-2.33090252148347,-1.33817729661313,-0.7859378061177
1018285.89230154,1129337.78729013,-3.4282329804346,-1.19523231732154,0.913294173507631,-0.338732260881737,-1.19489167662654,-0.598791829650143,-0.294606837482114,-1.81385381360693,0.493965947137435,0.749321617722957,-1.19591762040251,0.333826579866025,1.50700449540459,-1.00137962825953,0.252057592763916,0.731829802763235,0.427815086876649,0.879400215759233,1.3233635936545,-1.32156897522843,-0.487118418972925,0.562516114059245,-0.0830093760267588,0.820900828977334,0.966371786851662,0.101062419133856,1.35484279930046,-0.465610217636481,-1.87677467121,-1.21880365155589,-0.610190734142926,-0.976905897939497,1.98123884174045,-0.208246922118185,0.363241794595914,-1.03643413692065,0.776451298357119,0.494816528009413,0.588414196180713,1.13427390630515,0.838262215782639,-0.955670068768403,0.490456435862941,-1.47209272124648,1.48822260412339,-1.56350191814849,0.94893801078581,0.810706434181622,-0.530661075452832,0.142715911587697,-0.271243734068851,-0.667184115961278,-0.22458578252345,1.06576673363278,0.496463564775095,0.247269253010525,0.0872117288950885,0.766561821736422,-0.132079906197077,0.306093575245507,-0.00590441162658783,1.17171595082084,1.83562739545276,-1.01410775890042,-0.590157405994697,1.29867615278779,-1.30967225716534,-0.00627130142749854,0.389286515876955,0.391974943108071,1.44771891818656,0.479721329242858,0.599355910981027,-2.31014537101413,-1.36809759502231,-0.849474247227799
1026435.11721627,1129337.78729013,-3.43176126330897,-1.19179493978431,0.936600986932567,-0.320145256311667,-1.15833555280187,-0.630239105345134,-0.249001267663769,-1.82597532269934,0.482612041207496,0.781107670601077,-1.1717762429528,0.357225002110131,1.44187979540515,-1.04008366413459,0.294940008821121,0.743178363365794,0.442794661523286,0.920441035718913,1.31825102390476,-1.29805940961002,-0.490146727915547,0.544297598095544,-0.128902121469901,0.821523715014246,0.956604561885371,0.0818790757900813,1.32032159803952,-0.499339705376926,-1.88823034508182,-1.24178446484338,-0.616304840555472,-1.02720609584979,1.94449214665853,-0.191432139655955,0.399806421929543,-1.05305326652311,0.787444180964947,0.505524037258905,0.625770489527756,1.0984895376748,0.845813210426931,-0.985553457795036,0.524410215334665,-1.49469421535402,1.49706850122121,-1.52624586057013,0.951854426086056,0.823173830653862,-0.490176738207525,0.134573349176524,-0.268790701710848,-0.689503842551928,-0.261459962313243,1.02872044859909,0.491777392371816,0.293678362854903,0.118350664199933,0.771536306691198,-0.116227060188503,0.282617615820917,-0.00391638914554092,1.16228544776634,1.86571947771473,-1.05726208830524,-0.658090836054798,1.28676905460643,-1.27963957623676,0.0259585658479004,0.422217906240121,0.391856665341646,1.44361235859199,0.500709826742366,0.606074266814188,-2.28209957042231,-1.37940670096544,-0.916324853813189
1034584.342131,1129337.78729013,-3.42882061135223,-1.20113250947503,0.94997531492573,-0.312369202631553,-1.11810686780332,-0.680731407063841,-0.159002433250059,-1.81846971831333,0.470556796002067,0.842943812100778,-1.14016602643591,0.370715646886669,1.37114669876609,-1.0769350848766,0.344979642285059,0.767893479247465,0.48733337185927,0.935647084869139,1.30900741431799,-1.265708100059,-0.443853472576717,0.495853523285238,-0.212843348022518,0.836560918994274,0.946813370832025,0.0489517039951494,1.29850890463112,-0.531356175850217,-1.90960654669262,-1.26830778093913,-0.623356517219126,-1.09230921999539,1.9220793135435,-0.183318909418569,0.365790998386315,-1.06452624229446,0.816804382266682,0.518852042826358,0.672296735817344,1.05034722287938,0.845262441666467,-1.01977221651497,0.563458282193429,-1.53404389621617,1.48716304613291,-1.46965730191008,0.952734861141881,0.841000087170961,-0.41725411535275,0.0907862202438825,-0.257833751081153,-0.708100762995441,-0.303799914526838,1.02986762455208,0.463490817478419,0.332375588492117,0.158382320384894,0.766874888692465,-0.0829309451091453,0.25862753349034,-0.00863198097091514,1.13649278889499,1.89285263282155,-1.15419048715467,-0.702727660944532,1.24771456496576,-1.22092958303965,0.062110417244032,0.45358819103535,0.40375838686218,1.46959245001713,0.515672538277532,0.599289677537335,-2.24807228073577,-1.36885868015452,-0.970013452345521
1042733.56704574,1129337.78729013,-3.41756035611888,-1.21145931437295,0.961111921077083,-0.305559063398233,-1.07338236631305,-0.737990039044881,-0.0543101417516812,-1.8013626442422,0.456849588658786,0.914866734283819,-1.10259151374906,0.38202407102146,1.29162900736211,-1.11287825389259,0.399406674593543,0.798023722935581,0.542195092020322,0.94425520579195,1.29576812673303,-1.22665212278389,-0.381580823635041,0.435596985252397,-0.312904189184596,0.855195938706876,0.935554192524741,0.0109603058172556,1.2774896893405,-0.562716404350711,-1.93077934654616,-1.29339982043839,-0.629707305335936,-1.16350796986508,1.90077808421347,-0.176252248809747,0.309717689905996,-1.07245711296727,0.851788088127785,0.533504511496324,0.722879201379901,0.994219864996,0.84201959500112,-1.05491675415489,0.605632304702811,-1.5774632993966,1.47102838386515,-1.40354603690945,0.951650165177924,0.861359003742776,-0.331619065929725,0.0360888727337968,-0.243498109107691,-0.724868091249871,-0.349494277584412,1.04090616786319,0.42721535534939,0.370873159176633,0.203088873265622,0.760037539647669,-0.0428773297558011,0.233985733576605,-0.0143777562154805,1.10371186424957,1.91841139580384,-1.27161928135724,-0.741564258273225,1.19645664781569,-1.15044573567713,0.101384745425051,0.486565931653867,0.419954548279409,1.50340187037408,0.533088489383211,0.570163066825143,-2.21248766531209,-1.33931801036705,-1.04253796432823
1050882.79196047,1129337.78729013,-3.3932168321953,-1.22106076924669,0.973331207505093,-0.293163773426586,-1.0193357629631,-0.798586650193075,0.0595970428885113,-1.77784535468133,0.437723989168094,0.992306705425057,-1.05529554917922,0.395018349542042,1.19574376968479,-1.14932271105575,0.458948003754596,0.831698410421928,0.602501280359175,0.95035053489841,1.27565368803561,-1.17997365400392,-0.310621174223377,0.366410625825008,-0.42380236070608,0.876501744382487,0.921165539667892,-0.0290316970074384,1.24825152715413,-0.596051630635246,-1.94697411350821,-1.31417323665937,-0.632618406144066,-1.24724080167387,1.87198474483919,-0.172244093833264,0.252953085403248,-1.07789769637981,0.886749383838784,0.551697537432576,0.778224861200084,0.926832416169666,0.834401634841571,-1.08974339615812,0.650929407290085,-1.6186996268013,1.45039954366321,-1.3278978077516,0.946154922962504,0.884667037554183,-0.239688737313338,-0.0200440839248547,-0.225624560083128,-0.740017034146574,-0.401488460299602,1.05311768681822,0.386304156473738,0.41571081060179,0.247902145644452,0.755227114355291,0.000131670980860356,0.209649742950934,-0.0224531258024967,1.0657293820412,1.94445202202118,-1.40258807047101,-0.779648062933308,1.13653957824893,-1.0707648107724,0.143733806756996,0.521052056674508,0.434160939933045,1.53870212420751,0.555047332992637,0.528967836333503,-2.16802734365429,-1.30110178528683,-1.13435878915879
1059032.01687521,1129337.78729013,-3.35741887962879,-1.24363778629615,0.993335684046294,-0.262240163269338,-0.979773753205047,-0.811517870455686,0.112930411736441,-1.7688391019663,0.399086302767039,1.03146561694297,-1.00998774718723,0.399382954551496,1.1330069210414,-1.16909609868621,0.489850113828577,0.861339635736346,0.641411165652918,0.945002488490768,1.24564506271213,-1.15401305586331,-0.267272892698811,0.327445774057837,-0.459401832317401,0.898499045899148,0.914438800758361,-0.0284309128056797,1.21190211278002,-0.619123731391571,-1.94183897796477,-1.30762489784669,-0.62937922840642,-1.33796724002159,1.85584366159737,-0.206107958841976,0.285014867066465,-1.07694840337216,0.881505964192481,0.573557035145244,0.813143707185621,0.880088628566188,0.807766031415559,-1.09559090558642,0.661640383846061,-1.6159152787875,1.44288039955658,-1.2921056513188,0.92401264857573,0.906301022367995,-0.215912466338129,-0.0143420968174315,-0.207235871276452,-0.747160342401876,-0.443819672651311,1.07253663731177,0.373995553520857,0.456649712090155,0.233799802167331,0.770640249056334,0.00358269739333887,0.217022749850405,-0.0529280168906771,1.06249515210798,1.9687446665853,-1.45799325757562,-0.784426980913758,1.11567732976502,-1.03237376748845,0.15466809235344,0.518706524554002,0.41094043651487,1.55695120104143,0.572024367290392,0.50825932159993,-2.13656013110572,-1.3064856429613,-1.21259802342888
1067181.24178994,1129337.78729013,NA,NA,NA,NA,NA,NA,NA,NA,NA,NA,NA,NA,NA,NA,NA,NA,NA,NA,NA,NA,NA,NA,NA,NA,NA,NA,NA,NA,NA,NA,NA,NA,NA,NA,NA,NA,NA,NA,NA,NA,NA,NA,NA,NA,NA,NA,NA,NA,NA,NA,NA,NA,NA,NA,NA,NA,NA,NA,NA,NA,NA,NA,NA,NA,NA,NA,NA,NA,NA,NA,NA,NA,NA,NA,NA,NA
1075330.46670467,1129337.78729013,NA,NA,NA,NA,NA,NA,NA,NA,NA,NA,NA,NA,NA,NA,NA,NA,NA,NA,NA,NA,NA,NA,NA,NA,NA,NA,NA,NA,NA,NA,NA,NA,NA,NA,NA,NA,NA,NA,NA,NA,NA,NA,NA,NA,NA,NA,NA,NA,NA,NA,NA,NA,NA,NA,NA,NA,NA,NA,NA,NA,NA,NA,NA,NA,NA,NA,NA,NA,NA,NA,NA,NA,NA,NA,NA,NA
1083479.69161941,1129337.78729013,NA,NA,NA,NA,NA,NA,NA,NA,NA,NA,NA,NA,NA,NA,NA,NA,NA,NA,NA,NA,NA,NA,NA,NA,NA,NA,NA,NA,NA,NA,NA,NA,NA,NA,NA,NA,NA,NA,NA,NA,NA,NA,NA,NA,NA,NA,NA,NA,NA,NA,NA,NA,NA,NA,NA,NA,NA,NA,NA,NA,NA,NA,NA,NA,NA,NA,NA,NA,NA,NA,NA,NA,NA,NA,NA,NA
1091628.91653414,1129337.78729013,NA,NA,NA,NA,NA,NA,NA,NA,NA,NA,NA,NA,NA,NA,NA,NA,NA,NA,NA,NA,NA,NA,NA,NA,NA,NA,NA,NA,NA,NA,NA,NA,NA,NA,NA,NA,NA,NA,NA,NA,NA,NA,NA,NA,NA,NA,NA,NA,NA,NA,NA,NA,NA,NA,NA,NA,NA,NA,NA,NA,NA,NA,NA,NA,NA,NA,NA,NA,NA,NA,NA,NA,NA,NA,NA,NA
1099778.14144887,1129337.78729013,NA,NA,NA,NA,NA,NA,NA,NA,NA,NA,NA,NA,NA,NA,NA,NA,NA,NA,NA,NA,NA,NA,NA,NA,NA,NA,NA,NA,NA,NA,NA,NA,NA,NA,NA,NA,NA,NA,NA,NA,NA,NA,NA,NA,NA,NA,NA,NA,NA,NA,NA,NA,NA,NA,NA,NA,NA,NA,NA,NA,NA,NA,NA,NA,NA,NA,NA,NA,NA,NA,NA,NA,NA,NA,NA,NA
1107927.36636361,1129337.78729013,NA,NA,NA,NA,NA,NA,NA,NA,NA,NA,NA,NA,NA,NA,NA,NA,NA,NA,NA,NA,NA,NA,NA,NA,NA,NA,NA,NA,NA,NA,NA,NA,NA,NA,NA,NA,NA,NA,NA,NA,NA,NA,NA,NA,NA,NA,NA,NA,NA,NA,NA,NA,NA,NA,NA,NA,NA,NA,NA,NA,NA,NA,NA,NA,NA,NA,NA,NA,NA,NA,NA,NA,NA,NA,NA,NA
1116076.59127834,1129337.78729013,NA,NA,NA,NA,NA,NA,NA,NA,NA,NA,NA,NA,NA,NA,NA,NA,NA,NA,NA,NA,NA,NA,NA,NA,NA,NA,NA,NA,NA,NA,NA,NA,NA,NA,NA,NA,NA,NA,NA,NA,NA,NA,NA,NA,NA,NA,NA,NA,NA,NA,NA,NA,NA,NA,NA,NA,NA,NA,NA,NA,NA,NA,NA,NA,NA,NA,NA,NA,NA,NA,NA,NA,NA,NA,NA,NA
1124225.81619307,1129337.78729013,NA,NA,NA,NA,NA,NA,NA,NA,NA,NA,NA,NA,NA,NA,NA,NA,NA,NA,NA,NA,NA,NA,NA,NA,NA,NA,NA,NA,NA,NA,NA,NA,NA,NA,NA,NA,NA,NA,NA,NA,NA,NA,NA,NA,NA,NA,NA,NA,NA,NA,NA,NA,NA,NA,NA,NA,NA,NA,NA,NA,NA,NA,NA,NA,NA,NA,NA,NA,NA,NA,NA,NA,NA,NA,NA,NA
1132375.04110781,1129337.78729013,NA,NA,NA,NA,NA,NA,NA,NA,NA,NA,NA,NA,NA,NA,NA,NA,NA,NA,NA,NA,NA,NA,NA,NA,NA,NA,NA,NA,NA,NA,NA,NA,NA,NA,NA,NA,NA,NA,NA,NA,NA,NA,NA,NA,NA,NA,NA,NA,NA,NA,NA,NA,NA,NA,NA,NA,NA,NA,NA,NA,NA,NA,NA,NA,NA,NA,NA,NA,NA,NA,NA,NA,NA,NA,NA,NA
1140524.26602254,1129337.78729013,NA,NA,NA,NA,NA,NA,NA,NA,NA,NA,NA,NA,NA,NA,NA,NA,NA,NA,NA,NA,NA,NA,NA,NA,NA,NA,NA,NA,NA,NA,NA,NA,NA,NA,NA,NA,NA,NA,NA,NA,NA,NA,NA,NA,NA,NA,NA,NA,NA,NA,NA,NA,NA,NA,NA,NA,NA,NA,NA,NA,NA,NA,NA,NA,NA,NA,NA,NA,NA,NA,NA,NA,NA,NA,NA,NA
1148673.49093727,1129337.78729013,NA,NA,NA,NA,NA,NA,NA,NA,NA,NA,NA,NA,NA,NA,NA,NA,NA,NA,NA,NA,NA,NA,NA,NA,NA,NA,NA,NA,NA,NA,NA,NA,NA,NA,NA,NA,NA,NA,NA,NA,NA,NA,NA,NA,NA,NA,NA,NA,NA,NA,NA,NA,NA,NA,NA,NA,NA,NA,NA,NA,NA,NA,NA,NA,NA,NA,NA,NA,NA,NA,NA,NA,NA,NA,NA,NA
1156822.71585201,1129337.78729013,NA,NA,NA,NA,NA,NA,NA,NA,NA,NA,NA,NA,NA,NA,NA,NA,NA,NA,NA,NA,NA,NA,NA,NA,NA,NA,NA,NA,NA,NA,NA,NA,NA,NA,NA,NA,NA,NA,NA,NA,NA,NA,NA,NA,NA,NA,NA,NA,NA,NA,NA,NA,NA,NA,NA,NA,NA,NA,NA,NA,NA,NA,NA,NA,NA,NA,NA,NA,NA,NA,NA,NA,NA,NA,NA,NA
1164971.94076674,1129337.78729013,NA,NA,NA,NA,NA,NA,NA,NA,NA,NA,NA,NA,NA,NA,NA,NA,NA,NA,NA,NA,NA,NA,NA,NA,NA,NA,NA,NA,NA,NA,NA,NA,NA,NA,NA,NA,NA,NA,NA,NA,NA,NA,NA,NA,NA,NA,NA,NA,NA,NA,NA,NA,NA,NA,NA,NA,NA,NA,NA,NA,NA,NA,NA,NA,NA,NA,NA,NA,NA,NA,NA,NA,NA,NA,NA,NA
1173121.16568148,1129337.78729013,NA,NA,NA,NA,NA,NA,NA,NA,NA,NA,NA,NA,NA,NA,NA,NA,NA,NA,NA,NA,NA,NA,NA,NA,NA,NA,NA,NA,NA,NA,NA,NA,NA,NA,NA,NA,NA,NA,NA,NA,NA,NA,NA,NA,NA,NA,NA,NA,NA,NA,NA,NA,NA,NA,NA,NA,NA,NA,NA,NA,NA,NA,NA,NA,NA,NA,NA,NA,NA,NA,NA,NA,NA,NA,NA,NA
1181270.39059621,1129337.78729013,NA,NA,NA,NA,NA,NA,NA,NA,NA,NA,NA,NA,NA,NA,NA,NA,NA,NA,NA,NA,NA,NA,NA,NA,NA,NA,NA,NA,NA,NA,NA,NA,NA,NA,NA,NA,NA,NA,NA,NA,NA,NA,NA,NA,NA,NA,NA,NA,NA,NA,NA,NA,NA,NA,NA,NA,NA,NA,NA,NA,NA,NA,NA,NA,NA,NA,NA,NA,NA,NA,NA,NA,NA,NA,NA,NA
1189419.61551094,1129337.78729013,NA,NA,NA,NA,NA,NA,NA,NA,NA,NA,NA,NA,NA,NA,NA,NA,NA,NA,NA,NA,NA,NA,NA,NA,NA,NA,NA,NA,NA,NA,NA,NA,NA,NA,NA,NA,NA,NA,NA,NA,NA,NA,NA,NA,NA,NA,NA,NA,NA,NA,NA,NA,NA,NA,NA,NA,NA,NA,NA,NA,NA,NA,NA,NA,NA,NA,NA,NA,NA,NA,NA,NA,NA,NA,NA,NA
1197568.84042568,1129337.78729013,NA,NA,NA,NA,NA,NA,NA,NA,NA,NA,NA,NA,NA,NA,NA,NA,NA,NA,NA,NA,NA,NA,NA,NA,NA,NA,NA,NA,NA,NA,NA,NA,NA,NA,NA,NA,NA,NA,NA,NA,NA,NA,NA,NA,NA,NA,NA,NA,NA,NA,NA,NA,NA,NA,NA,NA,NA,NA,NA,NA,NA,NA,NA,NA,NA,NA,NA,NA,NA,NA,NA,NA,NA,NA,NA,NA
1205718.06534041,1129337.78729013,NA,NA,NA,NA,NA,NA,NA,NA,NA,NA,NA,NA,NA,NA,NA,NA,NA,NA,NA,NA,NA,NA,NA,NA,NA,NA,NA,NA,NA,NA,NA,NA,NA,NA,NA,NA,NA,NA,NA,NA,NA,NA,NA,NA,NA,NA,NA,NA,NA,NA,NA,NA,NA,NA,NA,NA,NA,NA,NA,NA,NA,NA,NA,NA,NA,NA,NA,NA,NA,NA,NA,NA,NA,NA,NA,NA
1213867.29025514,1129337.78729013,NA,NA,NA,NA,NA,NA,NA,NA,NA,NA,NA,NA,NA,NA,NA,NA,NA,NA,NA,NA,NA,NA,NA,NA,NA,NA,NA,NA,NA,NA,NA,NA,NA,NA,NA,NA,NA,NA,NA,NA,NA,NA,NA,NA,NA,NA,NA,NA,NA,NA,NA,NA,NA,NA,NA,NA,NA,NA,NA,NA,NA,NA,NA,NA,NA,NA,NA,NA,NA,NA,NA,NA,NA,NA,NA,NA
1222016.51516988,1129337.78729013,NA,NA,NA,NA,NA,NA,NA,NA,NA,NA,NA,NA,NA,NA,NA,NA,NA,NA,NA,NA,NA,NA,NA,NA,NA,NA,NA,NA,NA,NA,NA,NA,NA,NA,NA,NA,NA,NA,NA,NA,NA,NA,NA,NA,NA,NA,NA,NA,NA,NA,NA,NA,NA,NA,NA,NA,NA,NA,NA,NA,NA,NA,NA,NA,NA,NA,NA,NA,NA,NA,NA,NA,NA,NA,NA,NA
879749.068751066,1121188.56237539,NA,NA,NA,NA,NA,NA,NA,NA,NA,NA,NA,NA,NA,NA,NA,NA,NA,NA,NA,NA,NA,NA,NA,NA,NA,NA,NA,NA,NA,NA,NA,NA,NA,NA,NA,NA,NA,NA,NA,NA,NA,NA,NA,NA,NA,NA,NA,NA,NA,NA,NA,NA,NA,NA,NA,NA,NA,NA,NA,NA,NA,NA,NA,NA,NA,NA,NA,NA,NA,NA,NA,NA,NA,NA,NA,NA
887898.2936658,1121188.56237539,NA,NA,NA,NA,NA,NA,NA,NA,NA,NA,NA,NA,NA,NA,NA,NA,NA,NA,NA,NA,NA,NA,NA,NA,NA,NA,NA,NA,NA,NA,NA,NA,NA,NA,NA,NA,NA,NA,NA,NA,NA,NA,NA,NA,NA,NA,NA,NA,NA,NA,NA,NA,NA,NA,NA,NA,NA,NA,NA,NA,NA,NA,NA,NA,NA,NA,NA,NA,NA,NA,NA,NA,NA,NA,NA,NA
896047.518580533,1121188.56237539,NA,NA,NA,NA,NA,NA,NA,NA,NA,NA,NA,NA,NA,NA,NA,NA,NA,NA,NA,NA,NA,NA,NA,NA,NA,NA,NA,NA,NA,NA,NA,NA,NA,NA,NA,NA,NA,NA,NA,NA,NA,NA,NA,NA,NA,NA,NA,NA,NA,NA,NA,NA,NA,NA,NA,NA,NA,NA,NA,NA,NA,NA,NA,NA,NA,NA,NA,NA,NA,NA,NA,NA,NA,NA,NA,NA
904196.743495267,1121188.56237539,NA,NA,NA,NA,NA,NA,NA,NA,NA,NA,NA,NA,NA,NA,NA,NA,NA,NA,NA,NA,NA,NA,NA,NA,NA,NA,NA,NA,NA,NA,NA,NA,NA,NA,NA,NA,NA,NA,NA,NA,NA,NA,NA,NA,NA,NA,NA,NA,NA,NA,NA,NA,NA,NA,NA,NA,NA,NA,NA,NA,NA,NA,NA,NA,NA,NA,NA,NA,NA,NA,NA,NA,NA,NA,NA,NA
912345.96841,1121188.56237539,NA,NA,NA,NA,NA,NA,NA,NA,NA,NA,NA,NA,NA,NA,NA,NA,NA,NA,NA,NA,NA,NA,NA,NA,NA,NA,NA,NA,NA,NA,NA,NA,NA,NA,NA,NA,NA,NA,NA,NA,NA,NA,NA,NA,NA,NA,NA,NA,NA,NA,NA,NA,NA,NA,NA,NA,NA,NA,NA,NA,NA,NA,NA,NA,NA,NA,NA,NA,NA,NA,NA,NA,NA,NA,NA,NA
920495.193324734,1121188.56237539,NA,NA,NA,NA,NA,NA,NA,NA,NA,NA,NA,NA,NA,NA,NA,NA,NA,NA,NA,NA,NA,NA,NA,NA,NA,NA,NA,NA,NA,NA,NA,NA,NA,NA,NA,NA,NA,NA,NA,NA,NA,NA,NA,NA,NA,NA,NA,NA,NA,NA,NA,NA,NA,NA,NA,NA,NA,NA,NA,NA,NA,NA,NA,NA,NA,NA,NA,NA,NA,NA,NA,NA,NA,NA,NA,NA
928644.418239468,1121188.56237539,NA,NA,NA,NA,NA,NA,NA,NA,NA,NA,NA,NA,NA,NA,NA,NA,NA,NA,NA,NA,NA,NA,NA,NA,NA,NA,NA,NA,NA,NA,NA,NA,NA,NA,NA,NA,NA,NA,NA,NA,NA,NA,NA,NA,NA,NA,NA,NA,NA,NA,NA,NA,NA,NA,NA,NA,NA,NA,NA,NA,NA,NA,NA,NA,NA,NA,NA,NA,NA,NA,NA,NA,NA,NA,NA,NA
936793.643154201,1121188.56237539,NA,NA,NA,NA,NA,NA,NA,NA,NA,NA,NA,NA,NA,NA,NA,NA,NA,NA,NA,NA,NA,NA,NA,NA,NA,NA,NA,NA,NA,NA,NA,NA,NA,NA,NA,NA,NA,NA,NA,NA,NA,NA,NA,NA,NA,NA,NA,NA,NA,NA,NA,NA,NA,NA,NA,NA,NA,NA,NA,NA,NA,NA,NA,NA,NA,NA,NA,NA,NA,NA,NA,NA,NA,NA,NA,NA
944942.868068935,1121188.56237539,NA,NA,NA,NA,NA,NA,NA,NA,NA,NA,NA,NA,NA,NA,NA,NA,NA,NA,NA,NA,NA,NA,NA,NA,NA,NA,NA,NA,NA,NA,NA,NA,NA,NA,NA,NA,NA,NA,NA,NA,NA,NA,NA,NA,NA,NA,NA,NA,NA,NA,NA,NA,NA,NA,NA,NA,NA,NA,NA,NA,NA,NA,NA,NA,NA,NA,NA,NA,NA,NA,NA,NA,NA,NA,NA,NA
953092.092983668,1121188.56237539,NA,NA,NA,NA,NA,NA,NA,NA,NA,NA,NA,NA,NA,NA,NA,NA,NA,NA,NA,NA,NA,NA,NA,NA,NA,NA,NA,NA,NA,NA,NA,NA,NA,NA,NA,NA,NA,NA,NA,NA,NA,NA,NA,NA,NA,NA,NA,NA,NA,NA,NA,NA,NA,NA,NA,NA,NA,NA,NA,NA,NA,NA,NA,NA,NA,NA,NA,NA,NA,NA,NA,NA,NA,NA,NA,NA
961241.317898402,1121188.56237539,NA,NA,NA,NA,NA,NA,NA,NA,NA,NA,NA,NA,NA,NA,NA,NA,NA,NA,NA,NA,NA,NA,NA,NA,NA,NA,NA,NA,NA,NA,NA,NA,NA,NA,NA,NA,NA,NA,NA,NA,NA,NA,NA,NA,NA,NA,NA,NA,NA,NA,NA,NA,NA,NA,NA,NA,NA,NA,NA,NA,NA,NA,NA,NA,NA,NA,NA,NA,NA,NA,NA,NA,NA,NA,NA,NA
969390.542813136,1121188.56237539,NA,NA,NA,NA,NA,NA,NA,NA,NA,NA,NA,NA,NA,NA,NA,NA,NA,NA,NA,NA,NA,NA,NA,NA,NA,NA,NA,NA,NA,NA,NA,NA,NA,NA,NA,NA,NA,NA,NA,NA,NA,NA,NA,NA,NA,NA,NA,NA,NA,NA,NA,NA,NA,NA,NA,NA,NA,NA,NA,NA,NA,NA,NA,NA,NA,NA,NA,NA,NA,NA,NA,NA,NA,NA,NA,NA
977539.767727869,1121188.56237539,NA,NA,NA,NA,NA,NA,NA,NA,NA,NA,NA,NA,NA,NA,NA,NA,NA,NA,NA,NA,NA,NA,NA,NA,NA,NA,NA,NA,NA,NA,NA,NA,NA,NA,NA,NA,NA,NA,NA,NA,NA,NA,NA,NA,NA,NA,NA,NA,NA,NA,NA,NA,NA,NA,NA,NA,NA,NA,NA,NA,NA,NA,NA,NA,NA,NA,NA,NA,NA,NA,NA,NA,NA,NA,NA,NA
985688.992642603,1121188.56237539,-3.29613103465116,-1.22777762737072,0.768053678279694,-0.425427878133571,-1.18838961817034,-0.626729695109608,-0.227114693648624,-1.77453390491806,0.652631178174602,0.794245751317122,-1.27118048565739,0.261912288686692,1.72605086566525,-0.936691654142661,0.100010083382656,0.662157515001755,0.550814298225103,0.673424250116414,1.4244457719665,-1.38383575380295,-0.27320635943347,0.567866869924273,-0.0947142101203954,0.923305161791835,1.03716585675616,0.024641771824062,1.50471740805328,-0.347792519223106,-1.83776597805778,-1.22651209124774,-0.634739470475226,-0.855340026512063,2.05700195666368,-0.322342994759325,-0.052767728403635,-1.05787066430023,0.835359289715087,0.44579177706585,0.569623428169351,1.20318377144452,0.768150118860312,-0.947439007144617,0.444319096151676,-1.44958721262264,1.36162502043024,-1.46954232810638,1.05478683993337,0.791030350462856,-0.369885770099788,-0.124159616779747,-0.282584490871938,-0.532274526113622,-0.168731287333923,1.17002169844829,0.415826778160767,0.0527031478269683,0.0641070768712612,0.725998650293808,-0.103849097953003,0.278069836630415,0.103520277175704,1.03456332888732,1.67903825249831,-1.20536964585175,-0.312112678717915,1.28179941423677,-1.16310676891644,0.0257505615451113,0.375749088491126,0.46602296868413,1.57937483728922,0.334700184548542,0.374698847754632,-2.31577051120845,-1.26372875373761,-0.749456793708853
993838.217557336,1121188.56237539,-3.3145834458235,-1.2382460005949,0.786287081402953,-0.414890271443454,-1.22015518274736,-0.610555234833116,-0.215893735173891,-1.75610219463938,0.600796513983537,0.856352672370122,-1.25658284048784,0.242259818011674,1.65401826959766,-0.934129241356162,0.149165430443922,0.73316454738088,0.575172123081944,0.665632506276689,1.36368826265531,-1.3558846329792,-0.313718092939084,0.548526326912839,-0.0868991044503697,0.900167762747791,1.02875055836017,0.0249879014645968,1.45502504653439,-0.333244716333139,-1.82338588970173,-1.17312495574731,-0.588016959222746,-0.859420319644181,2.10611664786572,-0.315348504821489,-0.0249970115574576,-1.02762311259683,0.819410146593338,0.475231582158626,0.536688303159759,1.13367409564039,0.771649493076805,-0.945103225112483,0.433122013032924,-1.50549718981132,1.4212778014105,-1.49896498006073,0.986047812956401,0.815469530156062,-0.419962279618866,-0.0430516276706433,-0.276092845794583,-0.552747303875507,-0.192129815369139,1.21057450458946,0.433129839665148,0.0961846852596881,0.0357502718836474,0.715518790100692,-0.132067352526302,0.299465654509901,0.0332250629913932,1.08567181966621,1.7227072264703,-1.13141444066193,-0.293005779441317,1.29496108705221,-1.22764740409607,-0.0287433363272823,0.377611518264685,0.421325004539832,1.57017110519927,0.335530652283771,0.429077167286172,-2.34517614128052,-1.27946552403087,-0.786878855947806
1001987.44247207,1121188.56237539,-3.32800241062628,-1.23082567684054,0.826458773270775,-0.385642471312072,-1.21161807025956,-0.615278390644621,-0.221047731679691,-1.76425485340719,0.560995665937818,0.86841566437756,-1.23792036729104,0.253593526157319,1.58056558185885,-0.964422503287765,0.191980185595182,0.763817173893255,0.573530245358657,0.723159867608033,1.32908898592413,-1.32918279030296,-0.368740280338525,0.545885640585613,-0.0959482369837392,0.870457602794476,1.01372035367607,0.0266974901352922,1.40649842442809,-0.35553991808496,-1.82273393296837,-1.16580765807911,-0.591253799462371,-0.894786133509968,2.09111743413233,-0.298094520959608,0.0715197272616563,-1.0305504868542,0.801433264701527,0.482614078918349,0.546802337308187,1.09261205968228,0.78231367684433,-0.962657691504851,0.445303936796159,-1.52785785702273,1.46986076080572,-1.50140059079629,0.95947763215192,0.82976523286266,-0.429833717955231,0.0146364397724822,-0.28717830744687,-0.58789335061699,-0.228496602952645,1.17239593643107,0.455355396959892,0.148467000071152,0.0403038715387047,0.731907447987433,-0.147970232803222,0.294894903693395,0.0139578417327139,1.10971009098404,1.75733236190549,-1.10873592669945,-0.362314976600736,1.29671170767862,-1.24896660985637,-0.0269820720657372,0.398982166717767,0.398979122445795,1.57490258313738,0.396169339970771,0.482763582466953,-2.33436807235825,-1.30287488066235,-0.83356681795895
1010136.6673868,1121188.56237539,-3.33752312794114,-1.21834262929121,0.866803259689864,-0.355300562238183,-1.19218141611662,-0.624133015737912,-0.228500285746322,-1.77710558350571,0.532286864498747,0.866273984541781,-1.22007975696796,0.272390192830104,1.51864753886982,-0.998531375227948,0.227158128981704,0.779566649956069,0.566144343446933,0.789414988684534,1.30812229852657,-1.30583521115245,-0.418352133620938,0.549194900153384,-0.107766733963972,0.844368976123879,1.00026503317361,0.0291683974088837,1.36677597632186,-0.383875831770768,-1.82482691957265,-1.17099662946689,-0.60685659791581,-0.932367816659836,2.06136279497988,-0.279894861241605,0.169626139210461,-1.0411700976658,0.787070195604767,0.483742765093279,0.568400903411359,1.06648681325663,0.794057431422296,-0.982060532819349,0.462914672958322,-1.53633161319287,1.50836396997366,-1.4945488408954,0.949932674214214,0.840282961750636,-0.425279016626703,0.0573417088698917,-0.300116634111806,-0.620553760468508,-0.261709224631423,1.11883031451287,0.476371128699024,0.195380347260983,0.0542782129017873,0.753981203730622,-0.156688809149375,0.284536760405883,0.0136767682544765,1.1230220931283,1.78462434849061,-1.10262791578428,-0.446098575824964,1.2955408957702,-1.25316515749209,-0.00894824698327755,0.423581087170519,0.387901997181882,1.56170403168269,0.442154244893203,0.522503978811688,-2.31325518854358,-1.32915421806066,-0.888832846232878
1018285.89230154,1121188.56237539,-3.34405968340121,-1.20513006838462,0.906297601706898,-0.324834392955822,-1.1691987965079,-0.63322229214338,-0.230522434235185,-1.78894314167692,0.506656349394021,0.86671789865331,-1.20032179122405,0.292625222646765,1.45862768804165,-1.03217353596112,0.263172333855563,0.794771937373474,0.561603504673106,0.854156151707974,1.29052270472523,-1.28161577667567,-0.462548486859144,0.552167220080159,-0.120885653407724,0.821656725102515,0.988451649888808,0.0315055636669775,1.32900299636243,-0.412031189020314,-1.82622735552206,-1.17776860132373,-0.621913012458688,-0.970023173482031,2.03087664547314,-0.260720857560144,0.262310466281682,-1.05131182426992,0.775578559379837,0.485810124967131,0.593136522846411,1.04174413385159,0.806050715296707,-1.00104232505883,0.482465268932224,-1.54326893023008,1.54350634479008,-1.48335249161596,0.943698022900262,0.851026518629597,-0.41575514049767,0.094969036223769,-0.310070405862241,-0.651327140622163,-0.293953062888936,1.06619727822545,0.496493905780473,0.242147129402043,0.0711239486464894,0.77474343913854,-0.1618389892589,0.273433439269685,0.0155228895673472,1.1350671088299,1.8116720878744,-1.09986740236446,-0.530010076849939,1.29473746008462,-1.25187496936657,0.0125273458561904,0.448943174407766,0.37929513073188,1.52539231471954,0.462339504586144,0.553347687779523,-2.28984249057334,-1.35981160704545,-0.958996149428546
1026435.11721627,1121188.56237539,-3.34461476879109,-1.20196247282947,0.940257374172229,-0.299623886945604,-1.13836496779838,-0.654194870257792,-0.193671475161805,-1.7879220110093,0.48008662401615,0.894263625433917,-1.17206182320859,0.304347892536524,1.39304857518239,-1.06709308986419,0.309136595644979,0.821465975420807,0.584566135789064,0.903156978400098,1.2704117170606,-1.2484770654133,-0.468643403931428,0.532348899365189,-0.161269644029584,0.809870106504246,0.978198377339137,0.0239336246946442,1.297684166756,-0.440521381684028,-1.83272175016837,-1.19150260763892,-0.639657147327442,-1.01998688142038,2.00962429838697,-0.246606031547572,0.308006916436712,-1.05675109586883,0.775759631460863,0.48857809051971,0.628624125790527,1.00503053005062,0.810346737074781,-1.02317014091365,0.504233870178174,-1.56177102444634,1.56342216987246,-1.45374809934943,0.936759984701467,0.864032682779751,-0.380229026810323,0.101467830207139,-0.309385806011376,-0.68203864145247,-0.332569251500638,1.03869119768968,0.502216264088221,0.287678555171847,0.0948378222317413,0.782004829953815,-0.154439811403843,0.258070452882985,0.00942477013136307,1.13733550703691,1.83690831939867,-1.13605740072757,-0.602586185358376,1.27889208552677,-1.22559608433712,0.0409550069394366,0.471877213588647,0.376643009096813,1.50240391530022,0.46692058823221,0.574629268581891,-2.25749183458484,-1.38178559932663,-1.02628697241907
1034584.342131,1121188.56237539,-3.33739916532908,-1.21353129156573,0.958779510515028,-0.287131224845683,-1.09787246746171,-0.692802083245853,-0.105195115053641,-1.7733714672064,0.459446300339202,0.956527950817155,-1.13657529549832,0.306107708973858,1.32576166981055,-1.10132802401725,0.362568175318027,0.854997697548867,0.639536500176896,0.922627627658535,1.25296783608171,-1.21015773607996,-0.419111771363823,0.481783311055847,-0.238965251997489,0.817735468781118,0.970293437981594,-0.000899495895892506,1.27664972358135,-0.469001865666122,-1.84702145954032,-1.21734766431905,-0.655964351575949,-1.08239634758579,1.99616357993028,-0.240049558931127,0.283409751000942,-1.05817517924268,0.794854256408297,0.493417399578009,0.675542761804231,0.953833045788937,0.803132505118033,-1.04935972607889,0.529655688088597,-1.59581249227384,1.55432564765103,-1.4003610115106,0.932185714949202,0.876658515427007,-0.313147678361045,0.0570658759512569,-0.292583582310445,-0.706394909345135,-0.375367373145649,1.04566430150512,0.483057747721046,0.32707836793894,0.127356973639186,0.766272285514921,-0.127627101911544,0.233881263378341,-0.00600842847283152,1.12131146900178,1.85699174634273,-1.22570075264659,-0.648078003460187,1.24380791934989,-1.16660823453489,0.0764432085548735,0.490594366545661,0.382343628249621,1.52199272666057,0.469624414357886,0.579506453347363,-2.21713681377632,-1.38244215333563,-1.06857857701201
1042733.56704574,1121188.56237539,-3.32227008235796,-1.22531305743018,0.975063726394295,-0.274633055701225,-1.05277043170018,-0.731853104625371,-0.00729225831439647,-1.75248252885838,0.438268537929187,1.02486473778445,-1.09622047990314,0.305110599899114,1.2548199343632,-1.13346297808769,0.418729864081676,0.890759736330742,0.70170786009838,0.937785790016709,1.23353669875723,-1.16743473563517,-0.357921143755568,0.423841982435528,-0.324224395871191,0.827996589302292,0.962205802125176,-0.0273186547192167,1.2554189337237,-0.496661147383071,-1.85821395632575,-1.24354717805272,-0.671745808647285,-1.14647950196553,1.98201040137593,-0.233245731108691,0.248565404279968,-1.05505989801897,0.815644509387259,0.497836123715904,0.725082127414055,0.897431669609622,0.792543204030511,-1.07328872955515,0.554514813605051,-1.62892504463976,1.53793525102621,-1.34040103415468,0.926574310814635,0.888127607691763,-0.240005912888822,0.00280792622905347,-0.270170171769375,-0.72900718512956,-0.418604255026187,1.05823276803807,0.460511295959954,0.366713086419656,0.161692538054333,0.743874547818815,-0.0968599862096885,0.207651749479113,-0.0242248504973857,1.10236121306636,1.87380823498633,-1.32431014067719,-0.688680308130078,1.20399402188629,-1.09942324519566,0.114405942899024,0.507304023995531,0.388959270923297,1.54789933205219,0.475803955138163,0.559070874308417,-2.17688287935671,-1.36482432288294,-1.13087200165494
1050882.79196047,1121188.56237539,-3.2945598531851,-1.23754529512964,0.993761493749449,-0.255876767970566,-1.00074110659336,-0.768904823344292,0.0943658540216802,-1.72680454165069,0.411703951509025,1.09605602039221,-1.04696946783916,0.304955971692561,1.17266417027778,-1.16447329873194,0.477888413038656,0.930818629069666,0.767450482084869,0.951781528559181,1.20739129829283,-1.11876605711732,-0.290300236388369,0.360591887002958,-0.412316529679502,0.840165718251126,0.952858235470636,-0.0518758906107456,1.22666173685933,-0.525956032653981,-1.86364470289169,-1.26464325956142,-0.684581205871881,-1.22219626664767,1.96376206042349,-0.231075702019096,0.221786246382808,-1.04822387865316,0.832580406635871,0.505126343555133,0.777346847931976,0.832746633960036,0.777228474484709,-1.09424985954427,0.578755231827017,-1.65611356810374,1.51894337608145,-1.27637969572498,0.91586998461239,0.902170200830472,-0.167092403471809,-0.0483640605115395,-0.243219986270693,-0.750372142428378,-0.466122833400807,1.0730080398491,0.437688956520009,0.41249777066049,0.19199795734705,0.724352395838221,-0.0664594925152475,0.184035773612597,-0.047370585444052,1.08338868264749,1.89096672520486,-1.42706195234638,-0.725638265072583,1.16036189226981,-1.02716977900015,0.152768320556407,0.521586508865716,0.390791347296461,1.57443954501504,0.488179748306045,0.514982675283515,-2.13391882930603,-1.33474714022564,-1.22766064173729
1059032.01687521,1121188.56237539,-3.25121011476254,-1.25828343422928,1.01571052229452,-0.225990181165731,-0.962849159425873,-0.776533238458352,0.144489969316144,-1.71284490318182,0.380244329884831,1.13720142895581,-1.00045051149458,0.308345142404903,1.10857037107264,-1.18052724500847,0.511034141266557,0.96765126176767,0.806760028080287,0.954887612839864,1.17477408106647,-1.08585020620191,-0.241393864373935,0.321990506190951,-0.444974536718239,0.854199085813649,0.94900340972893,-0.0520576234690075,1.18767421435097,-0.551447215896071,-1.85777608101229,-1.25971132885044,-0.683107897941222,-1.31232926745681,1.95277056554843,-0.25956968006371,0.257732678349767,-1.03979971355127,0.818812891633565,0.519773181223334,0.806969032912508,0.782163690173617,0.752439744480661,-1.09790216240586,0.580149629533528,-1.65107254374613,1.51167128133261,-1.25080763042586,0.890433592383348,0.92226051441242,-0.152157993917557,-0.0460599271663027,-0.218057105938553,-0.76043596432257,-0.505580987384534,1.09305290344157,0.432716391625564,0.456753638037539,0.175766266840085,0.738376880395338,-0.0653785953432563,0.189868610860166,-0.0844523186137739,1.0859714417725,1.90895041770031,-1.4737905029641,-0.721279881840616,1.13870616513858,-0.990383814275298,0.160971787025311,0.51022253433145,0.363726214094532,1.59185707512234,0.501856071382611,0.493614322472995,-2.10173034006049,-1.33803372059324,-1.31147602679522
1067181.24178994,1121188.56237539,-3.20557283515797,-1.28245731099012,1.03731421733199,-0.193209332917819,-0.938401192914673,-0.765952728568902,0.15828865953858,-1.70807402617969,0.349475258872443,1.15594741667269,-0.961556865016593,0.313392745545961,1.06362214337578,-1.18605957602716,0.524496995429736,0.99847503853756,0.825926925151414,0.951171887229301,1.14222592505843,-1.0665152655278,-0.209620889688215,0.303250501795147,-0.439545629586349,0.867733797317438,0.949289056719284,-0.0375229499307927,1.14700745983925,-0.571647367057083,-1.84653898256413,-1.24005711357439,-0.673782400489209,-1.40222637419974,1.94819600807628,-0.304127596067479,0.326094551672528,-1.03205141386041,0.787696906833509,0.537086008753057,0.819400234376981,0.746441520886631,0.724907136774871,-1.09121725711602,0.56761503129915,-1.62814686734696,1.51314918620559,-1.25178737507461,0.858874922449264,0.943946046743424,-0.173976451712813,-0.0117012599527054,-0.197383204841334,-0.762413550021221,-0.535771096026969,1.11422875061391,0.439298241914016,0.494666563563914,0.132490874950675,0.771098096273161,-0.082535482246541,0.212533299120992,-0.126122366370941,1.10156898897655,1.92569864743185,-1.48038198091698,-0.692430420175947,1.13322096274224,-0.978988037734346,0.149876855988757,0.484577915076563,0.321819674513619,1.59780003941658,0.510546854021364,0.493954776926925,-2.08063140769186,-1.34922045921422,-1.37417202487693
1075330.46670467,1121188.56237539,-3.15588324332336,-1.30851385083027,1.05948734525185,-0.157762921331713,-0.914850722944068,-0.751119049620885,0.165420214037326,-1.70416799532014,0.316271028965129,1.17087657939571,-0.921405409792465,0.319256907464675,1.01876488083105,-1.18913301069425,0.53433736677859,1.02946203378831,0.842059276580336,0.945481065241871,1.10712648334606,-1.04891099867887,-0.179619605278975,0.287784491415166,-0.425825947741472,0.882049386998107,0.950177601190059,-0.0193711661894457,1.10228981475967,-0.592073010226668,-1.83295411727282,-1.2157970942208,-0.6623397461969,-1.50073624182013,1.94395229020736,-0.355670273353978,0.403525509882208,-1.02411190726287,0.750669841125899,0.555737615743704,0.828633222875686,0.711086389469802,0.695181852621627,-1.08183595215013,0.550935355943055,-1.60048758640789,1.51625700504344,-1.25785507675674,0.822944678156106,0.96707286352077,-0.205073898315431,0.0311998563427347,-0.176668128323828,-0.762107845514998,-0.566011487717193,1.1364835751834,0.447846647594262,0.532964829646534,0.0803996454397518,0.809141900227489,-0.104454952738074,0.239896532262859,-0.171926239029173,1.12052893473827,1.94221117940576,-1.47883801597219,-0.656970453743497,1.12983686006245,-0.971256916866775,0.133946782710419,0.45459833771646,0.273818172684213,1.59568055811872,0.513310910444595,0.506661640393485,-2.059746821059,-1.34551142844759,-1.43008082851729
1083479.69161941,1121188.56237539,-3.09837149842086,-1.33298377861007,1.0753126014659,-0.119491474911373,-0.88615330940602,-0.738378082794635,0.168066455476649,-1.69397072831838,0.280462177906404,1.18327629776075,-0.878408544119949,0.332448204853828,0.97288098721447,-1.18678998995896,0.540760785623548,1.0563268613799,0.857796171552201,0.944441712956363,1.07691623629313,-1.03979717485988,-0.151826134008479,0.283917477940696,-0.407573227823048,0.900240501856696,0.954105844713393,-0.00567053954189526,1.05423585725341,-0.619768420843937,-1.82021345144076,-1.19144695292174,-0.653093140403608,-1.61847212355285,1.9391992083531,-0.409402726696941,0.476350885112979,-1.02296417854452,0.716998566424232,0.571220556315303,0.834811733374435,0.678949465364328,0.676983208495241,-1.07062288058158,0.527561181338477,-1.58520286955787,1.52082120337749,-1.26792248121112,0.779574514957822,0.991378445361939,-0.246199027687474,0.0790740625321164,-0.160111621269351,-0.756508065738197,-0.594572537747475,1.15413963623582,0.449985097375956,0.566993248254398,0.0280200882231012,0.845165348458486,-0.122821158655809,0.269784798855975,-0.223124391936754,1.14196081696251,1.95031161065556,-1.47767475687972,-0.619585957670264,1.11926415581963,-0.962716003350988,0.117506391090442,0.431424397286165,0.226428275519245,1.5907292823668,0.508783661787314,0.537877272251466,-2.03422282767434,-1.32219283493098,-1.46224855121993
1091628.91653414,1121188.56237539,-3.04085046189548,-1.34187011897567,1.06532715289569,-0.0853251990774808,-0.851107803581044,-0.739088435235019,0.159119183294515,-1.66944947199473,0.246408652609092,1.18523060179939,-0.845764322729317,0.359237991492499,0.950974402961252,-1.17158668771664,0.532431840342266,1.05750955704075,0.870701248051238,0.95620328673161,1.07836183626238,-1.06251544964985,-0.146188386087135,0.317318815131872,-0.383510067703672,0.924890685011806,0.965828333913904,-0.00961661596708847,1.02146433393665,-0.651642032578548,-1.81195858147381,-1.17688408196398,-0.657329179873206,-1.72997759852708,1.93627152387748,-0.447137239333233,0.504769135432468,-1.04547818770585,0.712271402401737,0.573039863974775,0.834117143531449,0.672972403425866,0.699710722615539,-1.05836106884023,0.49709321776696,-1.61684971044817,1.5309702426856,-1.2770979909062,0.735939640636964,1.00808185870228,-0.2905182110784,0.120929831957314,-0.165521876479097,-0.736501742757523,-0.605440580175788,1.15011881315532,0.430706209135449,0.570842699867182,0.000981568680884969,0.854403665661796,-0.120437947001485,0.291968149472269,-0.263204038117261,1.16127830702513,1.92989292168087,-1.48311384579116,-0.601160991710143,1.09562572064117,-0.952038836395697,0.110595200740013,0.446234993201618,0.205767769853463,1.60077481358832,0.501388142884243,0.580678126118552,-2.00677174835842,-1.3208786678839,-1.4295667921648
1099778.14144887,1121188.56237539,NA,NA,NA,NA,NA,NA,NA,NA,NA,NA,NA,NA,NA,NA,NA,NA,NA,NA,NA,NA,NA,NA,NA,NA,NA,NA,NA,NA,NA,NA,NA,NA,NA,NA,NA,NA,NA,NA,NA,NA,NA,NA,NA,NA,NA,NA,NA,NA,NA,NA,NA,NA,NA,NA,NA,NA,NA,NA,NA,NA,NA,NA,NA,NA,NA,NA,NA,NA,NA,NA,NA,NA,NA,NA,NA,NA
1107927.36636361,1121188.56237539,NA,NA,NA,NA,NA,NA,NA,NA,NA,NA,NA,NA,NA,NA,NA,NA,NA,NA,NA,NA,NA,NA,NA,NA,NA,NA,NA,NA,NA,NA,NA,NA,NA,NA,NA,NA,NA,NA,NA,NA,NA,NA,NA,NA,NA,NA,NA,NA,NA,NA,NA,NA,NA,NA,NA,NA,NA,NA,NA,NA,NA,NA,NA,NA,NA,NA,NA,NA,NA,NA,NA,NA,NA,NA,NA,NA
1116076.59127834,1121188.56237539,NA,NA,NA,NA,NA,NA,NA,NA,NA,NA,NA,NA,NA,NA,NA,NA,NA,NA,NA,NA,NA,NA,NA,NA,NA,NA,NA,NA,NA,NA,NA,NA,NA,NA,NA,NA,NA,NA,NA,NA,NA,NA,NA,NA,NA,NA,NA,NA,NA,NA,NA,NA,NA,NA,NA,NA,NA,NA,NA,NA,NA,NA,NA,NA,NA,NA,NA,NA,NA,NA,NA,NA,NA,NA,NA,NA
1124225.81619307,1121188.56237539,NA,NA,NA,NA,NA,NA,NA,NA,NA,NA,NA,NA,NA,NA,NA,NA,NA,NA,NA,NA,NA,NA,NA,NA,NA,NA,NA,NA,NA,NA,NA,NA,NA,NA,NA,NA,NA,NA,NA,NA,NA,NA,NA,NA,NA,NA,NA,NA,NA,NA,NA,NA,NA,NA,NA,NA,NA,NA,NA,NA,NA,NA,NA,NA,NA,NA,NA,NA,NA,NA,NA,NA,NA,NA,NA,NA
1132375.04110781,1121188.56237539,NA,NA,NA,NA,NA,NA,NA,NA,NA,NA,NA,NA,NA,NA,NA,NA,NA,NA,NA,NA,NA,NA,NA,NA,NA,NA,NA,NA,NA,NA,NA,NA,NA,NA,NA,NA,NA,NA,NA,NA,NA,NA,NA,NA,NA,NA,NA,NA,NA,NA,NA,NA,NA,NA,NA,NA,NA,NA,NA,NA,NA,NA,NA,NA,NA,NA,NA,NA,NA,NA,NA,NA,NA,NA,NA,NA
1140524.26602254,1121188.56237539,NA,NA,NA,NA,NA,NA,NA,NA,NA,NA,NA,NA,NA,NA,NA,NA,NA,NA,NA,NA,NA,NA,NA,NA,NA,NA,NA,NA,NA,NA,NA,NA,NA,NA,NA,NA,NA,NA,NA,NA,NA,NA,NA,NA,NA,NA,NA,NA,NA,NA,NA,NA,NA,NA,NA,NA,NA,NA,NA,NA,NA,NA,NA,NA,NA,NA,NA,NA,NA,NA,NA,NA,NA,NA,NA,NA
1148673.49093727,1121188.56237539,NA,NA,NA,NA,NA,NA,NA,NA,NA,NA,NA,NA,NA,NA,NA,NA,NA,NA,NA,NA,NA,NA,NA,NA,NA,NA,NA,NA,NA,NA,NA,NA,NA,NA,NA,NA,NA,NA,NA,NA,NA,NA,NA,NA,NA,NA,NA,NA,NA,NA,NA,NA,NA,NA,NA,NA,NA,NA,NA,NA,NA,NA,NA,NA,NA,NA,NA,NA,NA,NA,NA,NA,NA,NA,NA,NA
1156822.71585201,1121188.56237539,NA,NA,NA,NA,NA,NA,NA,NA,NA,NA,NA,NA,NA,NA,NA,NA,NA,NA,NA,NA,NA,NA,NA,NA,NA,NA,NA,NA,NA,NA,NA,NA,NA,NA,NA,NA,NA,NA,NA,NA,NA,NA,NA,NA,NA,NA,NA,NA,NA,NA,NA,NA,NA,NA,NA,NA,NA,NA,NA,NA,NA,NA,NA,NA,NA,NA,NA,NA,NA,NA,NA,NA,NA,NA,NA,NA
1164971.94076674,1121188.56237539,NA,NA,NA,NA,NA,NA,NA,NA,NA,NA,NA,NA,NA,NA,NA,NA,NA,NA,NA,NA,NA,NA,NA,NA,NA,NA,NA,NA,NA,NA,NA,NA,NA,NA,NA,NA,NA,NA,NA,NA,NA,NA,NA,NA,NA,NA,NA,NA,NA,NA,NA,NA,NA,NA,NA,NA,NA,NA,NA,NA,NA,NA,NA,NA,NA,NA,NA,NA,NA,NA,NA,NA,NA,NA,NA,NA
1173121.16568148,1121188.56237539,NA,NA,NA,NA,NA,NA,NA,NA,NA,NA,NA,NA,NA,NA,NA,NA,NA,NA,NA,NA,NA,NA,NA,NA,NA,NA,NA,NA,NA,NA,NA,NA,NA,NA,NA,NA,NA,NA,NA,NA,NA,NA,NA,NA,NA,NA,NA,NA,NA,NA,NA,NA,NA,NA,NA,NA,NA,NA,NA,NA,NA,NA,NA,NA,NA,NA,NA,NA,NA,NA,NA,NA,NA,NA,NA,NA
1181270.39059621,1121188.56237539,NA,NA,NA,NA,NA,NA,NA,NA,NA,NA,NA,NA,NA,NA,NA,NA,NA,NA,NA,NA,NA,NA,NA,NA,NA,NA,NA,NA,NA,NA,NA,NA,NA,NA,NA,NA,NA,NA,NA,NA,NA,NA,NA,NA,NA,NA,NA,NA,NA,NA,NA,NA,NA,NA,NA,NA,NA,NA,NA,NA,NA,NA,NA,NA,NA,NA,NA,NA,NA,NA,NA,NA,NA,NA,NA,NA
1189419.61551094,1121188.56237539,NA,NA,NA,NA,NA,NA,NA,NA,NA,NA,NA,NA,NA,NA,NA,NA,NA,NA,NA,NA,NA,NA,NA,NA,NA,NA,NA,NA,NA,NA,NA,NA,NA,NA,NA,NA,NA,NA,NA,NA,NA,NA,NA,NA,NA,NA,NA,NA,NA,NA,NA,NA,NA,NA,NA,NA,NA,NA,NA,NA,NA,NA,NA,NA,NA,NA,NA,NA,NA,NA,NA,NA,NA,NA,NA,NA
1197568.84042568,1121188.56237539,NA,NA,NA,NA,NA,NA,NA,NA,NA,NA,NA,NA,NA,NA,NA,NA,NA,NA,NA,NA,NA,NA,NA,NA,NA,NA,NA,NA,NA,NA,NA,NA,NA,NA,NA,NA,NA,NA,NA,NA,NA,NA,NA,NA,NA,NA,NA,NA,NA,NA,NA,NA,NA,NA,NA,NA,NA,NA,NA,NA,NA,NA,NA,NA,NA,NA,NA,NA,NA,NA,NA,NA,NA,NA,NA,NA
1205718.06534041,1121188.56237539,NA,NA,NA,NA,NA,NA,NA,NA,NA,NA,NA,NA,NA,NA,NA,NA,NA,NA,NA,NA,NA,NA,NA,NA,NA,NA,NA,NA,NA,NA,NA,NA,NA,NA,NA,NA,NA,NA,NA,NA,NA,NA,NA,NA,NA,NA,NA,NA,NA,NA,NA,NA,NA,NA,NA,NA,NA,NA,NA,NA,NA,NA,NA,NA,NA,NA,NA,NA,NA,NA,NA,NA,NA,NA,NA,NA
1213867.29025514,1121188.56237539,NA,NA,NA,NA,NA,NA,NA,NA,NA,NA,NA,NA,NA,NA,NA,NA,NA,NA,NA,NA,NA,NA,NA,NA,NA,NA,NA,NA,NA,NA,NA,NA,NA,NA,NA,NA,NA,NA,NA,NA,NA,NA,NA,NA,NA,NA,NA,NA,NA,NA,NA,NA,NA,NA,NA,NA,NA,NA,NA,NA,NA,NA,NA,NA,NA,NA,NA,NA,NA,NA,NA,NA,NA,NA,NA,NA
1222016.51516988,1121188.56237539,NA,NA,NA,NA,NA,NA,NA,NA,NA,NA,NA,NA,NA,NA,NA,NA,NA,NA,NA,NA,NA,NA,NA,NA,NA,NA,NA,NA,NA,NA,NA,NA,NA,NA,NA,NA,NA,NA,NA,NA,NA,NA,NA,NA,NA,NA,NA,NA,NA,NA,NA,NA,NA,NA,NA,NA,NA,NA,NA,NA,NA,NA,NA,NA,NA,NA,NA,NA,NA,NA,NA,NA,NA,NA,NA,NA
879749.068751066,1113039.33746066,NA,NA,NA,NA,NA,NA,NA,NA,NA,NA,NA,NA,NA,NA,NA,NA,NA,NA,NA,NA,NA,NA,NA,NA,NA,NA,NA,NA,NA,NA,NA,NA,NA,NA,NA,NA,NA,NA,NA,NA,NA,NA,NA,NA,NA,NA,NA,NA,NA,NA,NA,NA,NA,NA,NA,NA,NA,NA,NA,NA,NA,NA,NA,NA,NA,NA,NA,NA,NA,NA,NA,NA,NA,NA,NA,NA
887898.2936658,1113039.33746066,NA,NA,NA,NA,NA,NA,NA,NA,NA,NA,NA,NA,NA,NA,NA,NA,NA,NA,NA,NA,NA,NA,NA,NA,NA,NA,NA,NA,NA,NA,NA,NA,NA,NA,NA,NA,NA,NA,NA,NA,NA,NA,NA,NA,NA,NA,NA,NA,NA,NA,NA,NA,NA,NA,NA,NA,NA,NA,NA,NA,NA,NA,NA,NA,NA,NA,NA,NA,NA,NA,NA,NA,NA,NA,NA,NA
896047.518580533,1113039.33746066,NA,NA,NA,NA,NA,NA,NA,NA,NA,NA,NA,NA,NA,NA,NA,NA,NA,NA,NA,NA,NA,NA,NA,NA,NA,NA,NA,NA,NA,NA,NA,NA,NA,NA,NA,NA,NA,NA,NA,NA,NA,NA,NA,NA,NA,NA,NA,NA,NA,NA,NA,NA,NA,NA,NA,NA,NA,NA,NA,NA,NA,NA,NA,NA,NA,NA,NA,NA,NA,NA,NA,NA,NA,NA,NA,NA
904196.743495267,1113039.33746066,NA,NA,NA,NA,NA,NA,NA,NA,NA,NA,NA,NA,NA,NA,NA,NA,NA,NA,NA,NA,NA,NA,NA,NA,NA,NA,NA,NA,NA,NA,NA,NA,NA,NA,NA,NA,NA,NA,NA,NA,NA,NA,NA,NA,NA,NA,NA,NA,NA,NA,NA,NA,NA,NA,NA,NA,NA,NA,NA,NA,NA,NA,NA,NA,NA,NA,NA,NA,NA,NA,NA,NA,NA,NA,NA,NA
912345.96841,1113039.33746066,NA,NA,NA,NA,NA,NA,NA,NA,NA,NA,NA,NA,NA,NA,NA,NA,NA,NA,NA,NA,NA,NA,NA,NA,NA,NA,NA,NA,NA,NA,NA,NA,NA,NA,NA,NA,NA,NA,NA,NA,NA,NA,NA,NA,NA,NA,NA,NA,NA,NA,NA,NA,NA,NA,NA,NA,NA,NA,NA,NA,NA,NA,NA,NA,NA,NA,NA,NA,NA,NA,NA,NA,NA,NA,NA,NA
920495.193324734,1113039.33746066,NA,NA,NA,NA,NA,NA,NA,NA,NA,NA,NA,NA,NA,NA,NA,NA,NA,NA,NA,NA,NA,NA,NA,NA,NA,NA,NA,NA,NA,NA,NA,NA,NA,NA,NA,NA,NA,NA,NA,NA,NA,NA,NA,NA,NA,NA,NA,NA,NA,NA,NA,NA,NA,NA,NA,NA,NA,NA,NA,NA,NA,NA,NA,NA,NA,NA,NA,NA,NA,NA,NA,NA,NA,NA,NA,NA
928644.418239468,1113039.33746066,NA,NA,NA,NA,NA,NA,NA,NA,NA,NA,NA,NA,NA,NA,NA,NA,NA,NA,NA,NA,NA,NA,NA,NA,NA,NA,NA,NA,NA,NA,NA,NA,NA,NA,NA,NA,NA,NA,NA,NA,NA,NA,NA,NA,NA,NA,NA,NA,NA,NA,NA,NA,NA,NA,NA,NA,NA,NA,NA,NA,NA,NA,NA,NA,NA,NA,NA,NA,NA,NA,NA,NA,NA,NA,NA,NA
936793.643154201,1113039.33746066,NA,NA,NA,NA,NA,NA,NA,NA,NA,NA,NA,NA,NA,NA,NA,NA,NA,NA,NA,NA,NA,NA,NA,NA,NA,NA,NA,NA,NA,NA,NA,NA,NA,NA,NA,NA,NA,NA,NA,NA,NA,NA,NA,NA,NA,NA,NA,NA,NA,NA,NA,NA,NA,NA,NA,NA,NA,NA,NA,NA,NA,NA,NA,NA,NA,NA,NA,NA,NA,NA,NA,NA,NA,NA,NA,NA
944942.868068935,1113039.33746066,NA,NA,NA,NA,NA,NA,NA,NA,NA,NA,NA,NA,NA,NA,NA,NA,NA,NA,NA,NA,NA,NA,NA,NA,NA,NA,NA,NA,NA,NA,NA,NA,NA,NA,NA,NA,NA,NA,NA,NA,NA,NA,NA,NA,NA,NA,NA,NA,NA,NA,NA,NA,NA,NA,NA,NA,NA,NA,NA,NA,NA,NA,NA,NA,NA,NA,NA,NA,NA,NA,NA,NA,NA,NA,NA,NA
953092.092983668,1113039.33746066,NA,NA,NA,NA,NA,NA,NA,NA,NA,NA,NA,NA,NA,NA,NA,NA,NA,NA,NA,NA,NA,NA,NA,NA,NA,NA,NA,NA,NA,NA,NA,NA,NA,NA,NA,NA,NA,NA,NA,NA,NA,NA,NA,NA,NA,NA,NA,NA,NA,NA,NA,NA,NA,NA,NA,NA,NA,NA,NA,NA,NA,NA,NA,NA,NA,NA,NA,NA,NA,NA,NA,NA,NA,NA,NA,NA
961241.317898402,1113039.33746066,NA,NA,NA,NA,NA,NA,NA,NA,NA,NA,NA,NA,NA,NA,NA,NA,NA,NA,NA,NA,NA,NA,NA,NA,NA,NA,NA,NA,NA,NA,NA,NA,NA,NA,NA,NA,NA,NA,NA,NA,NA,NA,NA,NA,NA,NA,NA,NA,NA,NA,NA,NA,NA,NA,NA,NA,NA,NA,NA,NA,NA,NA,NA,NA,NA,NA,NA,NA,NA,NA,NA,NA,NA,NA,NA,NA
969390.542813136,1113039.33746066,NA,NA,NA,NA,NA,NA,NA,NA,NA,NA,NA,NA,NA,NA,NA,NA,NA,NA,NA,NA,NA,NA,NA,NA,NA,NA,NA,NA,NA,NA,NA,NA,NA,NA,NA,NA,NA,NA,NA,NA,NA,NA,NA,NA,NA,NA,NA,NA,NA,NA,NA,NA,NA,NA,NA,NA,NA,NA,NA,NA,NA,NA,NA,NA,NA,NA,NA,NA,NA,NA,NA,NA,NA,NA,NA,NA
977539.767727869,1113039.33746066,NA,NA,NA,NA,NA,NA,NA,NA,NA,NA,NA,NA,NA,NA,NA,NA,NA,NA,NA,NA,NA,NA,NA,NA,NA,NA,NA,NA,NA,NA,NA,NA,NA,NA,NA,NA,NA,NA,NA,NA,NA,NA,NA,NA,NA,NA,NA,NA,NA,NA,NA,NA,NA,NA,NA,NA,NA,NA,NA,NA,NA,NA,NA,NA,NA,NA,NA,NA,NA,NA,NA,NA,NA,NA,NA,NA
985688.992642603,1113039.33746066,-3.20159384531938,-1.23322063690978,0.734184018176669,-0.4198561758775,-1.13868142964948,-0.64826645049507,-0.174351937025643,-1.81305244415312,0.685907761773793,0.881467998211037,-1.27256805090682,0.26859430208978,1.71276884713143,-0.962465699499614,0.0814407013029893,0.673627340122367,0.639285372567728,0.640666997370633,1.44271089489565,-1.37551431733072,-0.275101007631334,0.597450521034207,-0.0767045180211644,0.960026286046962,1.06055091117427,-0.0485360302008023,1.45104393066096,-0.297771834024793,-1.78981729091586,-1.20628632603879,-0.605532019261549,-0.847715286128264,2.06144414697338,-0.359474890393401,-0.0820362227726993,-1.08961124150714,0.824035080310424,0.452250423544631,0.562150866517067,1.14172765380067,0.742995717078216,-0.983728764119091,0.449621650000693,-1.50464146138678,1.37470981314786,-1.39348392517552,1.08243773247379,0.797090602902777,-0.292942496441938,-0.19687812146199,-0.310182882805005,-0.494659862570972,-0.237349695752809,1.11883849637534,0.403182226251369,0.0588593067002219,0.0477296105756166,0.70444389876068,-0.128669236988761,0.224451713320069,0.114035632333338,1.01209361795587,1.6494471266131,-1.24544123161907,-0.253110179356112,1.33824477804034,-1.11924337026887,0.0499584789782915,0.422480598865629,0.42782545109128,1.64623701193333,0.327651104491969,0.31047447910832,-2.29876348316162,-1.25375034018316,-0.832378506245232
993838.217557336,1113039.33746066,-3.22479884867685,-1.23869177151269,0.754216898536833,-0.406363717572712,-1.16387410219934,-0.643115851803124,-0.155641010276222,-1.78608854807603,0.652572798602184,0.954876779037917,-1.26518664941722,0.240289687424938,1.62685007796014,-0.971977641828498,0.143500093803816,0.737699487806104,0.671009382741632,0.641957049470994,1.38362071374622,-1.34583099806826,-0.305715121092678,0.569766260414437,-0.0947483507756073,0.92993751987292,1.05547865287377,-0.059291694802374,1.40598714111828,-0.294019568053294,-1.7699437314008,-1.16627900243779,-0.571950346013389,-0.843163975350276,2.09521018705622,-0.350649453415908,-0.0689978304586771,-1.06773770791587,0.820315169520953,0.476909293435163,0.545221765810812,1.05867115356347,0.744961919409672,-0.994817255893566,0.442184517337973,-1.55842721939044,1.43663798171302,-1.40779635453041,1.01808215689935,0.83015216953251,-0.323699768397966,-0.130543079567903,-0.300052784971062,-0.517087263685715,-0.254613683694372,1.14933676096155,0.426403891117306,0.104021159736064,0.0292982433533487,0.695098678927201,-0.152200552627214,0.233365143658472,0.0670162166966913,1.0400553265536,1.69862522756382,-1.18960685318664,-0.242012026791002,1.34100989591362,-1.16888017144417,0.00859207382057135,0.443031677586217,0.395148042531136,1.6523817090482,0.33522170655262,0.352283619103679,-2.3211765138194,-1.27292161498992,-0.891550124743154
1001987.44247207,1113039.33746066,-3.24038608727506,-1.23337775230065,0.798306934876194,-0.376785117138529,-1.16609482621751,-0.648101607609201,-0.153421347313693,-1.77094020938465,0.60809232891524,0.984208962133252,-1.24737481375786,0.233379612072482,1.54300297116271,-0.99822499599295,0.196505295825059,0.788425677917693,0.686396493991395,0.691538751517839,1.33147825141225,-1.30895116230793,-0.349447980637997,0.553875724791389,-0.117397510009603,0.89176800868885,1.04208143701652,-0.0579433353960567,1.36492962355588,-0.309159582095873,-1.7642041163309,-1.14557078503655,-0.577841603594266,-0.871172776874311,2.10114213083976,-0.338755537635381,-0.00573847616900674,-1.06050978307638,0.807049922430254,0.483841454748295,0.553396673069974,1.00253661152322,0.752487874649172,-1.01194526979736,0.44786415582741,-1.58977818302469,1.49864450589438,-1.41082553381454,0.976858682176025,0.856519737648813,-0.327388513328155,-0.0635045791430776,-0.310417038545214,-0.554150694700373,-0.288217728432682,1.13651277905245,0.452207526771287,0.152239101221672,0.0301189081411227,0.71592800068563,-0.170304109687485,0.237660895916142,0.0456918044189164,1.06248771162495,1.73595629476563,-1.17219115963971,-0.295895575286436,1.32803030947873,-1.19072918287089,0.00168054315558971,0.467071520349346,0.377694282115574,1.64278619649622,0.369189412506723,0.407088564678108,-2.31557583750162,-1.29826077844487,-0.953259891507064
1010136.6673868,1113039.33746066,-3.24768812423235,-1.22234647034419,0.849876052628605,-0.342002249317016,-1.15395169610176,-0.657400075987007,-0.161278540237417,-1.76488465380399,0.562544466192822,0.983060617622835,-1.22493665722043,0.241261191554571,1.47428215060472,-1.02973425051017,0.235642335700569,0.824775652428083,0.690342362729473,0.761233766886752,1.29169003705516,-1.27280538405947,-0.394878354842415,0.548551393708463,-0.137381081175765,0.855331516468639,1.02593528532429,-0.0486759377951227,1.33259709615297,-0.332023016787705,-1.76743654053302,-1.13758952253257,-0.605501838979333,-0.915262542284916,2.09127721627869,-0.326918594171914,0.0772412697432227,-1.06216391297328,0.78958524420865,0.479808387443821,0.574753394683218,0.972684172946379,0.762575877146958,-1.02899058370262,0.460715023123871,-1.60272307760647,1.55150422809663,-1.40676264731666,0.956276058858465,0.874972965845439,-0.314231839459041,-0.0050252534379501,-0.331650748956865,-0.59406784011443,-0.32727191027366,1.10070563767364,0.475495882963793,0.194819327634854,0.0419594239169365,0.751917632907939,-0.18236134508812,0.239821324481359,0.0423488150237542,1.07999234230018,1.7603773593839,-1.17875500544447,-0.381407633883705,1.30827031137766,-1.19239862482035,0.0163600927743067,0.488841424886959,0.371910583066222,1.61816540899845,0.404064790687654,0.456619141877805,-2.29033160823402,-1.32428627922649,-1.01708409665162
1018285.89230154,1113039.33746066,-3.25005663050194,-1.21006909173794,0.899974759359392,-0.306869932620975,-1.13927229883173,-0.665792363665385,-0.165838491219862,-1.75669721008965,0.518186450186901,0.983413911612138,-1.20020619214084,0.24978157904548,1.40503169917193,-1.06003657806481,0.275413930541985,0.860504975312429,0.696270287683227,0.828801645619718,1.25268039569481,-1.23517175131149,-0.436900546717025,0.542762091332982,-0.157425029187465,0.820164590579573,1.01021462780399,-0.0394190199528865,1.30026339724275,-0.353893554755809,-1.7684430926083,-1.12921623085819,-0.632093721152728,-0.958755307706569,2.08038608030136,-0.314104799340469,0.156878213305243,-1.06234932255967,0.773176258371729,0.476431793616674,0.597281598759345,0.942689403976674,0.772395430164951,-1.04494773445373,0.474174655121517,-1.61363636203917,1.6012331719226,-1.39905426415428,0.936472586449211,0.8930701503039,-0.298268228130319,0.0501449127142865,-0.350413759204263,-0.632599733074204,-0.365839026426902,1.06547716237833,0.498057206333787,0.23725460015576,0.0551502790590953,0.785685265778705,-0.192300205629959,0.241820697694378,0.0398253921229669,1.09654195805068,1.78387810615506,-1.18557401104672,-0.466936592246551,1.28841070142674,-1.1900092690965,0.032893345880214,0.510592307262815,0.366998127635384,1.57913356002031,0.422959739879773,0.500395028369033,-2.26284869732666,-1.35187203307847,-1.09013841655379
1026435.11721627,1113039.33746066,-3.24503542828251,-1.21040105980538,0.940128756505884,-0.278302480179276,-1.11080122490249,-0.681216879016352,-0.124852488273254,-1.74041069875957,0.477823411613608,1.01484345390185,-1.16592731182274,0.247692088757296,1.33621262053617,-1.0916928023301,0.326210142217907,0.902513369513148,0.73322797714887,0.878525311701311,1.21718399609466,-1.19148700335735,-0.433622152410839,0.513728109862213,-0.201974491351431,0.799913848908389,0.998951226966081,-0.0407573576732275,1.27270645072996,-0.377980870964292,-1.7716261630009,-1.13684363125114,-0.660744315567909,-1.01185927148318,2.07340696611109,-0.304526322340425,0.195434370829367,-1.05628881473619,0.766722845900745,0.471667048652527,0.633436303539016,0.899628143530643,0.770227850139975,-1.06097650733529,0.485261888756199,-1.63207091563702,1.6243485824406,-1.36990562391728,0.919763674908315,0.905999424192765,-0.259624306494083,0.0585976696123923,-0.348175639761933,-0.669813023245762,-0.408083727715584,1.05307686186731,0.507103634686999,0.280908265165367,0.0739121322883164,0.789480303371562,-0.188708509400505,0.231231292219837,0.0240401468259295,1.10463950936289,1.80232223808427,-1.22737796015295,-0.53816030498122,1.26321755454602,-1.1587729814844,0.0594116475657889,0.523745416660778,0.363180038783307,1.56335004147201,0.428924089526928,0.525553144855501,-2.22573044490426,-1.36986449855738,-1.15447304921915
1034584.342131,1113039.33746066,-3.23381805001396,-1.22116502609244,0.96606690997778,-0.258882827269179,-1.07194121148964,-0.701537845709929,-0.0484973032935906,-1.72063996449525,0.447451248852733,1.06967695694578,-1.12729461750103,0.238103921984346,1.27508663481084,-1.1214626309797,0.380761589612085,0.942543225356206,0.79148511409625,0.907363987387575,1.1909378949773,-1.14852259577073,-0.390556248652278,0.467257399191465,-0.263823210528679,0.796611682915083,0.992783230956968,-0.0520938445375798,1.2510287951058,-0.402507943511326,-1.7760421392628,-1.15962181473212,-0.686584528160638,-1.06734962351195,2.0670978775096,-0.297702747342187,0.196275086499736,-1.04644463703812,0.770495566132885,0.466757777010184,0.677911888930505,0.84936311477555,0.757736079068909,-1.07559219512119,0.494114346175473,-1.65445414541054,1.61937239095185,-1.32468651683048,0.909010915763062,0.911864824224309,-0.206068974536832,0.0229391225594485,-0.326427503685291,-0.700595096126164,-0.448397105851226,1.05988105506501,0.50266264202954,0.321488737837119,0.0961526240118406,0.76460060615417,-0.172587700573603,0.208678728986004,-0.00160962103276064,1.10337144701296,1.81449978257943,-1.29545226863766,-0.588105064043127,1.23716886375986,-1.10578291289024,0.0923964814090124,0.528291869893756,0.360305461683038,1.57237734299567,0.425572804271246,0.530814737312126,-2.18411255408826,-1.37595625767175,-1.20146526815327
1042733.56704574,1113039.33746066,-3.21616333181589,-1.23468151683203,0.987518121598653,-0.240966093758227,-1.02724113704909,-0.721859824313528,0.0415118103539318,-1.69655408618571,0.418889595442861,1.13345615969278,-1.08471834184287,0.224359301436076,1.21398320994387,-1.14971040228119,0.438152709299754,0.982987440302083,0.859004322342033,0.929398484807402,1.16570340640984,-1.10297318032698,-0.331355095710294,0.41204245253425,-0.333231426991543,0.79846645810183,0.988013301737956,-0.0659395586880776,1.22978938020451,-0.427176500955049,-1.77825460631325,-1.18742046991285,-0.712129196320691,-1.12441742945638,2.05988459851365,-0.291231233033314,0.184993586215745,-1.03259010653049,0.776506668490692,0.460721671220036,0.726097590653829,0.793851907649118,0.73980437451091,-1.08790270392347,0.500652411497598,-1.67625170440878,1.60253978607203,-1.27192465769226,0.898964447176029,0.914186079288765,-0.146409323464339,-0.0301678207961595,-0.295683152481613,-0.729557847749078,-0.488543825361741,1.07381136225807,0.494245953630475,0.36220385367233,0.119386729290964,0.726472833418834,-0.151926133221212,0.181081251961274,-0.033084465247794,1.09903674578576,1.82260042165485,-1.37356742220906,-0.630830919219093,1.20959056910813,-1.04319040921363,0.128461102518869,0.528088551291481,0.356780920743813,1.5901558822586,0.419707647904179,0.523724357341741,-2.13890578413132,-1.37324988064143,-1.24779528596333
1050882.79196047,1113039.33746066,-3.18472369787571,-1.24812707107177,1.0111483450657,-0.217806753506811,-0.976011758108814,-0.740332137113116,0.135505544179637,-1.66754577854993,0.386945984515313,1.20074276669931,-1.03368161779421,0.212159279808271,1.14164010898848,-1.17661665485881,0.498671568734716,1.02846927507365,0.92955782750306,0.9514666002548,1.13413766734479,-1.05085664348468,-0.26495155297116,0.351767613848941,-0.405501938959742,0.801180822592115,0.982225130047721,-0.0791263293317026,1.20129155334075,-0.454056294486151,-1.77565620391752,-1.21083312559237,-0.734755194380827,-1.19246755547311,2.04939984741676,-0.287816060711385,0.18037593054485,-1.01480951490693,0.778610958667098,0.456702379419555,0.776125698217495,0.729885062267288,0.718446500676717,-1.09780638360335,0.506250830685803,-1.69293853223597,1.58333914894549,-1.21628282924447,0.884004636653542,0.91918409874636,-0.086895628368889,-0.0814773463809352,-0.259916130945733,-0.757402770069449,-0.532439039272731,1.08987030279438,0.485821799863606,0.409018315711473,0.139978442173869,0.691361172279028,-0.130965053432553,0.155704207886043,-0.0693717251376132,1.09476202433445,1.83040849433601,-1.45468008064573,-0.66863456738033,1.17757265761041,-0.975107932166501,0.164864665707985,0.525286447777508,0.349018671615426,1.60845518261492,0.419716842293769,0.491375806895381,-2.09238040913917,-1.35578017760427,-1.33152745579001
1059032.01687521,1113039.33746066,-3.13702488090293,-1.2672914351505,1.03593162511647,-0.188538340831579,-0.939327778430761,-0.74092452016707,0.184054057654747,-1.64841642453181,0.360299789588378,1.24437896067005,-0.985641793364695,0.211291280615151,1.07779968310599,-1.18957030590909,0.535555000227825,1.07255272987413,0.972121122987406,0.964483138201848,1.09836546084429,-1.0108157665454,-0.210850314515798,0.31241068694495,-0.435411442666168,0.805797382657093,0.98123181705831,-0.0784141782864733,1.16067360383598,-0.48150294845547,-1.7683785908896,-1.21000874899239,-0.738808279119508,-1.27959932359655,2.04403163508773,-0.309474184277283,0.221748740925785,-0.997809857064738,0.755334472770788,0.461603865826465,0.80203772784154,0.675407609776202,0.69427339678397,-1.09807106861891,0.495974881321341,-1.68532279281485,1.57538565410331,-1.19915471858383,0.855331407555622,0.935094925212624,-0.0790729356050514,-0.0856431256691784,-0.226724176023541,-0.772513093680063,-0.568901712706282,1.1106197764436,0.489366721381522,0.456407879044308,0.12200010457731,0.697735413178622,-0.132748835313733,0.157669333134205,-0.115185598821316,1.10497493514657,1.84076830995198,-1.49200938260523,-0.660348460189987,1.15677941034898,-0.938634582002406,0.172087326280703,0.503348501021958,0.317829155962236,1.6196063097816,0.423071311778735,0.478580515048559,-2.05778859730226,-1.34750598130189,-1.41086052958379
1067181.24178994,1113039.33746066,-3.08433072915159,-1.28982551748506,1.05798277555154,-0.15877733496383,-0.921377050890127,-0.728060076736748,0.186621855429598,-1.64190697535828,0.343284638109347,1.26202818395895,-0.9480126608441,0.221612120703916,1.03045220353397,-1.1894476652784,0.546142561817977,1.10921681965467,0.984034056622175,0.967081030246288,1.06464889976082,-0.987789195241468,-0.175132724688829,0.297853446739236,-0.424154818032533,0.812297674772176,0.984909122535538,-0.0670877612513095,1.1148663947105,-0.505887266961946,-1.75994917095727,-1.18813361394735,-0.725370059491738,-1.37398336938693,2.04464855975701,-0.351641846834975,0.294396470625418,-0.985792040289279,0.713520226485306,0.474668404897308,0.802814662953456,0.637247569800995,0.671727304652545,-1.09186027281769,0.474369297904823,-1.65987740002683,1.57995193522222,-1.2188949902087,0.818679924238517,0.959894564882608,-0.11770845362165,-0.047045975670249,-0.201998684800077,-0.773843753809264,-0.594422024000702,1.13281423113353,0.501970615931209,0.497311439268378,0.0718853238174495,0.74235934356247,-0.154486067642679,0.183795591069891,-0.162245110491637,1.12548553897272,1.85321339858838,-1.48667750429772,-0.611903024784485,1.14831316260317,-0.935168354491443,0.151913566384784,0.468765014016287,0.27027583904859,1.62124340349019,0.426215085701604,0.492605519292854,-2.03907740907205,-1.34208191916678,-1.46861086829523
1075330.46670467,1113039.33746066,-3.02835746757402,-1.31279033107255,1.08011888664285,-0.127352597469085,-0.902450799587697,-0.713701667138763,0.188191972728123,-1.63423835723121,0.325328189984696,1.27906135789454,-0.908447300803464,0.232411812843535,0.980191399037756,-1.18837594425016,0.556141702138553,1.14662692843193,0.995569781575613,0.969297111283546,1.02850247624356,-0.963712337921566,-0.138446963523069,0.283365218889778,-0.411169472147807,0.818539008596705,0.988476639813773,-0.0549236662536618,1.06563899655746,-0.531008479607151,-1.75012215829915,-1.16448220519687,-0.710793559833812,-1.47481253589966,2.04451129521134,-0.396436483256782,0.369262847525208,-0.973002895380273,0.668404633718097,0.488066468453062,0.802394819428809,0.597200618319444,0.648037096129816,-1.08458075314245,0.450740725349072,-1.63244929877779,1.58433481322032,-1.23996435424994,0.779143741512772,0.985407981797021,-0.159644128417529,-0.00615474886788752,-0.176533777605889,-0.774129701293272,-0.620545963585687,1.15540376729756,0.514904969385042,0.538771200066215,0.0180797122690114,0.78862149958604,-0.177812876903427,0.211342398686791,-0.212108720654807,1.1464354342295,1.864611939666,-1.47874736178098,-0.560745646672526,1.13885176540117,-0.931081031555378,0.130035474831665,0.431755466344868,0.219587182128659,1.61488907491502,0.422521391330604,0.516165200624205,-2.01912075643108,-1.31598848971165,-1.52125719058807
1083479.69161941,1113039.33746066,-2.96709709777607,-1.33242450969881,1.09083497179845,-0.094129476555748,-0.875499740051342,-0.700104437898618,0.183073507403284,-1.62013162823885,0.301030639321542,1.28385041863425,-0.865574944491593,0.253875659214583,0.93195887181065,-1.17831450998381,0.563481376529992,1.17295267261576,1.00480215220632,0.971786956153525,1.00260808541669,-0.959610456888743,-0.109788901547685,0.290226549510145,-0.390395438658683,0.835670017088602,0.995328951527001,-0.046414674932835,1.01763606217015,-0.567946802021631,-1.74459479472718,-1.14046269768277,-0.699073858284285,-1.59805818976552,2.03965001973756,-0.441473690692321,0.438247821892843,-0.97201755305608,0.641150913186615,0.4977573306479,0.798797382184674,0.572195280644487,0.646213716802974,-1.07195417870084,0.423128125010295,-1.62462605098114,1.58593925995229,-1.26419691460679,0.731835988255615,1.00935253980967,-0.214452737973433,0.0458410042413195,-0.161223726406336,-0.763032493970781,-0.646505216486966,1.16950060293381,0.515330755063052,0.57187725624373,-0.0293624869707368,0.82711663628313,-0.193783377051853,0.243689188686783,-0.266618999831538,1.16823740249272,1.86855444934471,-1.4692398249298,-0.511622012019817,1.11800472692591,-0.923925089073808,0.111702589784069,0.407373351766021,0.174820622507673,1.6112155426311,0.414772071747395,0.551767186595064,-1.99527886122368,-1.2935462713263,-1.54537462459827
1091628.91653414,1113039.33746066,-2.91649563065344,-1.34389492311716,1.0824491544295,-0.0664282996270042,-0.844037133489597,-0.691581391436899,0.17041596119139,-1.60230129314655,0.27099435140425,1.2695567583428,-0.829328014671398,0.28376241918652,0.90197809817553,-1.15981439916576,0.565326745833441,1.17600633391348,1.0104072379806,0.9727239728298,0.999645208784761,-0.98813570398592,-0.101680580316276,0.326841184917988,-0.364044133002931,0.865787138090586,1.00554405069223,-0.0447676323628467,0.986580667777273,-0.612054917029214,-1.74715686758272,-1.12302811043814,-0.696038534937753,-1.72139328160692,2.03007903183953,-0.476429587740524,0.481770214487923,-0.9902997292736,0.650378159434282,0.500514697170245,0.793326601389746,0.577604795941072,0.676252819638873,-1.05519095676594,0.398673833923714,-1.64878203083286,1.58390209248997,-1.28455974575637,0.687210991047793,1.02486901289184,-0.271433469101027,0.100625941544703,-0.166239677875441,-0.738867149484887,-0.66688538496749,1.16799640258163,0.496583406811642,0.58374105948659,-0.0539111829794414,0.84310236567309,-0.194880106330958,0.27439772821389,-0.312362244407216,1.18567473658732,1.86256669190037,-1.4620368231906,-0.480801547719189,1.08755235691119,-0.914074449676806,0.104825129649311,0.409931002788593,0.151823412475015,1.6157471387993,0.404797614825988,0.591239582048902,-1.97380522894614,-1.29252685014202,-1.52499955421319
1099778.14144887,1113039.33746066,-2.87520686657831,-1.34880626218709,1.06108195673703,-0.0441749668033772,-0.811312577221445,-0.6863441472961,0.152917712471768,-1.5825774508061,0.238856560036262,1.24156921269374,-0.79903269822005,0.318213426187759,0.886448201954661,-1.13572544865873,0.564019257690527,1.16276495773346,1.013054968388,0.972207825575654,1.01303670281336,-1.03918494058086,-0.108109859000741,0.382571877780005,-0.334812635023853,0.903569854314117,1.01778720602833,-0.0477497100729986,0.969699788812694,-0.659836949717953,-1.75542286454919,-1.11070424717629,-0.698895689645589,-1.8403057861782,2.01755633894161,-0.501867840628412,0.505993479971927,-1.02112545280498,0.685845695854297,0.498087761686274,0.786390999789749,0.6051582136052,0.727591606238439,-1.03579741868402,0.378033020171688,-1.69448928121241,1.57898632741031,-1.30143339642193,0.646940069861417,1.03374711409614,-0.327838816032496,0.155003681259016,-0.185281623007691,-0.706428818563626,-0.682316071099954,1.15587544862219,0.465324691628487,0.580740879286886,-0.0601560772768488,0.842847312611548,-0.18540000315375,0.302867178415883,-0.349466094563478,1.19917155508463,1.85039131552176,-1.45596192375211,-0.463084741178412,1.05143052781373,-0.90271942353739,0.106608885022352,0.431110847407685,0.145846477227342,1.6244562181291,0.390643754280612,0.62730093857073,-1.95576147423448,-1.30782061192714,-1.4801288940158
1107927.36636361,1113039.33746066,-2.82693009610428,-1.350504314969,1.03969167794836,-0.0191092308816899,-0.774710110941628,-0.679129620767949,0.135172072364921,-1.558212313601,0.205792173059604,1.21317377294092,-0.765616492688049,0.354140970947125,0.870175459890714,-1.10766986394481,0.562970946715399,1.14937320029677,1.0165990389029,0.973571150916003,1.02793323396675,-1.09110662333323,-0.113830839273047,0.440794424410611,-0.302644214460456,0.942327397571309,1.03111089931185,-0.0495226727953882,0.951706413894553,-0.708381541496864,-1.76003676085704,-1.09568957053597,-0.699140006588851,-1.96785942888353,2.00434234306173,-0.527097037187164,0.531376972861621,-1.05159417521249,0.722140636390621,0.496206319275238,0.78046740068679,0.633586046718891,0.780853332138501,-1.01421386895718,0.356251587711415,-1.74120369080768,1.57468906028096,-1.31713726851659,0.60463395438556,1.04370934566896,-0.385089819584027,0.212067889185738,-0.203438278202036,-0.670886717520041,-0.696720884742613,1.14380214165193,0.432908466450234,0.578425847748933,-0.0662750351742747,0.843262533915861,-0.173376775031327,0.332330552253145,-0.386950671205989,1.21374654176999,1.83630914726696,-1.44784720077253,-0.443369326287253,1.0136635661238,-0.88873759202421,0.109235449309759,0.455844699023062,0.141243574736702,1.6237170681474,0.357915997688071,0.644072042961858,-1.93783003179023,-1.32616793519587,-1.4605179430788
1116076.59127834,1113039.33746066,-2.76801729563311,-1.33557954270644,1.03800698762156,0.00852661552907164,-0.742212327047792,-0.672653471573418,0.112690981534488,-1.51786663184815,0.179335984524237,1.19992515445936,-0.739672494860878,0.371720976327731,0.846780077179138,-1.07489788583341,0.560551946645006,1.14648629338862,1.02081527020548,0.99818301347391,1.04253847999814,-1.12384053220194,-0.127458708301016,0.480185592355339,-0.267009557109791,0.961853338225703,1.04869910567807,-0.0452220690506415,0.923770381507997,-0.754190672414155,-1.73621470265447,-1.08052880856092,-0.68456733311793,-2.06705998334714,1.99871483197343,-0.555996496432132,0.550975674322162,-1.07394656499527,0.732972346967991,0.485771105986599,0.782717303451732,0.644036598910312,0.817111420756781,-1.00799633100099,0.324563812998034,-1.78249289062264,1.58269226308416,-1.33918266474791,0.56817826298525,1.05959364929957,-0.419838080456109,0.258381850650549,-0.210267805432378,-0.638750590901614,-0.712012247070066,1.14411406104095,0.406853680475798,0.585564635544078,-0.0853630833743248,0.852122638319007,-0.15488503192918,0.336794337526108,-0.408217555523363,1.229096507811,1.81421818952044,-1.45475827721202,-0.424993937464929,0.983876534548118,-0.878514512378567,0.1053973807178,0.501502257372121,0.144976557900598,1.59789394923401,0.298053484809419,0.641122159144097,-1.91667256736871,-1.34510949126486,-1.46452205097882
1124225.81619307,1113039.33746066,-2.71037510417137,-1.30646312525736,1.05942806449313,0.0337760681151844,-0.72247769936148,-0.671459054394759,0.0880085477481926,-1.46853503745316,0.164924274425104,1.21000922671307,-0.729282148949545,0.363871515611948,0.819442140776645,-1.04561007380491,0.554943276645059,1.15671694624263,1.0253855622849,1.04647862455289,1.05400367037688,-1.12731742093706,-0.148740470973357,0.488073146529217,-0.235883400901615,0.953598458194679,1.06763191421778,-0.0373881882993864,0.88776731374111,-0.786864977102511,-1.68464403323208,-1.07073353870806,-0.658745745934762,-2.10982134042548,2.00453427607207,-0.586688495421094,0.558213217034954,-1.08434911024269,0.707207895951322,0.465616161220121,0.793548919758519,0.627917071792576,0.82502016879907,-1.02360586134271,0.28467603487455,-1.81161075532083,1.60552020605551,-1.3654565180849,0.544680556515789,1.07895979276804,-0.420949302681125,0.280601102008181,-0.203161329903765,-0.619198150441671,-0.725414093728043,1.15847870644953,0.393394933444781,0.601537280993839,-0.118581026717923,0.869012918255018,-0.133896730916214,0.309420476932268,-0.407071566683086,1.24279964520285,1.78506426032054,-1.48239321388483,-0.413764949300786,0.970249777315969,-0.876467079871552,0.0933323173238459,0.562133207122917,0.155928134021391,1.55674123038794,0.238549935656277,0.633795493208207,-1.88914965587862,-1.35337365224785,-1.47515816642367
1132375.04110781,1113039.33746066,-2.65746051086937,-1.27808875604603,1.08127304007653,0.0557691238161542,-0.707689576298927,-0.673158513144425,0.0607361398666744,-1.42169604892323,0.150743322829944,1.22088651107084,-0.723356038783743,0.350328997485082,0.789792097702161,-1.0196770428156,0.547211052349029,1.16644712321133,1.0276592612849,1.09503255855775,1.06363823092554,-1.12992580412302,-0.173905354786433,0.488404686757694,-0.208212049564616,0.939385729086616,1.08438100297894,-0.0315064586316822,0.849106150857687,-0.819481800581578,-1.63294581296244,-1.06471777964422,-0.634409609009422,-2.14594692163916,2.00974339398384,-0.619891655500231,0.561626626235665,-1.09568127904418,0.674354503560626,0.441952993082284,0.803460881869573,0.606536368422236,0.827171490472282,-1.04466866143606,0.242050058726741,-1.84090954489099,1.62777868534604,-1.39465592870823,0.521639544364672,1.09590841346235,-0.419405223109442,0.296327782507498,-0.19630915288054,-0.603629209292324,-0.740077549632957,1.17245066374084,0.379439908899076,0.616495002764674,-0.155468783184476,0.885003961226719,-0.115040143891057,0.275706387464351,-0.404218903727274,1.25390956701897,1.75401294485819,-1.51487299672223,-0.405965790638675,0.957650096333413,-0.877845322465796,0.0784075381875647,0.620805034406605,0.166098589091072,1.52726409892728,0.223612847031636,0.658354336957771,-1.8463385221535,-1.34108681418196,-1.44709013020883
1140524.26602254,1113039.33746066,NA,NA,NA,NA,NA,NA,NA,NA,NA,NA,NA,NA,NA,NA,NA,NA,NA,NA,NA,NA,NA,NA,NA,NA,NA,NA,NA,NA,NA,NA,NA,NA,NA,NA,NA,NA,NA,NA,NA,NA,NA,NA,NA,NA,NA,NA,NA,NA,NA,NA,NA,NA,NA,NA,NA,NA,NA,NA,NA,NA,NA,NA,NA,NA,NA,NA,NA,NA,NA,NA,NA,NA,NA,NA,NA,NA
1148673.49093727,1113039.33746066,NA,NA,NA,NA,NA,NA,NA,NA,NA,NA,NA,NA,NA,NA,NA,NA,NA,NA,NA,NA,NA,NA,NA,NA,NA,NA,NA,NA,NA,NA,NA,NA,NA,NA,NA,NA,NA,NA,NA,NA,NA,NA,NA,NA,NA,NA,NA,NA,NA,NA,NA,NA,NA,NA,NA,NA,NA,NA,NA,NA,NA,NA,NA,NA,NA,NA,NA,NA,NA,NA,NA,NA,NA,NA,NA,NA
1156822.71585201,1113039.33746066,NA,NA,NA,NA,NA,NA,NA,NA,NA,NA,NA,NA,NA,NA,NA,NA,NA,NA,NA,NA,NA,NA,NA,NA,NA,NA,NA,NA,NA,NA,NA,NA,NA,NA,NA,NA,NA,NA,NA,NA,NA,NA,NA,NA,NA,NA,NA,NA,NA,NA,NA,NA,NA,NA,NA,NA,NA,NA,NA,NA,NA,NA,NA,NA,NA,NA,NA,NA,NA,NA,NA,NA,NA,NA,NA,NA
1164971.94076674,1113039.33746066,NA,NA,NA,NA,NA,NA,NA,NA,NA,NA,NA,NA,NA,NA,NA,NA,NA,NA,NA,NA,NA,NA,NA,NA,NA,NA,NA,NA,NA,NA,NA,NA,NA,NA,NA,NA,NA,NA,NA,NA,NA,NA,NA,NA,NA,NA,NA,NA,NA,NA,NA,NA,NA,NA,NA,NA,NA,NA,NA,NA,NA,NA,NA,NA,NA,NA,NA,NA,NA,NA,NA,NA,NA,NA,NA,NA
1173121.16568148,1113039.33746066,NA,NA,NA,NA,NA,NA,NA,NA,NA,NA,NA,NA,NA,NA,NA,NA,NA,NA,NA,NA,NA,NA,NA,NA,NA,NA,NA,NA,NA,NA,NA,NA,NA,NA,NA,NA,NA,NA,NA,NA,NA,NA,NA,NA,NA,NA,NA,NA,NA,NA,NA,NA,NA,NA,NA,NA,NA,NA,NA,NA,NA,NA,NA,NA,NA,NA,NA,NA,NA,NA,NA,NA,NA,NA,NA,NA
1181270.39059621,1113039.33746066,NA,NA,NA,NA,NA,NA,NA,NA,NA,NA,NA,NA,NA,NA,NA,NA,NA,NA,NA,NA,NA,NA,NA,NA,NA,NA,NA,NA,NA,NA,NA,NA,NA,NA,NA,NA,NA,NA,NA,NA,NA,NA,NA,NA,NA,NA,NA,NA,NA,NA,NA,NA,NA,NA,NA,NA,NA,NA,NA,NA,NA,NA,NA,NA,NA,NA,NA,NA,NA,NA,NA,NA,NA,NA,NA,NA
1189419.61551094,1113039.33746066,NA,NA,NA,NA,NA,NA,NA,NA,NA,NA,NA,NA,NA,NA,NA,NA,NA,NA,NA,NA,NA,NA,NA,NA,NA,NA,NA,NA,NA,NA,NA,NA,NA,NA,NA,NA,NA,NA,NA,NA,NA,NA,NA,NA,NA,NA,NA,NA,NA,NA,NA,NA,NA,NA,NA,NA,NA,NA,NA,NA,NA,NA,NA,NA,NA,NA,NA,NA,NA,NA,NA,NA,NA,NA,NA,NA
1197568.84042568,1113039.33746066,NA,NA,NA,NA,NA,NA,NA,NA,NA,NA,NA,NA,NA,NA,NA,NA,NA,NA,NA,NA,NA,NA,NA,NA,NA,NA,NA,NA,NA,NA,NA,NA,NA,NA,NA,NA,NA,NA,NA,NA,NA,NA,NA,NA,NA,NA,NA,NA,NA,NA,NA,NA,NA,NA,NA,NA,NA,NA,NA,NA,NA,NA,NA,NA,NA,NA,NA,NA,NA,NA,NA,NA,NA,NA,NA,NA
1205718.06534041,1113039.33746066,NA,NA,NA,NA,NA,NA,NA,NA,NA,NA,NA,NA,NA,NA,NA,NA,NA,NA,NA,NA,NA,NA,NA,NA,NA,NA,NA,NA,NA,NA,NA,NA,NA,NA,NA,NA,NA,NA,NA,NA,NA,NA,NA,NA,NA,NA,NA,NA,NA,NA,NA,NA,NA,NA,NA,NA,NA,NA,NA,NA,NA,NA,NA,NA,NA,NA,NA,NA,NA,NA,NA,NA,NA,NA,NA,NA
1213867.29025514,1113039.33746066,NA,NA,NA,NA,NA,NA,NA,NA,NA,NA,NA,NA,NA,NA,NA,NA,NA,NA,NA,NA,NA,NA,NA,NA,NA,NA,NA,NA,NA,NA,NA,NA,NA,NA,NA,NA,NA,NA,NA,NA,NA,NA,NA,NA,NA,NA,NA,NA,NA,NA,NA,NA,NA,NA,NA,NA,NA,NA,NA,NA,NA,NA,NA,NA,NA,NA,NA,NA,NA,NA,NA,NA,NA,NA,NA,NA
1222016.51516988,1113039.33746066,NA,NA,NA,NA,NA,NA,NA,NA,NA,NA,NA,NA,NA,NA,NA,NA,NA,NA,NA,NA,NA,NA,NA,NA,NA,NA,NA,NA,NA,NA,NA,NA,NA,NA,NA,NA,NA,NA,NA,NA,NA,NA,NA,NA,NA,NA,NA,NA,NA,NA,NA,NA,NA,NA,NA,NA,NA,NA,NA,NA,NA,NA,NA,NA,NA,NA,NA,NA,NA,NA,NA,NA,NA,NA,NA,NA
879749.068751066,1104890.11254592,NA,NA,NA,NA,NA,NA,NA,NA,NA,NA,NA,NA,NA,NA,NA,NA,NA,NA,NA,NA,NA,NA,NA,NA,NA,NA,NA,NA,NA,NA,NA,NA,NA,NA,NA,NA,NA,NA,NA,NA,NA,NA,NA,NA,NA,NA,NA,NA,NA,NA,NA,NA,NA,NA,NA,NA,NA,NA,NA,NA,NA,NA,NA,NA,NA,NA,NA,NA,NA,NA,NA,NA,NA,NA,NA,NA
887898.2936658,1104890.11254592,NA,NA,NA,NA,NA,NA,NA,NA,NA,NA,NA,NA,NA,NA,NA,NA,NA,NA,NA,NA,NA,NA,NA,NA,NA,NA,NA,NA,NA,NA,NA,NA,NA,NA,NA,NA,NA,NA,NA,NA,NA,NA,NA,NA,NA,NA,NA,NA,NA,NA,NA,NA,NA,NA,NA,NA,NA,NA,NA,NA,NA,NA,NA,NA,NA,NA,NA,NA,NA,NA,NA,NA,NA,NA,NA,NA
896047.518580533,1104890.11254592,NA,NA,NA,NA,NA,NA,NA,NA,NA,NA,NA,NA,NA,NA,NA,NA,NA,NA,NA,NA,NA,NA,NA,NA,NA,NA,NA,NA,NA,NA,NA,NA,NA,NA,NA,NA,NA,NA,NA,NA,NA,NA,NA,NA,NA,NA,NA,NA,NA,NA,NA,NA,NA,NA,NA,NA,NA,NA,NA,NA,NA,NA,NA,NA,NA,NA,NA,NA,NA,NA,NA,NA,NA,NA,NA,NA
904196.743495267,1104890.11254592,NA,NA,NA,NA,NA,NA,NA,NA,NA,NA,NA,NA,NA,NA,NA,NA,NA,NA,NA,NA,NA,NA,NA,NA,NA,NA,NA,NA,NA,NA,NA,NA,NA,NA,NA,NA,NA,NA,NA,NA,NA,NA,NA,NA,NA,NA,NA,NA,NA,NA,NA,NA,NA,NA,NA,NA,NA,NA,NA,NA,NA,NA,NA,NA,NA,NA,NA,NA,NA,NA,NA,NA,NA,NA,NA,NA
912345.96841,1104890.11254592,NA,NA,NA,NA,NA,NA,NA,NA,NA,NA,NA,NA,NA,NA,NA,NA,NA,NA,NA,NA,NA,NA,NA,NA,NA,NA,NA,NA,NA,NA,NA,NA,NA,NA,NA,NA,NA,NA,NA,NA,NA,NA,NA,NA,NA,NA,NA,NA,NA,NA,NA,NA,NA,NA,NA,NA,NA,NA,NA,NA,NA,NA,NA,NA,NA,NA,NA,NA,NA,NA,NA,NA,NA,NA,NA,NA
920495.193324734,1104890.11254592,NA,NA,NA,NA,NA,NA,NA,NA,NA,NA,NA,NA,NA,NA,NA,NA,NA,NA,NA,NA,NA,NA,NA,NA,NA,NA,NA,NA,NA,NA,NA,NA,NA,NA,NA,NA,NA,NA,NA,NA,NA,NA,NA,NA,NA,NA,NA,NA,NA,NA,NA,NA,NA,NA,NA,NA,NA,NA,NA,NA,NA,NA,NA,NA,NA,NA,NA,NA,NA,NA,NA,NA,NA,NA,NA,NA
928644.418239468,1104890.11254592,NA,NA,NA,NA,NA,NA,NA,NA,NA,NA,NA,NA,NA,NA,NA,NA,NA,NA,NA,NA,NA,NA,NA,NA,NA,NA,NA,NA,NA,NA,NA,NA,NA,NA,NA,NA,NA,NA,NA,NA,NA,NA,NA,NA,NA,NA,NA,NA,NA,NA,NA,NA,NA,NA,NA,NA,NA,NA,NA,NA,NA,NA,NA,NA,NA,NA,NA,NA,NA,NA,NA,NA,NA,NA,NA,NA
936793.643154201,1104890.11254592,NA,NA,NA,NA,NA,NA,NA,NA,NA,NA,NA,NA,NA,NA,NA,NA,NA,NA,NA,NA,NA,NA,NA,NA,NA,NA,NA,NA,NA,NA,NA,NA,NA,NA,NA,NA,NA,NA,NA,NA,NA,NA,NA,NA,NA,NA,NA,NA,NA,NA,NA,NA,NA,NA,NA,NA,NA,NA,NA,NA,NA,NA,NA,NA,NA,NA,NA,NA,NA,NA,NA,NA,NA,NA,NA,NA
944942.868068935,1104890.11254592,NA,NA,NA,NA,NA,NA,NA,NA,NA,NA,NA,NA,NA,NA,NA,NA,NA,NA,NA,NA,NA,NA,NA,NA,NA,NA,NA,NA,NA,NA,NA,NA,NA,NA,NA,NA,NA,NA,NA,NA,NA,NA,NA,NA,NA,NA,NA,NA,NA,NA,NA,NA,NA,NA,NA,NA,NA,NA,NA,NA,NA,NA,NA,NA,NA,NA,NA,NA,NA,NA,NA,NA,NA,NA,NA,NA
953092.092983668,1104890.11254592,NA,NA,NA,NA,NA,NA,NA,NA,NA,NA,NA,NA,NA,NA,NA,NA,NA,NA,NA,NA,NA,NA,NA,NA,NA,NA,NA,NA,NA,NA,NA,NA,NA,NA,NA,NA,NA,NA,NA,NA,NA,NA,NA,NA,NA,NA,NA,NA,NA,NA,NA,NA,NA,NA,NA,NA,NA,NA,NA,NA,NA,NA,NA,NA,NA,NA,NA,NA,NA,NA,NA,NA,NA,NA,NA,NA
961241.317898402,1104890.11254592,NA,NA,NA,NA,NA,NA,NA,NA,NA,NA,NA,NA,NA,NA,NA,NA,NA,NA,NA,NA,NA,NA,NA,NA,NA,NA,NA,NA,NA,NA,NA,NA,NA,NA,NA,NA,NA,NA,NA,NA,NA,NA,NA,NA,NA,NA,NA,NA,NA,NA,NA,NA,NA,NA,NA,NA,NA,NA,NA,NA,NA,NA,NA,NA,NA,NA,NA,NA,NA,NA,NA,NA,NA,NA,NA,NA
969390.542813136,1104890.11254592,NA,NA,NA,NA,NA,NA,NA,NA,NA,NA,NA,NA,NA,NA,NA,NA,NA,NA,NA,NA,NA,NA,NA,NA,NA,NA,NA,NA,NA,NA,NA,NA,NA,NA,NA,NA,NA,NA,NA,NA,NA,NA,NA,NA,NA,NA,NA,NA,NA,NA,NA,NA,NA,NA,NA,NA,NA,NA,NA,NA,NA,NA,NA,NA,NA,NA,NA,NA,NA,NA,NA,NA,NA,NA,NA,NA
977539.767727869,1104890.11254592,NA,NA,NA,NA,NA,NA,NA,NA,NA,NA,NA,NA,NA,NA,NA,NA,NA,NA,NA,NA,NA,NA,NA,NA,NA,NA,NA,NA,NA,NA,NA,NA,NA,NA,NA,NA,NA,NA,NA,NA,NA,NA,NA,NA,NA,NA,NA,NA,NA,NA,NA,NA,NA,NA,NA,NA,NA,NA,NA,NA,NA,NA,NA,NA,NA,NA,NA,NA,NA,NA,NA,NA,NA,NA,NA,NA
985688.992642603,1104890.11254592,NA,NA,NA,NA,NA,NA,NA,NA,NA,NA,NA,NA,NA,NA,NA,NA,NA,NA,NA,NA,NA,NA,NA,NA,NA,NA,NA,NA,NA,NA,NA,NA,NA,NA,NA,NA,NA,NA,NA,NA,NA,NA,NA,NA,NA,NA,NA,NA,NA,NA,NA,NA,NA,NA,NA,NA,NA,NA,NA,NA,NA,NA,NA,NA,NA,NA,NA,NA,NA,NA,NA,NA,NA,NA,NA,NA
993838.217557336,1104890.11254592,-3.1324915239681,-1.25047644468634,0.713651517729127,-0.397947191413801,-1.1056804833579,-0.664903703532623,-0.129052254598888,-1.80389757183261,0.682080774184423,1.03134053824323,-1.25098379174821,0.238585636639825,1.61804331454597,-0.99974175284743,0.136859359031171,0.741595874017852,0.763782421992531,0.614492738618535,1.40257230133497,-1.33891346346017,-0.311734867197911,0.597314453126984,-0.0799008206475297,0.963671864855076,1.07689207943529,-0.121418417371606,1.35531140027807,-0.247310323992788,-1.7197981615794,-1.14959144535587,-0.557048491338291,-0.815875777952381,2.08610234445587,-0.382142120022991,-0.0940473304666925,-1.09218051695859,0.807520582424026,0.467687248587701,0.543561185523252,1.00579198964306,0.729292269291304,-1.03170092327671,0.450147386861591,-1.60302166564803,1.44424179682478,-1.34707677603605,1.06279685225517,0.844122796809681,-0.257225341298747,-0.192778217218966,-0.335905415327553,-0.484254924575375,-0.296420804736168,1.09030690846529,0.404308274367834,0.111384800981327,0.0361856265167923,0.675822965685853,-0.173249924513927,0.180988229957431,0.0795884119424938,1.00625331299996,1.66886665486906,-1.23100224499627,-0.181542235733162,1.39237317555847,-1.12519451350754,0.0418312441746195,0.477884961792465,0.369961936614692,1.70434886714742,0.305173820132193,0.282424255301166,-2.31481657026996,-1.26877822311955,-0.967864031333662
1001987.44247207,1104890.11254592,-3.14391627923479,-1.24542225611452,0.76583457404554,-0.363857356323202,-1.10883023074924,-0.669923445664764,-0.12291759400333,-1.77339347107449,0.633061184129444,1.06366384798255,-1.23271656332429,0.221388933861066,1.52977098573741,-1.02425561753713,0.194123504848572,0.804211210215242,0.790854249793773,0.668213269323023,1.34011332261993,-1.29339033962936,-0.345651041327798,0.577050241967604,-0.112874668286513,0.917447067119684,1.06675578329213,-0.119131360803404,1.32386725596577,-0.260977481212299,-1.71349622591492,-1.12369783612311,-0.573863971084761,-0.846334089220914,2.10371601600185,-0.373140072707154,-0.0478911839784702,-1.07804785001538,0.794134510877353,0.471216903823174,0.555530523504636,0.946237279279612,0.73319534766394,-1.04973303138719,0.452686593302023,-1.63556296800547,1.51584867415485,-1.34643641497902,1.01602658064117,0.876294157348698,-0.251217576677606,-0.122835202338797,-0.34880924006993,-0.526034497528757,-0.331850414551063,1.08837608218351,0.434497039856953,0.158951894866896,0.0374035924843598,0.703885894545204,-0.192077069418201,0.191140268690455,0.0607877435336955,1.02663691206776,1.70328355524666,-1.22477146042025,-0.233799758907191,1.37010162555446,-1.14158398342586,0.0364432953529765,0.5022579103108,0.357847456589726,1.68242314686358,0.318499158012479,0.32801167101978,-2.30411725195082,-1.29674090359976,-1.04889922999365
1010136.6673868,1104890.11254592,-3.14674852501241,-1.23690211166937,0.824240795233447,-0.326345183297292,-1.10173663187585,-0.676362976452554,-0.125926444742625,-1.75021128198801,0.577562476564692,1.06661509427857,-1.20941866896379,0.215542890027506,1.45609509508307,-1.04983812409913,0.236057923236078,0.856407173592122,0.80694205297258,0.736350233919969,1.2840379468051,-1.24882535017297,-0.380991353385667,0.565733171066281,-0.14013238302893,0.871800643551412,1.05384991347727,-0.106779310240268,1.30079031620476,-0.279942229160258,-1.7164272612436,-1.1055726367577,-0.607813109926161,-0.893417203280098,2.11251187793793,-0.364845460572325,0.0149022712027796,-1.06843821283976,0.774271864122586,0.465822671301635,0.574949708145127,0.911858677779788,0.737323291525021,-1.06466836745928,0.458832381632675,-1.65310468175922,1.57837405145245,-1.34262700249207,0.982817801656755,0.89908741898323,-0.235291350403216,-0.0581488172365802,-0.372165088811613,-0.571201238781267,-0.373055187115174,1.0712071650742,0.461712446550848,0.200274699259055,0.0444257457313238,0.744313805353746,-0.20678803709601,0.203023182529251,0.0520093259397226,1.04668718613917,1.72431335695379,-1.23643122009305,-0.310136092962271,1.34112275125589,-1.14381273526678,0.0456581316907389,0.518920681937849,0.353404237494151,1.65019241537017,0.34218558074924,0.380823353185869,-2.27758121819466,-1.32310279845443,-1.11839152278727
1018285.89230154,1104890.11254592,-3.14533877868298,-1.22769853603809,0.879894744294326,-0.289243967366456,-1.09270049833899,-0.682803837470043,-0.126860892568431,-1.72589872940073,0.520900872356288,1.06971446080871,-1.18390046954604,0.209419075946054,1.37953038577142,-1.07551343204825,0.277928875430321,0.906599116220101,0.823356480527532,0.801830365025761,1.22670863069,-1.20323566513493,-0.414609499017122,0.552319658573567,-0.168423010307308,0.825745153736939,1.03912102182522,-0.0951782926827019,1.27515446329351,-0.299005077132382,-1.71764722935295,-1.0881411333007,-0.642152190475693,-0.941253336714718,2.11789685421407,-0.356612587696149,0.075940360399408,-1.05844895197697,0.753666558871147,0.459227840423444,0.594570735736764,0.875241520741597,0.740287482464,-1.07894799147517,0.464222929739723,-1.66906746156193,1.63591337056462,-1.33603790891156,0.949016389834261,0.919925989658549,-0.217496416695109,0.00241306191335509,-0.394120941072494,-0.61635653035563,-0.415194643022345,1.05268305557043,0.486893232336937,0.240503097361738,0.0517243493206731,0.780957715740554,-0.220700035573186,0.2130475649904,0.0424141162261722,1.06489448640696,1.74281931728779,-1.24920859590685,-0.388625489824385,1.30996846655634,-1.14234946937229,0.0559167535541462,0.534317919416018,0.348341445369579,1.62528136606409,0.373421460788951,0.441806213785562,-2.24214933004247,-1.34154018819502,-1.1842582676305
1026435.11721627,1104890.11254592,-3.13502052650997,-1.22803256897322,0.925515284677412,-0.256241367661476,-1.06973792849992,-0.690067729934806,-0.0897286604150652,-1.69548705794507,0.471006836057091,1.09826334718978,-1.14859744317853,0.194665269639743,1.30561208541608,-1.10205173771293,0.329486638046942,0.959117472751403,0.86488301278182,0.853717289609355,1.17674253707228,-1.15289346564751,-0.410164113724565,0.522342046250931,-0.211384893245701,0.792362973002818,1.02946525526748,-0.0918080386467279,1.2502085331251,-0.320482982482416,-1.71631972419398,-1.0876700954162,-0.676766752076563,-0.995586702763982,2.12370622017797,-0.350240108980112,0.112596916365058,-1.04402264368024,0.739672714064571,0.44954777391606,0.626195353645544,0.827420121916837,0.732543740235071,-1.09187274076243,0.463804106548427,-1.6861026861184,1.66804488396793,-1.31165762979919,0.920453254961829,0.933172627993869,-0.183268066341791,0.0196080528523929,-0.392860298204842,-0.658907547506901,-0.456961360388847,1.04969587268138,0.503222054465596,0.282092815539949,0.0613557733787482,0.785679516760744,-0.224398453057809,0.207870910710743,0.0198268171644885,1.07888655057483,1.75427320055648,-1.28458658920228,-0.454355171035054,1.28099534041269,-1.11520567730721,0.076035155976029,0.540045265182864,0.341084158272307,1.61600142745582,0.388034321661949,0.47786734650213,-2.19934762869092,-1.35426916647218,-1.24560543489608
1034584.342131,1104890.11254592,-3.11957663807525,-1.23960287638242,0.954809980372563,-0.232137442353241,-1.03353217504813,-0.696926534980808,-0.0167695250131085,-1.66696347720449,0.436567424358278,1.15095310581344,-1.10793341321794,0.173697080585163,1.24728770098609,-1.12762861349066,0.385194162547853,1.00560245636398,0.927586968107085,0.886355953822019,1.1450230622171,-1.10610442406425,-0.365662141951667,0.478541155707028,-0.263678844458168,0.779703392960548,1.02727609889464,-0.0969319315453152,1.22897898177269,-0.343373004539503,-1.71351329982652,-1.10957949649509,-0.707533220667752,-1.04960636382859,2.12718470412903,-0.3454259421838,0.124238816155189,-1.02779901366301,0.734661837593973,0.437753272854468,0.668232768929691,0.775021567839009,0.714521471950893,-1.10128114434523,0.457467801072481,-1.70140946540568,1.66679401279561,-1.27240656806921,0.903984372578796,0.935056303154522,-0.137533409696845,-0.0144059751974454,-0.364586255476273,-0.693209443537668,-0.492613635621517,1.06200102734182,0.508541033080061,0.321287155495939,0.0727980697773369,0.752087646870936,-0.216055998649726,0.184809891671436,-0.0151258463716816,1.08794054248736,1.75822063496272,-1.33912704653046,-0.498981064089688,1.2617313575732,-1.0651017637811,0.105419239292251,0.533458199600479,0.331480243141817,1.62398881987492,0.381041458126915,0.480533480129397,-2.15639021147252,-1.36120562484575,-1.29554788682678
1042733.56704574,1104890.11254592,-3.09822201112953,-1.25279603577784,0.979179711107696,-0.209167192904512,-0.992163134808314,-0.702777762805128,0.0669391195839142,-1.63541297041379,0.405525219863164,1.21048296625472,-1.06400246508608,0.150140870330779,1.19045671442976,-1.15186901760383,0.442666901871371,1.05102594437109,0.996490850477634,0.913157877928182,1.11661944672072,-1.05776551641514,-0.308606108300047,0.428738654604151,-0.31971694170992,0.772048174549016,1.0263197289065,-0.10416883449436,1.20695121681548,-0.366122572472852,-1.70768936727487,-1.1365775431865,-0.736939407674953,-1.10380459283498,2.12884961257903,-0.340917097243225,0.128115597625459,-1.00959318911215,0.731702035894572,0.424500331271887,0.713182004369162,0.718590434608384,0.692418348124155,-1.10859894641147,0.448333013971411,-1.71450767729594,1.65478376434818,-1.22714918454884,0.889832720182738,0.933353045225942,-0.0869253601720941,-0.0638120378842118,-0.327769607078756,-0.724664774066953,-0.526560619410446,1.0787283022925,0.51068657234057,0.35990708367281,0.0846890090136802,0.706006445722021,-0.204005324657442,0.156192217478148,-0.0546532865748947,1.09478762482246,1.75777537582354,-1.4000398442071,-0.537208561755313,1.24302133211187,-1.00678573389937,0.13769900666961,0.522784711446605,0.320901555191386,1.63624981914151,0.367426918961761,0.472508097484443,-2.11117467181714,-1.36393596301488,-1.3422001676919
1050882.79196047,1104890.11254592,-3.06454052600106,-1.26531918319562,1.0053590936657,-0.181428513955234,-0.947224685753083,-0.70560066136149,0.153154499270384,-1.59707550839914,0.372566203688959,1.27237839416636,-1.01295363659701,0.126335691688646,1.12206195870457,-1.17430894444194,0.502710669317525,1.1018413927634,1.06721527532181,0.940923899449741,1.08190239475224,-1.00304900740971,-0.245361420808275,0.375087006753722,-0.377302125023117,0.761930789932565,1.02494096777558,-0.111396692007391,1.17736630399832,-0.391631378255602,-1.69710399301543,-1.15983832203928,-0.764017318022878,-1.16891071133166,2.12963141066042,-0.339556681902115,0.138139843352749,-0.988710127694471,0.724393114117267,0.41144730980727,0.757941803640123,0.653071888682351,0.66705898366507,-1.11497638658538,0.435061671585298,-1.72265587080229,1.64246181824226,-1.18171598239851,0.869314406553857,0.933861605761023,-0.0377143677393634,-0.11119992175974,-0.28588754964732,-0.755478027497209,-0.562169458700272,1.09787955217614,0.514401862392421,0.402609273251847,0.0915056215439444,0.662057415549605,-0.193146155557342,0.128436308438473,-0.0998926917505804,1.10289432556109,1.75485440490754,-1.46073239029691,-0.569523518748203,1.22003910821414,-0.944403520153166,0.168528307581156,0.508686378053384,0.305248780681135,1.64814632359944,0.353907464919868,0.46105346244398,-2.06448101459503,-1.35401526668753,-1.40448542949546
1059032.01687521,1104890.11254592,-3.01373413000404,-1.28275680586144,1.03063216418811,-0.152462347074472,-0.915997981611363,-0.699221617135821,0.195927456426892,-1.57161412616574,0.351613120597034,1.31430460156597,-0.964758161527565,0.122120093242298,1.05652149155199,-1.18114820445789,0.540289373087492,1.14993433268191,1.10825959606024,0.960773428623402,1.04423894587203,-0.960761382941283,-0.190240728797923,0.338435767768661,-0.402104313350327,0.758480535327405,1.02670813319988,-0.109197646810717,1.13363147794264,-0.421348830540788,-1.68873636043193,-1.1591021178325,-0.770864608537531,-1.25588362407464,2.1305971812185,-0.358331531212281,0.185275294055149,-0.968687202190324,0.694512996173184,0.409099207001406,0.777878033575362,0.596910396511031,0.643158701442557,-1.11311149032167,0.412602329760772,-1.71171174145216,1.63751948352505,-1.1767275324486,0.834077593242192,0.949146925573936,-0.0400663018462663,-0.11416535621563,-0.248424112930392,-0.770353649976556,-0.596215670957381,1.1195799917561,0.527724434918264,0.451269779352939,0.0654703348482064,0.666141320413613,-0.201187038314408,0.128777998569521,-0.152276379823426,1.11876442606665,1.7589574498309,-1.48618919285539,-0.553674045885312,1.20018896648073,-0.911559251114452,0.170343627974863,0.481447757543584,0.269049752484509,1.65815092689493,0.348458680825942,0.464555223889072,-2.02859980519636,-1.33803245633681,-1.46777622487295
1067181.24178994,1104890.11254592,-2.95863869790951,-1.30078050808737,1.05147941367187,-0.125971615542447,-0.901805909043721,-0.686099837468339,0.200203721572856,-1.5566921916356,0.344024206228407,1.33483085280078,-0.926544491398466,0.132026941844286,1.00173366635553,-1.17483482283828,0.555448587531262,1.19005711878568,1.12105973795701,0.971978436245455,1.01035546573475,-0.933761870123584,-0.150177068797362,0.321925902965367,-0.397093711096687,0.75853505515119,1.03141527374146,-0.100929082335794,1.0852131345937,-0.449692043317347,-1.68243503228637,-1.13994644034158,-0.760746795822894,-1.34854555218516,2.13453935313804,-0.391224517186979,0.251513257625347,-0.95448439437039,0.652876398231738,0.415109110048685,0.775373451061486,0.555626719931851,0.624002044919216,-1.10710234528378,0.384451400282271,-1.68851374290599,1.6424340088687,-1.20410793614606,0.791442321407257,0.974512978048496,-0.0804925349028749,-0.0809223068200883,-0.220038068673116,-0.770259782424105,-0.622714615563611,1.14110011623769,0.547697967211217,0.495074861120358,0.0150146758805057,0.706855920744597,-0.223959839033841,0.149992846944652,-0.201680575202759,1.13884912166393,1.76669718240061,-1.47926525434155,-0.503205756088321,1.18593050377417,-0.905871223582961,0.148573176200243,0.449353362357127,0.222154928780855,1.66087312261814,0.346009389167234,0.48431618995073,-2.00906718333729,-1.31887409000636,-1.52005371266544
1075330.46670467,1104890.11254592,-2.90001990222895,-1.31880578220969,1.0723861445333,-0.098209810321354,-0.8869692700427,-0.67165332178352,0.20188064627935,-1.54168552755338,0.337325423052725,1.35426890335764,-0.887137614471038,0.144002125466326,0.944730770037445,-1.16683857809957,0.569096830058507,1.23085526252236,1.13202389366476,0.982538280008601,0.974540398103037,-0.905908479093313,-0.109311345571884,0.306415995866273,-0.388992528930791,0.758833290400635,1.03631642395704,-0.0918325714621677,1.03347189966158,-0.478466937543843,-1.67509479362326,-1.11794361736101,-0.747901127951354,-1.44703108926346,2.13766830884162,-0.426388836428061,0.32063419637124,-0.939041422861909,0.607277697155401,0.42230538036928,0.770661756698742,0.513404409057001,0.604480908046072,-1.09999350525409,0.354900395140604,-1.66283158358206,1.64731220960861,-1.2341572527583,0.746444521665562,1.00132840677654,-0.125528059202483,-0.0440361654603072,-0.191033345312802,-0.768500481440324,-0.64897968526754,1.16304562302681,0.567882767203809,0.539811145398206,-0.0389963473931298,0.752031105463338,-0.248155249252071,0.174024024442323,-0.253228246145572,1.15933005667582,1.77397560256544,-1.46865545335755,-0.447614576187893,1.17110187968321,-0.900871779272303,0.124382429719497,0.414256175175932,0.172140525899894,1.65358105058231,0.33863327199549,0.509115697115771,-1.99136640198576,-1.28840218512864,-1.57408475769589
1083479.69161941,1104890.11254592,-2.83776534231505,-1.33420788975734,1.08417555404357,-0.068526903209006,-0.864384365170353,-0.655528941479128,0.198637234552106,-1.52137291629106,0.324076865279397,1.3609757524419,-0.842252812658726,0.164996253511141,0.885555984308854,-1.15061320138369,0.583479109660586,1.26273886267509,1.14107429651744,0.991658596004521,0.944285306712555,-0.89517736132069,-0.0753061271371272,0.306993983608831,-0.374362095626108,0.770134605228639,1.04298382145519,-0.0830971915349561,0.981578124656613,-0.520139768287336,-1.67134816314873,-1.09442913155084,-0.737124913639676,-1.56778700692577,2.13411678732175,-0.46221888629756,0.389434523504438,-0.93241439582866,0.579893902703761,0.426918734676356,0.764199167537562,0.485262894000372,0.603666617108501,-1.08640478933433,0.323026525533814,-1.65251305247355,1.64697741780734,-1.26647287747805,0.693055183285712,1.02696790954263,-0.183273491180274,0.00557788838455434,-0.170129846965195,-0.755350168396681,-0.678885395379386,1.17860133809693,0.576407232572235,0.578808479714054,-0.0882583776891373,0.791255765941761,-0.267103142406499,0.204739483222111,-0.309857386968363,1.18030611878808,1.77839756330076,-1.45472607182441,-0.393830367286697,1.14465382960656,-0.892033994458763,0.103285717029171,0.388350785933847,0.126459403439494,1.64864402717392,0.328963630081877,0.543284054208147,-1.96952522710146,-1.26376261390049,-1.60688399127451
1091628.91653414,1104890.11254592,-2.79487497622573,-1.3443826034878,1.07242747842501,-0.0458499244460257,-0.834267993465606,-0.642461972217495,0.183123416795771,-1.50474842763794,0.297732834266062,1.33485488862268,-0.803514777443605,0.197767873423255,0.850925953567677,-1.12775236412106,0.592693259405981,1.26386752907705,1.14398916402061,0.989717599094492,0.940551928455755,-0.932495791208478,-0.0710802095562754,0.347468610828589,-0.347950602942747,0.805115798333826,1.05308707711708,-0.0786973486193032,0.954252368085282,-0.575253845058158,-1.68119971994329,-1.07799004822376,-0.734308706666285,-1.69543036277517,2.119586325155,-0.491303165531621,0.436599078017734,-0.951118456640275,0.606787755761708,0.427311415315805,0.756794581175779,0.503703288308122,0.645832404001228,-1.06609619600863,0.301991478239428,-1.68262158835581,1.63706790285389,-1.29262250047595,0.646726978942412,1.04130042556731,-0.248417918000962,0.0680629054291204,-0.178182632356648,-0.724868166051663,-0.706155056394036,1.17576486144893,0.551828369204052,0.589819429463786,-0.107120362498198,0.806402319254886,-0.267914444936518,0.24129032657364,-0.356326063086339,1.19644558517447,1.77991941862012,-1.44030653187838,-0.362206919718796,1.10646024517363,-0.881723611118986,0.0982050821328138,0.389814571171681,0.108025814623162,1.65426792127804,0.317670509999776,0.583170401691459,-1.95204289502194,-1.2682038579552,-1.58322963850115
1099778.14144887,1104890.11254592,-2.76303092266882,-1.35018667075539,1.05020718421332,-0.0281907669029886,-0.803111880734986,-0.631571805644906,0.162636654010278,-1.48983986343682,0.268521233728265,1.29539660292917,-0.77028046394056,0.232978255086321,0.83031317845205,-1.10291791843626,0.598983031374411,1.25081876143533,1.14421303266327,0.984045142114652,0.948438167057278,-0.989196675916319,-0.0815239902773258,0.401731039079651,-0.318284648567752,0.846994586305429,1.06403391991569,-0.0768427719746952,0.940651619024681,-0.632962227013625,-1.69524855109513,-1.06592521519272,-0.73613932316586,-1.81732158659183,2.10063114898393,-0.514221767542339,0.468805259183854,-0.979298041117686,0.656109051620344,0.424569781885043,0.749234634323708,0.542101744793484,0.704845862771127,-1.04401907995381,0.287065342753622,-1.73132172199677,1.623537225663,-1.31283502021384,0.607288491179915,1.04924892153181,-0.31260640798798,0.130107930636641,-0.198797928059336,-0.688493975409737,-0.729428608070975,1.16446000946692,0.511928604892865,0.585705948920447,-0.109676033760273,0.809247183425724,-0.260064555097376,0.277847310537708,-0.393477362100975,1.20936810022209,1.778754353703,-1.42611958359597,-0.343342342899988,1.06496267135682,-0.871501062477918,0.100867341771765,0.403860481050711,0.104793186113482,1.66406955493886,0.305847755192382,0.621823803159888,-1.93717086909657,-1.2854625763606,-1.53406029949396
1107927.36636361,1104890.11254592,-2.72654728769605,-1.35294087324147,1.02896486098119,-0.00841192571950607,-0.769990512425426,-0.619206923408274,0.140993369548024,-1.47139653204079,0.239186095412893,1.25552133016218,-0.735264828283149,0.268420810187902,0.808628341583933,-1.07549899831138,0.605879677813244,1.23804901001057,1.14454121727174,0.981092336173896,0.957473730382192,-1.04632306164708,-0.09239074688146,0.455680892546402,-0.286656297019115,0.888850108109601,1.07573253053578,-0.073632869789426,0.926042483598745,-0.691988712427883,-1.70546818062266,-1.05244178466,-0.736009990278923,-1.94544407351308,2.08088237611394,-0.537212513638573,0.502086172502947,-1.00683483011696,0.70462607943342,0.421341487616256,0.742759573626668,0.580558347932402,0.764535926075227,-1.02119310330881,0.271211231247083,-1.78103302791625,1.61061243866108,-1.33266971962963,0.566747265476144,1.05789455852775,-0.377304328928457,0.193024058208438,-0.218117501666687,-0.650020972141233,-0.752033442653189,1.15400153116171,0.470462368689152,0.582407719854772,-0.11230727685981,0.813751696026608,-0.250019714672501,0.314649321269496,-0.429488217015087,1.22323705670243,1.7768681912607,-1.41111850818242,-0.323163419844048,1.02233047876719,-0.859573121785473,0.103961509585384,0.421037754164808,0.103283997984627,1.65859243401469,0.281916551280344,0.647854554990572,-1.92352289478229,-1.2995936064457,-1.49872159320554
1116076.59127834,1104890.11254592,-2.68270319692275,-1.34227849625158,1.02338830925108,0.0137255271158711,-0.744956938265201,-0.61067938633717,0.10802223737043,-1.44133482549214,0.212970993987091,1.22779524739168,-0.70909052366141,0.290288379840168,0.785653541789405,-1.04630767954606,0.607753282849075,1.23053315550796,1.13892745384822,1.00014603700023,0.978117363654998,-1.09481794523797,-0.114002170959783,0.491276417536736,-0.252243178300444,0.917050781222164,1.09011024925204,-0.0673280419045676,0.902924861860983,-0.74618756268982,-1.69154458185612,-1.04402191938174,-0.726921712053147,-2.05292662272281,2.06547204804103,-0.567781169363571,0.531070100441574,-1.03384740634845,0.726426164914854,0.408074520919918,0.742659295484441,0.603388830837851,0.810317085505342,-1.01315337690125,0.245535746599576,-1.82512777639793,1.60976883657777,-1.35976310501813,0.530237555670583,1.06790302823369,-0.422283726347087,0.244511682530001,-0.226761331333331,-0.617341946094542,-0.769384772469844,1.15367121809245,0.43625663896813,0.591517243075577,-0.126108956324855,0.828593993135692,-0.2323323668062,0.328674665209741,-0.449772470042389,1.23793376386094,1.76704047036229,-1.41268781486085,-0.305512480102221,0.989694361829736,-0.851001007663334,0.101946331024285,0.459158010043356,0.109996550330844,1.626441678519,0.249901020516666,0.664057491086485,-1.89967712166747,-1.30033880673067,-1.46943896300697
1124225.81619307,1104890.11254592,-2.63847401559906,-1.31772341021807,1.03873881849743,0.0349951028488098,-0.734578343589539,-0.608450108503667,0.0676151214647863,-1.40283430071472,0.197303703430629,1.22300223137599,-0.697652135362403,0.290358636456679,0.763635456825966,-1.0215252138842,0.603895299982069,1.23306932884681,1.12910532685857,1.04407728537296,1.00474397104781,-1.11938346641324,-0.144597563693748,0.494201823890293,-0.222019431699437,0.921180324475501,1.1048284814486,-0.0589397742509052,0.872434580353999,-0.783123283274077,-1.64928724750716,-1.04350040056174,-0.710639988956343,-2.1073830547663,2.0587544518642,-0.602801638689693,0.54944707470941,-1.05261139514021,0.708645142142653,0.383767086704858,0.75050046647682,0.600093477335058,0.829671928516399,-1.02533878822893,0.211329146021221,-1.85479278505686,1.62458466801769,-1.3892480509199,0.50561291538549,1.07831402211398,-0.433823282970256,0.271085866451449,-0.219460912848299,-0.598470610115617,-0.7774446017544,1.16662120315639,0.41552914332907,0.612741991513716,-0.152689543831488,0.85452500639725,-0.210483908041856,0.313594415593892,-0.446301909658003,1.25197740646793,1.74911594813063,-1.43450604728003,-0.294579752787462,0.975840087161224,-0.848845332089682,0.0929770864325444,0.512529450280846,0.124550469908553,1.57609757560417,0.217660915469671,0.671366617002937,-1.86734576911785,-1.2905376890906,-1.45034817610351
1132375.04110781,1104890.11254592,NA,NA,NA,NA,NA,NA,NA,NA,NA,NA,NA,NA,NA,NA,NA,NA,NA,NA,NA,NA,NA,NA,NA,NA,NA,NA,NA,NA,NA,NA,NA,NA,NA,NA,NA,NA,NA,NA,NA,NA,NA,NA,NA,NA,NA,NA,NA,NA,NA,NA,NA,NA,NA,NA,NA,NA,NA,NA,NA,NA,NA,NA,NA,NA,NA,NA,NA,NA,NA,NA,NA,NA,NA,NA,NA,NA
1140524.26602254,1104890.11254592,NA,NA,NA,NA,NA,NA,NA,NA,NA,NA,NA,NA,NA,NA,NA,NA,NA,NA,NA,NA,NA,NA,NA,NA,NA,NA,NA,NA,NA,NA,NA,NA,NA,NA,NA,NA,NA,NA,NA,NA,NA,NA,NA,NA,NA,NA,NA,NA,NA,NA,NA,NA,NA,NA,NA,NA,NA,NA,NA,NA,NA,NA,NA,NA,NA,NA,NA,NA,NA,NA,NA,NA,NA,NA,NA,NA
1148673.49093727,1104890.11254592,NA,NA,NA,NA,NA,NA,NA,NA,NA,NA,NA,NA,NA,NA,NA,NA,NA,NA,NA,NA,NA,NA,NA,NA,NA,NA,NA,NA,NA,NA,NA,NA,NA,NA,NA,NA,NA,NA,NA,NA,NA,NA,NA,NA,NA,NA,NA,NA,NA,NA,NA,NA,NA,NA,NA,NA,NA,NA,NA,NA,NA,NA,NA,NA,NA,NA,NA,NA,NA,NA,NA,NA,NA,NA,NA,NA
1156822.71585201,1104890.11254592,NA,NA,NA,NA,NA,NA,NA,NA,NA,NA,NA,NA,NA,NA,NA,NA,NA,NA,NA,NA,NA,NA,NA,NA,NA,NA,NA,NA,NA,NA,NA,NA,NA,NA,NA,NA,NA,NA,NA,NA,NA,NA,NA,NA,NA,NA,NA,NA,NA,NA,NA,NA,NA,NA,NA,NA,NA,NA,NA,NA,NA,NA,NA,NA,NA,NA,NA,NA,NA,NA,NA,NA,NA,NA,NA,NA
1164971.94076674,1104890.11254592,NA,NA,NA,NA,NA,NA,NA,NA,NA,NA,NA,NA,NA,NA,NA,NA,NA,NA,NA,NA,NA,NA,NA,NA,NA,NA,NA,NA,NA,NA,NA,NA,NA,NA,NA,NA,NA,NA,NA,NA,NA,NA,NA,NA,NA,NA,NA,NA,NA,NA,NA,NA,NA,NA,NA,NA,NA,NA,NA,NA,NA,NA,NA,NA,NA,NA,NA,NA,NA,NA,NA,NA,NA,NA,NA,NA
1173121.16568148,1104890.11254592,NA,NA,NA,NA,NA,NA,NA,NA,NA,NA,NA,NA,NA,NA,NA,NA,NA,NA,NA,NA,NA,NA,NA,NA,NA,NA,NA,NA,NA,NA,NA,NA,NA,NA,NA,NA,NA,NA,NA,NA,NA,NA,NA,NA,NA,NA,NA,NA,NA,NA,NA,NA,NA,NA,NA,NA,NA,NA,NA,NA,NA,NA,NA,NA,NA,NA,NA,NA,NA,NA,NA,NA,NA,NA,NA,NA
1181270.39059621,1104890.11254592,NA,NA,NA,NA,NA,NA,NA,NA,NA,NA,NA,NA,NA,NA,NA,NA,NA,NA,NA,NA,NA,NA,NA,NA,NA,NA,NA,NA,NA,NA,NA,NA,NA,NA,NA,NA,NA,NA,NA,NA,NA,NA,NA,NA,NA,NA,NA,NA,NA,NA,NA,NA,NA,NA,NA,NA,NA,NA,NA,NA,NA,NA,NA,NA,NA,NA,NA,NA,NA,NA,NA,NA,NA,NA,NA,NA
1189419.61551094,1104890.11254592,NA,NA,NA,NA,NA,NA,NA,NA,NA,NA,NA,NA,NA,NA,NA,NA,NA,NA,NA,NA,NA,NA,NA,NA,NA,NA,NA,NA,NA,NA,NA,NA,NA,NA,NA,NA,NA,NA,NA,NA,NA,NA,NA,NA,NA,NA,NA,NA,NA,NA,NA,NA,NA,NA,NA,NA,NA,NA,NA,NA,NA,NA,NA,NA,NA,NA,NA,NA,NA,NA,NA,NA,NA,NA,NA,NA
1197568.84042568,1104890.11254592,NA,NA,NA,NA,NA,NA,NA,NA,NA,NA,NA,NA,NA,NA,NA,NA,NA,NA,NA,NA,NA,NA,NA,NA,NA,NA,NA,NA,NA,NA,NA,NA,NA,NA,NA,NA,NA,NA,NA,NA,NA,NA,NA,NA,NA,NA,NA,NA,NA,NA,NA,NA,NA,NA,NA,NA,NA,NA,NA,NA,NA,NA,NA,NA,NA,NA,NA,NA,NA,NA,NA,NA,NA,NA,NA,NA
1205718.06534041,1104890.11254592,NA,NA,NA,NA,NA,NA,NA,NA,NA,NA,NA,NA,NA,NA,NA,NA,NA,NA,NA,NA,NA,NA,NA,NA,NA,NA,NA,NA,NA,NA,NA,NA,NA,NA,NA,NA,NA,NA,NA,NA,NA,NA,NA,NA,NA,NA,NA,NA,NA,NA,NA,NA,NA,NA,NA,NA,NA,NA,NA,NA,NA,NA,NA,NA,NA,NA,NA,NA,NA,NA,NA,NA,NA,NA,NA,NA
1213867.29025514,1104890.11254592,NA,NA,NA,NA,NA,NA,NA,NA,NA,NA,NA,NA,NA,NA,NA,NA,NA,NA,NA,NA,NA,NA,NA,NA,NA,NA,NA,NA,NA,NA,NA,NA,NA,NA,NA,NA,NA,NA,NA,NA,NA,NA,NA,NA,NA,NA,NA,NA,NA,NA,NA,NA,NA,NA,NA,NA,NA,NA,NA,NA,NA,NA,NA,NA,NA,NA,NA,NA,NA,NA,NA,NA,NA,NA,NA,NA
1222016.51516988,1104890.11254592,NA,NA,NA,NA,NA,NA,NA,NA,NA,NA,NA,NA,NA,NA,NA,NA,NA,NA,NA,NA,NA,NA,NA,NA,NA,NA,NA,NA,NA,NA,NA,NA,NA,NA,NA,NA,NA,NA,NA,NA,NA,NA,NA,NA,NA,NA,NA,NA,NA,NA,NA,NA,NA,NA,NA,NA,NA,NA,NA,NA,NA,NA,NA,NA,NA,NA,NA,NA,NA,NA,NA,NA,NA,NA,NA,NA
879749.068751066,1096740.88763119,NA,NA,NA,NA,NA,NA,NA,NA,NA,NA,NA,NA,NA,NA,NA,NA,NA,NA,NA,NA,NA,NA,NA,NA,NA,NA,NA,NA,NA,NA,NA,NA,NA,NA,NA,NA,NA,NA,NA,NA,NA,NA,NA,NA,NA,NA,NA,NA,NA,NA,NA,NA,NA,NA,NA,NA,NA,NA,NA,NA,NA,NA,NA,NA,NA,NA,NA,NA,NA,NA,NA,NA,NA,NA,NA,NA
887898.2936658,1096740.88763119,NA,NA,NA,NA,NA,NA,NA,NA,NA,NA,NA,NA,NA,NA,NA,NA,NA,NA,NA,NA,NA,NA,NA,NA,NA,NA,NA,NA,NA,NA,NA,NA,NA,NA,NA,NA,NA,NA,NA,NA,NA,NA,NA,NA,NA,NA,NA,NA,NA,NA,NA,NA,NA,NA,NA,NA,NA,NA,NA,NA,NA,NA,NA,NA,NA,NA,NA,NA,NA,NA,NA,NA,NA,NA,NA,NA
896047.518580533,1096740.88763119,NA,NA,NA,NA,NA,NA,NA,NA,NA,NA,NA,NA,NA,NA,NA,NA,NA,NA,NA,NA,NA,NA,NA,NA,NA,NA,NA,NA,NA,NA,NA,NA,NA,NA,NA,NA,NA,NA,NA,NA,NA,NA,NA,NA,NA,NA,NA,NA,NA,NA,NA,NA,NA,NA,NA,NA,NA,NA,NA,NA,NA,NA,NA,NA,NA,NA,NA,NA,NA,NA,NA,NA,NA,NA,NA,NA
904196.743495267,1096740.88763119,NA,NA,NA,NA,NA,NA,NA,NA,NA,NA,NA,NA,NA,NA,NA,NA,NA,NA,NA,NA,NA,NA,NA,NA,NA,NA,NA,NA,NA,NA,NA,NA,NA,NA,NA,NA,NA,NA,NA,NA,NA,NA,NA,NA,NA,NA,NA,NA,NA,NA,NA,NA,NA,NA,NA,NA,NA,NA,NA,NA,NA,NA,NA,NA,NA,NA,NA,NA,NA,NA,NA,NA,NA,NA,NA,NA
912345.96841,1096740.88763119,NA,NA,NA,NA,NA,NA,NA,NA,NA,NA,NA,NA,NA,NA,NA,NA,NA,NA,NA,NA,NA,NA,NA,NA,NA,NA,NA,NA,NA,NA,NA,NA,NA,NA,NA,NA,NA,NA,NA,NA,NA,NA,NA,NA,NA,NA,NA,NA,NA,NA,NA,NA,NA,NA,NA,NA,NA,NA,NA,NA,NA,NA,NA,NA,NA,NA,NA,NA,NA,NA,NA,NA,NA,NA,NA,NA
920495.193324734,1096740.88763119,NA,NA,NA,NA,NA,NA,NA,NA,NA,NA,NA,NA,NA,NA,NA,NA,NA,NA,NA,NA,NA,NA,NA,NA,NA,NA,NA,NA,NA,NA,NA,NA,NA,NA,NA,NA,NA,NA,NA,NA,NA,NA,NA,NA,NA,NA,NA,NA,NA,NA,NA,NA,NA,NA,NA,NA,NA,NA,NA,NA,NA,NA,NA,NA,NA,NA,NA,NA,NA,NA,NA,NA,NA,NA,NA,NA
928644.418239468,1096740.88763119,NA,NA,NA,NA,NA,NA,NA,NA,NA,NA,NA,NA,NA,NA,NA,NA,NA,NA,NA,NA,NA,NA,NA,NA,NA,NA,NA,NA,NA,NA,NA,NA,NA,NA,NA,NA,NA,NA,NA,NA,NA,NA,NA,NA,NA,NA,NA,NA,NA,NA,NA,NA,NA,NA,NA,NA,NA,NA,NA,NA,NA,NA,NA,NA,NA,NA,NA,NA,NA,NA,NA,NA,NA,NA,NA,NA
936793.643154201,1096740.88763119,NA,NA,NA,NA,NA,NA,NA,NA,NA,NA,NA,NA,NA,NA,NA,NA,NA,NA,NA,NA,NA,NA,NA,NA,NA,NA,NA,NA,NA,NA,NA,NA,NA,NA,NA,NA,NA,NA,NA,NA,NA,NA,NA,NA,NA,NA,NA,NA,NA,NA,NA,NA,NA,NA,NA,NA,NA,NA,NA,NA,NA,NA,NA,NA,NA,NA,NA,NA,NA,NA,NA,NA,NA,NA,NA,NA
944942.868068935,1096740.88763119,NA,NA,NA,NA,NA,NA,NA,NA,NA,NA,NA,NA,NA,NA,NA,NA,NA,NA,NA,NA,NA,NA,NA,NA,NA,NA,NA,NA,NA,NA,NA,NA,NA,NA,NA,NA,NA,NA,NA,NA,NA,NA,NA,NA,NA,NA,NA,NA,NA,NA,NA,NA,NA,NA,NA,NA,NA,NA,NA,NA,NA,NA,NA,NA,NA,NA,NA,NA,NA,NA,NA,NA,NA,NA,NA,NA
953092.092983668,1096740.88763119,NA,NA,NA,NA,NA,NA,NA,NA,NA,NA,NA,NA,NA,NA,NA,NA,NA,NA,NA,NA,NA,NA,NA,NA,NA,NA,NA,NA,NA,NA,NA,NA,NA,NA,NA,NA,NA,NA,NA,NA,NA,NA,NA,NA,NA,NA,NA,NA,NA,NA,NA,NA,NA,NA,NA,NA,NA,NA,NA,NA,NA,NA,NA,NA,NA,NA,NA,NA,NA,NA,NA,NA,NA,NA,NA,NA
961241.317898402,1096740.88763119,NA,NA,NA,NA,NA,NA,NA,NA,NA,NA,NA,NA,NA,NA,NA,NA,NA,NA,NA,NA,NA,NA,NA,NA,NA,NA,NA,NA,NA,NA,NA,NA,NA,NA,NA,NA,NA,NA,NA,NA,NA,NA,NA,NA,NA,NA,NA,NA,NA,NA,NA,NA,NA,NA,NA,NA,NA,NA,NA,NA,NA,NA,NA,NA,NA,NA,NA,NA,NA,NA,NA,NA,NA,NA,NA,NA
969390.542813136,1096740.88763119,NA,NA,NA,NA,NA,NA,NA,NA,NA,NA,NA,NA,NA,NA,NA,NA,NA,NA,NA,NA,NA,NA,NA,NA,NA,NA,NA,NA,NA,NA,NA,NA,NA,NA,NA,NA,NA,NA,NA,NA,NA,NA,NA,NA,NA,NA,NA,NA,NA,NA,NA,NA,NA,NA,NA,NA,NA,NA,NA,NA,NA,NA,NA,NA,NA,NA,NA,NA,NA,NA,NA,NA,NA,NA,NA,NA
977539.767727869,1096740.88763119,NA,NA,NA,NA,NA,NA,NA,NA,NA,NA,NA,NA,NA,NA,NA,NA,NA,NA,NA,NA,NA,NA,NA,NA,NA,NA,NA,NA,NA,NA,NA,NA,NA,NA,NA,NA,NA,NA,NA,NA,NA,NA,NA,NA,NA,NA,NA,NA,NA,NA,NA,NA,NA,NA,NA,NA,NA,NA,NA,NA,NA,NA,NA,NA,NA,NA,NA,NA,NA,NA,NA,NA,NA,NA,NA,NA
985688.992642603,1096740.88763119,NA,NA,NA,NA,NA,NA,NA,NA,NA,NA,NA,NA,NA,NA,NA,NA,NA,NA,NA,NA,NA,NA,NA,NA,NA,NA,NA,NA,NA,NA,NA,NA,NA,NA,NA,NA,NA,NA,NA,NA,NA,NA,NA,NA,NA,NA,NA,NA,NA,NA,NA,NA,NA,NA,NA,NA,NA,NA,NA,NA,NA,NA,NA,NA,NA,NA,NA,NA,NA,NA,NA,NA,NA,NA,NA,NA
993838.217557336,1096740.88763119,NA,NA,NA,NA,NA,NA,NA,NA,NA,NA,NA,NA,NA,NA,NA,NA,NA,NA,NA,NA,NA,NA,NA,NA,NA,NA,NA,NA,NA,NA,NA,NA,NA,NA,NA,NA,NA,NA,NA,NA,NA,NA,NA,NA,NA,NA,NA,NA,NA,NA,NA,NA,NA,NA,NA,NA,NA,NA,NA,NA,NA,NA,NA,NA,NA,NA,NA,NA,NA,NA,NA,NA,NA,NA,NA,NA
1001987.44247207,1096740.88763119,-3.0424232814814,-1.27010403189986,0.727799791911162,-0.349032177448186,-1.04314567406208,-0.680701499918066,-0.131143179852598,-1.77256611271586,0.633379536777305,1.10612209387296,-1.19558566000488,0.215028634513145,1.54191011696415,-1.04241264003814,0.183090513868644,0.810828380074904,0.885705125855925,0.651509603319206,1.3532008222198,-1.28497612579045,-0.358342551836573,0.614343731528373,-0.0830579265620487,0.945682405543789,1.08745220130078,-0.154927196073845,1.28459756395327,-0.21294394113626,-1.6735077725109,-1.10157427656089,-0.58094905512074,-0.822016322333911,2.10038564071315,-0.401965804787405,-0.055529427521052,-1.08262947354347,0.760915773004498,0.443556938591487,0.551027017540858,0.926251117962581,0.723215267613753,-1.07584945741247,0.457387749697753,-1.66609971774842,1.52054905945947,-1.31121542204967,1.07433843194613,0.887525586161598,-0.204675875593116,-0.162177987502834,-0.404001907801477,-0.505829688773174,-0.358303593746243,1.02967359862268,0.400892971569039,0.167522826132993,0.0602233083444896,0.694122703576174,-0.214743295714275,0.156516119573471,0.0554842389734857,1.00333566324424,1.65849325600572,-1.26523274470261,-0.175665613920688,1.42207944387273,-1.10563849817216,0.0739764363428206,0.500991803457799,0.338136214099076,1.71661698968145,0.266697575360735,0.258692703680288,-2.29920809888745,-1.29161591998683,-1.10107418305355
1010136.6673868,1096740.88763119,-3.03927479873798,-1.26513074613472,0.78883853747541,-0.310080690704696,-1.03756814255051,-0.681216246475089,-0.125251132678301,-1.73608359031524,0.575478704389335,1.11532391662274,-1.17483851166002,0.194907989244647,1.46681366049401,-1.0597303207303,0.226498258055894,0.872834370230143,0.913885798978359,0.714736467569759,1.28597823352458,-1.2370361455171,-0.379070901462904,0.601312704530366,-0.115300084366147,0.893415605839829,1.0837108448798,-0.14307484909554,1.27239544882646,-0.229958980140565,-1.6751682566872,-1.07779402209444,-0.615872144349209,-0.868724338492873,2.12496381820548,-0.393745025806283,-0.0138888564617981,-1.0608908110385,0.739419686120811,0.44027918965271,0.567939617382876,0.888439640145329,0.718495477063236,-1.08934101797191,0.456349484375845,-1.68761550906667,1.58785910300235,-1.3053324442631,1.03008440930945,0.911131345235452,-0.191027679547724,-0.101653032155513,-0.423774455493932,-0.554178367635789,-0.397523712876722,1.02961390729945,0.433577236331938,0.211079322596379,0.0614109872399928,0.730280565433835,-0.231023146417317,0.174378229870441,0.0398931777882138,1.02437083163164,1.67616403909672,-1.27440410819899,-0.234059143909185,1.39469680560847,-1.11086187773886,0.0774000916874496,0.51082738898654,0.331595816638641,1.67504508213297,0.273507985658165,0.305015680458349,-2.27478175352313,-1.32119138139764,-1.17672522747113
1018285.89230154,1096740.88763119,-3.03303511322369,-1.26048794117504,0.846176354111404,-0.272423770505611,-1.03128020230745,-0.682904664960491,-0.118838327317644,-1.69921707670442,0.513545960257596,1.12270295778199,-1.15281369510444,0.172402025393637,1.38574486398542,-1.07847577403992,0.268792286649301,0.931710954785109,0.940551310086936,0.774819031516364,1.21423349805416,-1.18882211910514,-0.399801630772351,0.584361597933879,-0.150496258379043,0.837828457733337,1.07624996852143,-0.133060231645345,1.25553377741611,-0.248850198842161,-1.67627393429629,-1.05561790384762,-0.653085737666125,-0.918140760080144,2.1442132371665,-0.386868420528038,0.0261110578557116,-1.03980027349593,0.714973529261118,0.433920249926942,0.583582280707131,0.845990458678505,0.710827788783439,-1.10337781775591,0.452704569204836,-1.70888133504148,1.64917286772716,-1.29817816839478,0.982617171635452,0.93118879050579,-0.177106549736617,-0.0455642242055522,-0.443817623628163,-0.604702564231086,-0.439253922178382,1.02634527812144,0.463104964025515,0.252592207452471,0.0611930092011287,0.761636412083939,-0.24834786320725,0.188852418762972,0.0214950752123028,1.04228290087431,1.68939315380011,-1.28566290681583,-0.296255558885201,1.36284128166749,-1.1139577171856,0.0802421881742738,0.517746327413582,0.322626561296445,1.66569935928339,0.317133302262946,0.381409849409719,-2.23090652161692,-1.32997873474945,-1.23355778306089
1026435.11721627,1096740.88763119,-3.01889503668751,-1.26189357984076,0.894192274133699,-0.236390719098786,-1.01462187232422,-0.682251546637674,-0.083304133396909,-1.65631408845319,0.460289438137486,1.14935486726332,-1.12071491693739,0.144392831925391,1.30690656989763,-1.09934504262975,0.319262905409279,0.991446183709258,0.984797477029511,0.826205074705352,1.1534542169974,-1.13614133092475,-0.392136546119432,0.556792386005697,-0.192075972403312,0.791394218939049,1.0724956258907,-0.129841493972212,1.23432519267206,-0.270536649045216,-1.67182916793986,-1.05009241412792,-0.689121686844863,-0.974506574944829,2.16300133103175,-0.383187665501729,0.0562837182408333,-1.02012682733135,0.695659809158872,0.422395566642337,0.608861344304059,0.79340084431543,0.696250359315783,-1.11761722381726,0.440327348477267,-1.72664371511806,1.69032988446661,-1.27942321858488,0.942200972075347,0.944358314215436,-0.150202545048925,-0.0245682245474223,-0.441507497700156,-0.651313868791463,-0.477108492907201,1.0327905606116,0.486893309359024,0.292420784470805,0.05923564954688,0.764982941915555,-0.259343121011302,0.186640207164822,-0.00791004430107813,1.06031864904953,1.69402461920637,-1.31144519552708,-0.34898126589046,1.33573345893238,-1.09454160231387,0.0916360993618785,0.516400582111069,0.310126944086717,1.66841505984431,0.34459352052045,0.431916082115971,-2.18155066793537,-1.33560202345587,-1.28921104408186
1034584.342131,1096740.88763119,-2.99802432068734,-1.2724232211709,0.923918923982338,-0.207756654229428,-0.98447413354171,-0.678928967866216,-0.01206996726916,-1.61402524884409,0.427622095627161,1.20055000518313,-1.07955601862477,0.113566325440723,1.24600790693964,-1.12046309300097,0.374522570058276,1.04462269550848,1.0487335946824,0.859639808106614,1.11889553530791,-1.0855862828663,-0.345611833587692,0.518290998913442,-0.236672992236549,0.767658323221877,1.07551099363407,-0.13544227393408,1.21202772893546,-0.292681352558396,-1.66166217339664,-1.06926691047644,-0.718616202375744,-1.03095982228459,2.17878093848997,-0.383197295103226,0.0694055946032214,-1.00422394720859,0.686972727120479,0.406321753769996,0.645576469612112,0.735907055067205,0.67461998440693,-1.12890273767407,0.419396235525886,-1.73748631677546,1.69782634899889,-1.24695988912875,0.919638635933969,0.946527754140101,-0.109021732047633,-0.0557282006635265,-0.408200296899349,-0.685239362210801,-0.504544525621567,1.05230708227661,0.4995767436323,0.32633933470602,0.0572057565080088,0.728609011937276,-0.258520915435888,0.162153845145432,-0.0484583356435591,1.07653486628883,1.68831750421764,-1.35494371325933,-0.380541886668198,1.32084390198821,-1.04746737457296,0.114599945728876,0.503784437067308,0.295246225913929,1.67810080917064,0.334315921782529,0.432692185654802,-2.13812056871894,-1.34176302610529,-1.34070530768644
1042733.56704574,1096740.88763119,-2.97268690251643,-1.28300097562499,0.949074903545941,-0.179945132242701,-0.951045064725584,-0.674090672467472,0.0652478225760453,-1.57003185847911,0.399160787754414,1.25530339126608,-1.03584584725712,0.0821963733096371,1.18684643544667,-1.14048925608559,0.43019346102963,1.09564817762938,1.11488952113107,0.888842637510743,1.08910863766693,-1.03446865975182,-0.29171634989107,0.476963267164564,-0.281422939583524,0.747747192897108,1.07901733229868,-0.142639847429851,1.18779720201843,-0.314466856402029,-1.64819654236328,-1.09232431294983,-0.745720569248504,-1.08694692850652,2.19227396091047,-0.383613932265103,0.0793868350660972,-0.988691337003007,0.680159495812247,0.388731507734574,0.683859365682789,0.675742861462338,0.651152265408652,-1.13868872250785,0.395685058412338,-1.74479881831433,1.69746839689883,-1.21098282929094,0.900217712691694,0.94598691602378,-0.0646997068001107,-0.0974361418503534,-0.368367810154933,-0.715439930657648,-0.528921398773272,1.07350384669543,0.509840814536033,0.358577798316652,0.0550257083840748,0.683302318974699,-0.255205410542532,0.132687339808467,-0.0915249341375149,1.09160765346227,1.67848283714762,-1.40120900710176,-0.407285930605799,1.3071763614934,-0.994536239673548,0.139783695684106,0.488755411091629,0.279661914962875,1.68750425427769,0.314639820631723,0.426092938869435,-2.0963229391833,-1.34451259411757,-1.38856779761169
1050882.79196047,1096740.88763119,-2.93603795445847,-1.29249518976249,0.975219087461663,-0.148475093247742,-0.916090321135734,-0.665905257609376,0.143436806243699,-1.51929744478939,0.370390999775509,1.31122433228936,-0.985893189751965,0.0503015007827498,1.11606884713439,-1.1569163276378,0.488017341471567,1.15088517429504,1.18127458274991,0.919706248666095,1.05358405755202,-0.97845376077202,-0.232465029620422,0.432315376917552,-0.327037071974973,0.724851531604628,1.08204070762126,-0.149278396865428,1.1553367786895,-0.339735760002824,-1.63095927035278,-1.11186374881945,-0.771229725027008,-1.15359287368642,2.20516142022328,-0.386615510337014,0.0957797987196369,-0.971144140412459,0.669107134947755,0.37006681397002,0.720694967489575,0.607416714593744,0.624528401467412,-1.14715362465322,0.366045970942665,-1.74691813270413,1.69678605212141,-1.1775349599092,0.872678881291671,0.947683032180831,-0.0240199164078008,-0.136292508016518,-0.323717770096737,-0.743912071882685,-0.55528870263195,1.09668078464928,0.523717316660233,0.394851581520464,0.0457241002425833,0.639674341328141,-0.254406969530131,0.103711224657657,-0.140784907246126,1.10782015217727,1.66571730967679,-1.44489587930309,-0.427532655808586,1.28897577632873,-0.938689536071278,0.161902046384902,0.47087159628515,0.258303773463019,1.69711698278052,0.291641858136112,0.431066243938544,-2.05279158555755,-1.33663647741103,-1.43519520960369
1059032.01687521,1096740.88763119,-2.8842725094806,-1.30510066798399,0.999464650341052,-0.118541045865231,-0.891320801455613,-0.653857134510547,0.187801155088652,-1.48012755482809,0.354076194243783,1.35277760686834,-0.937087847215587,0.0385767630154841,1.04291911779741,-1.15738655793746,0.529546993341571,1.20250728824352,1.22338851793442,0.946045792017159,1.01535522236896,-0.933287042189779,-0.177344371897386,0.397529287802225,-0.352340704906389,0.711123853495289,1.08588075546919,-0.148122696070995,1.10911041758939,-0.371185623892965,-1.61917276311917,-1.11194092560065,-0.781605468398816,-1.23960655732384,2.21424417661342,-0.401847675930592,0.139750388243186,-0.953235265650628,0.641472951080081,0.360191693584539,0.738001504871305,0.547186329395105,0.600269066790828,-1.1468446871094,0.331690910452845,-1.73531053883659,1.69816060951003,-1.17845426434636,0.82978689123816,0.963241770262072,-0.026165227965134,-0.140070025211687,-0.283012673223518,-0.756507114039193,-0.586874989864566,1.12014812406516,0.546987748543346,0.441275502524438,0.0118675926384512,0.636095664056353,-0.267691605924313,0.0978609594439168,-0.19571571213758,1.12618630589303,1.66185665381346,-1.46392234013135,-0.410492711491616,1.26818280412431,-0.904560390876436,0.160512606978396,0.44703098310109,0.22107620251964,1.70943437672881,0.278411121706718,0.44554364565125,-2.01632247868548,-1.31791798568093,-1.48516004456528
1067181.24178994,1096740.88763119,-2.83049551537353,-1.31685159426272,1.01769211284532,-0.0952758229754525,-0.880925137964489,-0.640480142400254,0.198721471574597,-1.45451616309337,0.352514934341423,1.37612761626072,-0.897976203927529,0.0449396617872588,0.978773993788109,-1.14232164494364,0.552545084619885,1.24279738524272,1.23943981555288,0.966331949077701,0.982337655430921,-0.905065444320304,-0.135309741001604,0.376615970305265,-0.358101481046209,0.707292527715797,1.0898382424966,-0.139900791991607,1.05941736562387,-0.403234293940442,-1.61465172990635,-1.09643018377623,-0.779572542570391,-1.32681484492817,2.22012220064076,-0.422523448839822,0.196438008449095,-0.939362132398338,0.607677393411894,0.358533054370716,0.737071969759533,0.505393089749475,0.582696119094047,-1.13908369148411,0.29833296044967,-1.71594995677291,1.70222364953959,-1.208918439055,0.778697908442109,0.988661981809749,-0.062318005363907,-0.113670174805415,-0.252488731406257,-0.752017329781851,-0.6195577791749,1.13991127885383,0.577334750990738,0.488577303769467,-0.0377403122364517,0.664590318407411,-0.291284677038706,0.110958323552571,-0.245093415570068,1.14262620450724,1.66661843731924,-1.4591876796689,-0.367854893250818,1.24785896500387,-0.892609910595567,0.139723758233221,0.426592860962493,0.178020723699982,1.71853087710287,0.273544570238317,0.463377292692221,-1.99514489996837,-1.29536108572117,-1.53349179261191
1075330.46670467,1096740.88763119,-2.77327716955524,-1.32773256322159,1.03596905791085,-0.070872463971877,-0.869733956525039,-0.625487102817349,0.207258572445481,-1.42834355958684,0.352278413013764,1.39834069040142,-0.857667971864184,0.0536721202427871,0.912254907749155,-1.12473646994802,0.574381931295619,1.28353423075577,1.25368367355367,0.986210086201615,0.947856951072815,-0.876084269825263,-0.0924956696880226,0.35681929185763,-0.360668931639949,0.704075034321933,1.09402429240204,-0.13038236477719,1.00666517799159,-0.435583912548185,-1.6089395994886,-1.07770932399043,-0.77463590296856,-1.41868070257379,2.22516257690178,-0.444534602667936,0.256387651015133,-0.923911865987942,0.570915851405383,0.358215578650848,0.734275995983156,0.463269303873047,0.565022461840258,-1.12958231124909,0.263766467375872,-1.6937385710431,1.70624111366132,-1.24174277500307,0.724900012672066,1.01565991095871,-0.102509932960476,-0.0831189925604574,-0.221216280281735,-0.745257342447367,-0.652047132104528,1.1600135943345,0.608452068088021,0.537122117501673,-0.0906161151869427,0.697627326911326,-0.316033076223601,0.127051849100694,-0.296118371705166,1.15951277517291,1.67116589858266,-1.45045799134318,-0.320157393950339,1.22706834270763,-0.881141064000302,0.116910719937222,0.404224892026307,0.132435272458223,1.71334529509555,0.263324100622306,0.48419343035993,-1.97868645149958,-1.26730121749346,-1.58864142856044
1083479.69161941,1096740.88763119,-2.71533356560463,-1.33726209792558,1.04662921492646,-0.04465002685108,-0.850963868384448,-0.607715109694983,0.210067980994133,-1.39982661553704,0.346327283299087,1.40751542354028,-0.811060759886333,0.0700753516666882,0.842683209397272,-1.10192175982292,0.597948113279825,1.31754114629109,1.26681972925302,1.00370084942221,0.914262824102125,-0.862374953401957,-0.0579575387760569,0.348883166554814,-0.356151764752463,0.711269678807799,1.09967201339071,-0.119516321787618,0.954051114688932,-0.481247479562112,-1.60590031224442,-1.05728753456429,-0.771396430045495,-1.53055547459282,2.22242772639418,-0.468921728035879,0.319638348879729,-0.914622947858604,0.551529776843573,0.356279635185175,0.730430704215791,0.434787426686363,0.565045978604688,-1.11408906740885,0.228817111731823,-1.68693450089041,1.70423125539765,-1.27529018738035,0.664886768001845,1.04199523194941,-0.155962777676604,-0.0390473402582201,-0.19737111863147,-0.728169074936062,-0.689325198766978,1.175377834699,0.623229497763314,0.578129665767368,-0.139390145016589,0.728609643733667,-0.336955565457108,0.153241116812704,-0.350783692015012,1.17801125494969,1.67630927282716,-1.43668100386566,-0.2738115351088,1.1955402208382,-0.867394191168301,0.0965916190711719,0.386052394944613,0.0910426193893656,1.70964406512872,0.251989806409658,0.51636000747649,-1.95921623949977,-1.24439059222064,-1.62373487610717
1091628.91653414,1096740.88763119,-2.6783314298594,-1.34518911392833,1.03543297095262,-0.0242057988025708,-0.823144235354441,-0.591973818349733,0.196267125029624,-1.38080720164896,0.327026843077757,1.38205374019362,-0.769005894508716,0.0999578974962546,0.798445572597403,-1.07763580805135,0.615284571575789,1.32363051279215,1.27332242531856,1.00775567558356,0.901625094688667,-0.896195674518978,-0.0556162838754088,0.378660580009344,-0.335339878608101,0.743589729211747,1.1092658679622,-0.111671647054885,0.925725296759022,-0.542848034226909,-1.61584627241879,-1.04282708502329,-0.773726030829518,-1.65357067856489,2.2065767971846,-0.492757268083274,0.368673040671534,-0.928410242378537,0.583617985770724,0.352857916270299,0.725113439992132,0.453691032889169,0.609651169085938,-1.09300812215628,0.207334393897637,-1.72304244873861,1.69189136697548,-1.30245206502043,0.615502439817073,1.05832056544081,-0.222806744047952,0.0225874751113876,-0.20256808668714,-0.695284342816631,-0.723817928977772,1.1745362658884,0.594661596845358,0.587748443969116,-0.159044905690362,0.744466955290467,-0.340717076265922,0.19314699616777,-0.395326295554246,1.19508586670789,1.68312492402387,-1.41927547705252,-0.245730004745581,1.15300499922172,-0.856223763760882,0.0904142828196957,0.385456735710957,0.0753334413992705,1.71777559597873,0.241687592784626,0.558133068884466,-1.94347051869329,-1.24867636874033,-1.59956000252886
1099778.14144887,1096740.88763119,-2.65168197489781,-1.35039762735111,1.01597104851409,-0.00750795918825397,-0.793070795520475,-0.577060688187262,0.1758062480672,-1.36659672153,0.305439378718221,1.34395651304017,-0.73163922198509,0.132080295797006,0.769013331744786,-1.05482856771559,0.628572421747871,1.318217017627,1.27709148265864,1.00633762049065,0.896218274628371,-0.945401783797515,-0.0679532152079932,0.419357839589407,-0.308404427199995,0.782081749375252,1.11969665620695,-0.105215707853727,0.910328343148049,-0.605656291850958,-1.6272855556023,-1.03086891202275,-0.777843421469865,-1.76971741329637,2.18525258449206,-0.51427303354558,0.407593784116111,-0.947989789610966,0.632756710003067,0.348883901621874,0.719608844922986,0.490386392552397,0.668638094582836,-1.07109453026322,0.193767568480643,-1.77554628263022,1.67600393400926,-1.32187415929083,0.576497743733633,1.06903464844854,-0.290065138976646,0.0851636779475633,-0.218672549439144,-0.658267935351321,-0.752727177863689,1.1671921069083,0.54613331668503,0.581138580361367,-0.164210141816603,0.754478006355343,-0.337004768987914,0.236986315318266,-0.429659609814756,1.21079988142074,1.68941430909329,-1.39941933092528,-0.226959385651562,1.10961621826628,-0.847195337804685,0.0906453356314743,0.389745541819029,0.0728584902116444,1.72374540165415,0.229579380153682,0.595744249337087,-1.93051229232893,-1.26052604690667,-1.55396519357837
1107927.36636361,1096740.88763119,-2.62301017491912,-1.35325515376596,0.997781969489073,0.0112540562797859,-0.761369376040461,-0.560723544391693,0.154116699107432,-1.35045193591784,0.284382968417445,1.30567387883318,-0.692712553039825,0.165032333269846,0.739867990799218,-1.03057171306933,0.642947265021835,1.31381395388993,1.2818906523577,1.00767179111954,0.892069782756266,-0.995262946222996,-0.0812455901114228,0.460592355127239,-0.279050389189709,0.821697692934509,1.13163914739729,-0.0972090232311851,0.895499043631043,-0.670304905042249,-1.63585890268356,-1.01785577898447,-0.780674522786346,-1.89126291533386,2.16408946555261,-0.535838442423259,0.447971690315161,-0.96699262433435,0.682564895456913,0.34492759108203,0.715507776353211,0.528640535054402,0.729704399232942,-1.0486306048635,0.180424676949439,-1.83071569191884,1.6613462621716,-1.34077293853477,0.537890537197601,1.08101209760846,-0.358624657211972,0.148849628636475,-0.233906118974975,-0.619366824071258,-0.780755039556292,1.16134476570713,0.49473123011505,0.574552572830101,-0.168369627499784,0.767048119627318,-0.331131972034043,0.282457411654835,-0.462270737594464,1.22838843544381,1.69656076178819,-1.37857184631417,-0.206818137816851,1.06597034861558,-0.837120541627515,0.0918039708510305,0.396235047713484,0.0729257991824733,1.70283685868163,0.202208413118474,0.61724933681372,-1.92365410488466,-1.26471201315518,-1.52267654755146
1116076.59127834,1096740.88763119,-2.58846960793806,-1.34602264547568,0.99016672388091,0.0315415417478396,-0.739662922559906,-0.546465457715209,0.116197160769077,-1.3277869483282,0.262867029221742,1.27227175533592,-0.660967981754183,0.189854617388549,0.714391549409164,-1.00659733593344,0.651478240994598,1.31097249611771,1.27594948211872,1.02428120500609,0.907448769518182,-1.04575401831656,-0.106004912989111,0.48917812658282,-0.246283269337521,0.858031176864906,1.14468517852565,-0.0855001404462104,0.875337095602313,-0.732548192840195,-1.62804648797486,-1.01001077398655,-0.780128004180186,-2.00333394739202,2.14275234029975,-0.567471965200397,0.488727377699339,-0.990146506303664,0.713410681743713,0.332009564390013,0.714349956736,0.558588667398023,0.784210700184395,-1.03653091816955,0.158052923484099,-1.87981630336599,1.65445170973761,-1.36792198261993,0.500624918628735,1.09073569411154,-0.414589486009309,0.205861062477481,-0.2388600337356,-0.586631770115665,-0.800237996835679,1.16357515855157,0.450267330200326,0.583347777652564,-0.180483718929972,0.79043465927006,-0.318214731930611,0.312439883451536,-0.484082109893324,1.24682809706872,1.69755413017013,-1.36889382558076,-0.187145632148926,1.03080864965379,-0.828732111703489,0.0891971717503289,0.417097687745069,0.0805337844110832,1.65267007443549,0.173813466445073,0.632388170697029,-1.90531315760545,-1.24975822864501,-1.48897011415705
1124225.81619307,1096740.88763119,-2.55251149330399,-1.32558008850558,0.999648493925588,0.0478971785084871,-0.74238687512073,-0.537213265599272,0.0557718501791493,-1.3016107391415,0.244666452006758,1.25151046429865,-0.648417767943689,0.194526512861249,0.702155021708122,-0.990590202400291,0.647811963079038,1.31054920942033,1.25080613474146,1.05868943429203,0.952598262764679,-1.08768737434753,-0.14595938641469,0.490124434256938,-0.216411829780248,0.883751707744939,1.15512326701314,-0.069882040283917,0.851395706172699,-0.776441457424235,-1.59744850606998,-1.01250651698862,-0.778302823658098,-2.06816437227123,2.12366616861009,-0.611365307307079,0.522081412742543,-1.01567980213167,0.707985689603154,0.305563805179355,0.715398992125695,0.569584298275533,0.817394602979008,-1.04396983287536,0.123736455510482,-1.90547757366668,1.65935290633245,-1.4039840862863,0.473214645232669,1.09184622791925,-0.437263600127001,0.239920752270584,-0.224727018656272,-0.573070245733269,-0.800046888152277,1.17819306262592,0.428125219308147,0.617447532913471,-0.203756301971917,0.825830524836832,-0.299438525401185,0.312307093629688,-0.485290832081661,1.26160545611032,1.68737360624586,-1.37739429951484,-0.171697556198598,1.01813978878004,-0.825478037884079,0.0796498254093234,0.450470647235032,0.0975281613806222,1.59392127461393,0.161428041414934,0.648701137576587,-1.86724684294269,-1.2218731190351,-1.44644245356372
1132375.04110781,1096740.88763119,-2.51571206236959,-1.30219897693165,1.01126795896987,0.063204950876485,-0.74746269944447,-0.528745039444471,-0.00333741885489724,-1.27441798111158,0.22906393888299,1.23494426339,-0.63864032932556,0.195420918960449,0.692259780901531,-0.975282875742108,0.642450964683533,1.31019465655624,1.22467222633418,1.09378782976375,0.997677872109133,-1.12274199182529,-0.184957718413804,0.486054027474009,-0.188628142690382,0.903871823333614,1.16414904990289,-0.0547757392395441,0.827825250941344,-0.812726701753554,-1.56227816249434,-1.01503397257171,-0.774414391396466,-2.11726994284204,2.10585273240098,-0.653187849663843,0.55096706013563,-1.03799087479534,0.695778995969544,0.278871331954763,0.717094489866036,0.575545280048041,0.843371415115327,-1.0531282333058,0.090124452698521,-1.92321269683695,1.66544762241716,-1.4372482408511,0.449816785803035,1.09139732360682,-0.450890874163561,0.266921706172252,-0.207932173489557,-0.562354272790475,-0.795454281255642,1.19323648919652,0.411592434119762,0.65229307792626,-0.226721498055381,0.859905430245237,-0.280058737051536,0.306574296667065,-0.481280248407814,1.27404286957196,1.67488489281024,-1.38718565343697,-0.157350932718857,1.01000330358441,-0.822114489906914,0.0701670393188459,0.484317783220488,0.115238478498087,1.54123310891114,0.1433686632041,0.660380175059344,-1.83136278780127,-1.20938386163189,-1.41583133680718
1140524.26602254,1096740.88763119,NA,NA,NA,NA,NA,NA,NA,NA,NA,NA,NA,NA,NA,NA,NA,NA,NA,NA,NA,NA,NA,NA,NA,NA,NA,NA,NA,NA,NA,NA,NA,NA,NA,NA,NA,NA,NA,NA,NA,NA,NA,NA,NA,NA,NA,NA,NA,NA,NA,NA,NA,NA,NA,NA,NA,NA,NA,NA,NA,NA,NA,NA,NA,NA,NA,NA,NA,NA,NA,NA,NA,NA,NA,NA,NA,NA
1148673.49093727,1096740.88763119,NA,NA,NA,NA,NA,NA,NA,NA,NA,NA,NA,NA,NA,NA,NA,NA,NA,NA,NA,NA,NA,NA,NA,NA,NA,NA,NA,NA,NA,NA,NA,NA,NA,NA,NA,NA,NA,NA,NA,NA,NA,NA,NA,NA,NA,NA,NA,NA,NA,NA,NA,NA,NA,NA,NA,NA,NA,NA,NA,NA,NA,NA,NA,NA,NA,NA,NA,NA,NA,NA,NA,NA,NA,NA,NA,NA
1156822.71585201,1096740.88763119,NA,NA,NA,NA,NA,NA,NA,NA,NA,NA,NA,NA,NA,NA,NA,NA,NA,NA,NA,NA,NA,NA,NA,NA,NA,NA,NA,NA,NA,NA,NA,NA,NA,NA,NA,NA,NA,NA,NA,NA,NA,NA,NA,NA,NA,NA,NA,NA,NA,NA,NA,NA,NA,NA,NA,NA,NA,NA,NA,NA,NA,NA,NA,NA,NA,NA,NA,NA,NA,NA,NA,NA,NA,NA,NA,NA
1164971.94076674,1096740.88763119,NA,NA,NA,NA,NA,NA,NA,NA,NA,NA,NA,NA,NA,NA,NA,NA,NA,NA,NA,NA,NA,NA,NA,NA,NA,NA,NA,NA,NA,NA,NA,NA,NA,NA,NA,NA,NA,NA,NA,NA,NA,NA,NA,NA,NA,NA,NA,NA,NA,NA,NA,NA,NA,NA,NA,NA,NA,NA,NA,NA,NA,NA,NA,NA,NA,NA,NA,NA,NA,NA,NA,NA,NA,NA,NA,NA
1173121.16568148,1096740.88763119,NA,NA,NA,NA,NA,NA,NA,NA,NA,NA,NA,NA,NA,NA,NA,NA,NA,NA,NA,NA,NA,NA,NA,NA,NA,NA,NA,NA,NA,NA,NA,NA,NA,NA,NA,NA,NA,NA,NA,NA,NA,NA,NA,NA,NA,NA,NA,NA,NA,NA,NA,NA,NA,NA,NA,NA,NA,NA,NA,NA,NA,NA,NA,NA,NA,NA,NA,NA,NA,NA,NA,NA,NA,NA,NA,NA
1181270.39059621,1096740.88763119,NA,NA,NA,NA,NA,NA,NA,NA,NA,NA,NA,NA,NA,NA,NA,NA,NA,NA,NA,NA,NA,NA,NA,NA,NA,NA,NA,NA,NA,NA,NA,NA,NA,NA,NA,NA,NA,NA,NA,NA,NA,NA,NA,NA,NA,NA,NA,NA,NA,NA,NA,NA,NA,NA,NA,NA,NA,NA,NA,NA,NA,NA,NA,NA,NA,NA,NA,NA,NA,NA,NA,NA,NA,NA,NA,NA
1189419.61551094,1096740.88763119,NA,NA,NA,NA,NA,NA,NA,NA,NA,NA,NA,NA,NA,NA,NA,NA,NA,NA,NA,NA,NA,NA,NA,NA,NA,NA,NA,NA,NA,NA,NA,NA,NA,NA,NA,NA,NA,NA,NA,NA,NA,NA,NA,NA,NA,NA,NA,NA,NA,NA,NA,NA,NA,NA,NA,NA,NA,NA,NA,NA,NA,NA,NA,NA,NA,NA,NA,NA,NA,NA,NA,NA,NA,NA,NA,NA
1197568.84042568,1096740.88763119,NA,NA,NA,NA,NA,NA,NA,NA,NA,NA,NA,NA,NA,NA,NA,NA,NA,NA,NA,NA,NA,NA,NA,NA,NA,NA,NA,NA,NA,NA,NA,NA,NA,NA,NA,NA,NA,NA,NA,NA,NA,NA,NA,NA,NA,NA,NA,NA,NA,NA,NA,NA,NA,NA,NA,NA,NA,NA,NA,NA,NA,NA,NA,NA,NA,NA,NA,NA,NA,NA,NA,NA,NA,NA,NA,NA
1205718.06534041,1096740.88763119,NA,NA,NA,NA,NA,NA,NA,NA,NA,NA,NA,NA,NA,NA,NA,NA,NA,NA,NA,NA,NA,NA,NA,NA,NA,NA,NA,NA,NA,NA,NA,NA,NA,NA,NA,NA,NA,NA,NA,NA,NA,NA,NA,NA,NA,NA,NA,NA,NA,NA,NA,NA,NA,NA,NA,NA,NA,NA,NA,NA,NA,NA,NA,NA,NA,NA,NA,NA,NA,NA,NA,NA,NA,NA,NA,NA
1213867.29025514,1096740.88763119,NA,NA,NA,NA,NA,NA,NA,NA,NA,NA,NA,NA,NA,NA,NA,NA,NA,NA,NA,NA,NA,NA,NA,NA,NA,NA,NA,NA,NA,NA,NA,NA,NA,NA,NA,NA,NA,NA,NA,NA,NA,NA,NA,NA,NA,NA,NA,NA,NA,NA,NA,NA,NA,NA,NA,NA,NA,NA,NA,NA,NA,NA,NA,NA,NA,NA,NA,NA,NA,NA,NA,NA,NA,NA,NA,NA
1222016.51516988,1096740.88763119,NA,NA,NA,NA,NA,NA,NA,NA,NA,NA,NA,NA,NA,NA,NA,NA,NA,NA,NA,NA,NA,NA,NA,NA,NA,NA,NA,NA,NA,NA,NA,NA,NA,NA,NA,NA,NA,NA,NA,NA,NA,NA,NA,NA,NA,NA,NA,NA,NA,NA,NA,NA,NA,NA,NA,NA,NA,NA,NA,NA,NA,NA,NA,NA,NA,NA,NA,NA,NA,NA,NA,NA,NA,NA,NA,NA
879749.068751066,1088591.66271646,NA,NA,NA,NA,NA,NA,NA,NA,NA,NA,NA,NA,NA,NA,NA,NA,NA,NA,NA,NA,NA,NA,NA,NA,NA,NA,NA,NA,NA,NA,NA,NA,NA,NA,NA,NA,NA,NA,NA,NA,NA,NA,NA,NA,NA,NA,NA,NA,NA,NA,NA,NA,NA,NA,NA,NA,NA,NA,NA,NA,NA,NA,NA,NA,NA,NA,NA,NA,NA,NA,NA,NA,NA,NA,NA,NA
887898.2936658,1088591.66271646,NA,NA,NA,NA,NA,NA,NA,NA,NA,NA,NA,NA,NA,NA,NA,NA,NA,NA,NA,NA,NA,NA,NA,NA,NA,NA,NA,NA,NA,NA,NA,NA,NA,NA,NA,NA,NA,NA,NA,NA,NA,NA,NA,NA,NA,NA,NA,NA,NA,NA,NA,NA,NA,NA,NA,NA,NA,NA,NA,NA,NA,NA,NA,NA,NA,NA,NA,NA,NA,NA,NA,NA,NA,NA,NA,NA
896047.518580533,1088591.66271646,NA,NA,NA,NA,NA,NA,NA,NA,NA,NA,NA,NA,NA,NA,NA,NA,NA,NA,NA,NA,NA,NA,NA,NA,NA,NA,NA,NA,NA,NA,NA,NA,NA,NA,NA,NA,NA,NA,NA,NA,NA,NA,NA,NA,NA,NA,NA,NA,NA,NA,NA,NA,NA,NA,NA,NA,NA,NA,NA,NA,NA,NA,NA,NA,NA,NA,NA,NA,NA,NA,NA,NA,NA,NA,NA,NA
904196.743495267,1088591.66271646,NA,NA,NA,NA,NA,NA,NA,NA,NA,NA,NA,NA,NA,NA,NA,NA,NA,NA,NA,NA,NA,NA,NA,NA,NA,NA,NA,NA,NA,NA,NA,NA,NA,NA,NA,NA,NA,NA,NA,NA,NA,NA,NA,NA,NA,NA,NA,NA,NA,NA,NA,NA,NA,NA,NA,NA,NA,NA,NA,NA,NA,NA,NA,NA,NA,NA,NA,NA,NA,NA,NA,NA,NA,NA,NA,NA
912345.96841,1088591.66271646,NA,NA,NA,NA,NA,NA,NA,NA,NA,NA,NA,NA,NA,NA,NA,NA,NA,NA,NA,NA,NA,NA,NA,NA,NA,NA,NA,NA,NA,NA,NA,NA,NA,NA,NA,NA,NA,NA,NA,NA,NA,NA,NA,NA,NA,NA,NA,NA,NA,NA,NA,NA,NA,NA,NA,NA,NA,NA,NA,NA,NA,NA,NA,NA,NA,NA,NA,NA,NA,NA,NA,NA,NA,NA,NA,NA
920495.193324734,1088591.66271646,NA,NA,NA,NA,NA,NA,NA,NA,NA,NA,NA,NA,NA,NA,NA,NA,NA,NA,NA,NA,NA,NA,NA,NA,NA,NA,NA,NA,NA,NA,NA,NA,NA,NA,NA,NA,NA,NA,NA,NA,NA,NA,NA,NA,NA,NA,NA,NA,NA,NA,NA,NA,NA,NA,NA,NA,NA,NA,NA,NA,NA,NA,NA,NA,NA,NA,NA,NA,NA,NA,NA,NA,NA,NA,NA,NA
928644.418239468,1088591.66271646,NA,NA,NA,NA,NA,NA,NA,NA,NA,NA,NA,NA,NA,NA,NA,NA,NA,NA,NA,NA,NA,NA,NA,NA,NA,NA,NA,NA,NA,NA,NA,NA,NA,NA,NA,NA,NA,NA,NA,NA,NA,NA,NA,NA,NA,NA,NA,NA,NA,NA,NA,NA,NA,NA,NA,NA,NA,NA,NA,NA,NA,NA,NA,NA,NA,NA,NA,NA,NA,NA,NA,NA,NA,NA,NA,NA
936793.643154201,1088591.66271646,NA,NA,NA,NA,NA,NA,NA,NA,NA,NA,NA,NA,NA,NA,NA,NA,NA,NA,NA,NA,NA,NA,NA,NA,NA,NA,NA,NA,NA,NA,NA,NA,NA,NA,NA,NA,NA,NA,NA,NA,NA,NA,NA,NA,NA,NA,NA,NA,NA,NA,NA,NA,NA,NA,NA,NA,NA,NA,NA,NA,NA,NA,NA,NA,NA,NA,NA,NA,NA,NA,NA,NA,NA,NA,NA,NA
944942.868068935,1088591.66271646,NA,NA,NA,NA,NA,NA,NA,NA,NA,NA,NA,NA,NA,NA,NA,NA,NA,NA,NA,NA,NA,NA,NA,NA,NA,NA,NA,NA,NA,NA,NA,NA,NA,NA,NA,NA,NA,NA,NA,NA,NA,NA,NA,NA,NA,NA,NA,NA,NA,NA,NA,NA,NA,NA,NA,NA,NA,NA,NA,NA,NA,NA,NA,NA,NA,NA,NA,NA,NA,NA,NA,NA,NA,NA,NA,NA
953092.092983668,1088591.66271646,NA,NA,NA,NA,NA,NA,NA,NA,NA,NA,NA,NA,NA,NA,NA,NA,NA,NA,NA,NA,NA,NA,NA,NA,NA,NA,NA,NA,NA,NA,NA,NA,NA,NA,NA,NA,NA,NA,NA,NA,NA,NA,NA,NA,NA,NA,NA,NA,NA,NA,NA,NA,NA,NA,NA,NA,NA,NA,NA,NA,NA,NA,NA,NA,NA,NA,NA,NA,NA,NA,NA,NA,NA,NA,NA,NA
961241.317898402,1088591.66271646,NA,NA,NA,NA,NA,NA,NA,NA,NA,NA,NA,NA,NA,NA,NA,NA,NA,NA,NA,NA,NA,NA,NA,NA,NA,NA,NA,NA,NA,NA,NA,NA,NA,NA,NA,NA,NA,NA,NA,NA,NA,NA,NA,NA,NA,NA,NA,NA,NA,NA,NA,NA,NA,NA,NA,NA,NA,NA,NA,NA,NA,NA,NA,NA,NA,NA,NA,NA,NA,NA,NA,NA,NA,NA,NA,NA
969390.542813136,1088591.66271646,NA,NA,NA,NA,NA,NA,NA,NA,NA,NA,NA,NA,NA,NA,NA,NA,NA,NA,NA,NA,NA,NA,NA,NA,NA,NA,NA,NA,NA,NA,NA,NA,NA,NA,NA,NA,NA,NA,NA,NA,NA,NA,NA,NA,NA,NA,NA,NA,NA,NA,NA,NA,NA,NA,NA,NA,NA,NA,NA,NA,NA,NA,NA,NA,NA,NA,NA,NA,NA,NA,NA,NA,NA,NA,NA,NA
977539.767727869,1088591.66271646,NA,NA,NA,NA,NA,NA,NA,NA,NA,NA,NA,NA,NA,NA,NA,NA,NA,NA,NA,NA,NA,NA,NA,NA,NA,NA,NA,NA,NA,NA,NA,NA,NA,NA,NA,NA,NA,NA,NA,NA,NA,NA,NA,NA,NA,NA,NA,NA,NA,NA,NA,NA,NA,NA,NA,NA,NA,NA,NA,NA,NA,NA,NA,NA,NA,NA,NA,NA,NA,NA,NA,NA,NA,NA,NA,NA
985688.992642603,1088591.66271646,NA,NA,NA,NA,NA,NA,NA,NA,NA,NA,NA,NA,NA,NA,NA,NA,NA,NA,NA,NA,NA,NA,NA,NA,NA,NA,NA,NA,NA,NA,NA,NA,NA,NA,NA,NA,NA,NA,NA,NA,NA,NA,NA,NA,NA,NA,NA,NA,NA,NA,NA,NA,NA,NA,NA,NA,NA,NA,NA,NA,NA,NA,NA,NA,NA,NA,NA,NA,NA,NA,NA,NA,NA,NA,NA,NA
993838.217557336,1088591.66271646,NA,NA,NA,NA,NA,NA,NA,NA,NA,NA,NA,NA,NA,NA,NA,NA,NA,NA,NA,NA,NA,NA,NA,NA,NA,NA,NA,NA,NA,NA,NA,NA,NA,NA,NA,NA,NA,NA,NA,NA,NA,NA,NA,NA,NA,NA,NA,NA,NA,NA,NA,NA,NA,NA,NA,NA,NA,NA,NA,NA,NA,NA,NA,NA,NA,NA,NA,NA,NA,NA,NA,NA,NA,NA,NA,NA
1001987.44247207,1088591.66271646,NA,NA,NA,NA,NA,NA,NA,NA,NA,NA,NA,NA,NA,NA,NA,NA,NA,NA,NA,NA,NA,NA,NA,NA,NA,NA,NA,NA,NA,NA,NA,NA,NA,NA,NA,NA,NA,NA,NA,NA,NA,NA,NA,NA,NA,NA,NA,NA,NA,NA,NA,NA,NA,NA,NA,NA,NA,NA,NA,NA,NA,NA,NA,NA,NA,NA,NA,NA,NA,NA,NA,NA,NA,NA,NA,NA
1010136.6673868,1088591.66271646,-2.92824018614498,-1.30981645193897,0.742909488469594,-0.294302836712798,-0.963062792075687,-0.671922520793915,-0.162424919269813,-1.72455902208281,0.554699939378837,1.12753305592801,-1.12213893844182,0.179394813096529,1.50805875145836,-1.05980338790997,0.20559168980058,0.872809024076889,1.00981881502216,0.696637134525565,1.2981231441211,-1.23988819506928,-0.391010646148315,0.655389758065055,-0.0626022274449284,0.91996043468677,1.11517828860433,-0.155583456917161,1.24822509828534,-0.183604945268103,-1.64611904028549,-1.05615019176231,-0.63119302760322,-0.842523980746793,2.12850157226216,-0.413340824929489,-0.00624559946043659,-1.04000887651749,0.683398649117697,0.401977735669115,0.552926094254515,0.905644548399431,0.706498277064519,-1.1029137488672,0.452776194256318,-1.70579282318761,1.57904821260717,-1.29781706775629,1.0980643214605,0.910029631363687,-0.183889219539344,-0.134738775973623,-0.488294911237211,-0.544597049454051,-0.399245889988175,0.975255394424241,0.389756090039066,0.226809945008813,0.0927652606219467,0.709254010188221,-0.2556728798714,0.154356973802889,0.00361680958428385,1.01415514413562,1.61573184935332,-1.29126569722815,-0.154628142481741,1.46891219390431,-1.09604079368728,0.110604361873821,0.461340028156798,0.305995233466776,1.70252297955686,0.208900431631994,0.237022995137445,-2.28186190434432,-1.31550806833343,-1.18021499820016
1018285.89230154,1088591.66271646,-2.9160913782032,-1.31169392092232,0.798379095868229,-0.257052318459087,-0.956492890158489,-0.665300276991366,-0.146086446339717,-1.6791750947136,0.495103551932771,1.14020077338509,-1.10789114120181,0.139490460447124,1.42675199899005,-1.06902080830149,0.246485050717605,0.934556710589803,1.04667169688499,0.748860709674086,1.21716720859364,-1.1950940292763,-0.395068841330762,0.640808586651565,-0.101621184280674,0.856644025630102,1.1222820684468,-0.150670480518591,1.24296344429044,-0.204726999697263,-1.64690871532189,-1.03338761280961,-0.665925205849356,-0.890340640439966,2.159960381393,-0.403766389929694,0.0127071038974611,-1.00683916774578,0.655241049653021,0.399948724867365,0.563418109026779,0.860146285236986,0.685067260570972,-1.11843484226339,0.439648512852806,-1.73238995821579,1.64122647612111,-1.28931496034564,1.03852253672474,0.92617030479633,-0.180802500784153,-0.0925358827983263,-0.501352107371282,-0.599317680884454,-0.435605407086012,0.985491240947504,0.42602714228633,0.273889278721448,0.0839529433367069,0.727592359067363,-0.275966397638501,0.17023006196441,-0.0254536975228091,1.03066132625132,1.62417589796084,-1.29145754839195,-0.191131729944986,1.44891834513767,-1.10861184410433,0.105109048779748,0.457155589633998,0.289234861115535,1.70270670767795,0.256816044461671,0.322315043711935,-2.23204345741708,-1.31789199639799,-1.23096041608774
1026435.11721627,1088591.66271646,-2.89644315175248,-1.31634036050767,0.843758239128001,-0.219719317434647,-0.944185439888472,-0.657426648841713,-0.105083143307944,-1.62364637393048,0.445462079967948,1.16915794900808,-1.08152345112923,0.096380489458144,1.3432346524766,-1.08310799726816,0.294799438380337,0.998715516837124,1.09575324159987,0.794477630074654,1.1495377023731,-1.14328864338338,-0.377082279509118,0.617206296995904,-0.143971339687799,0.798924628085744,1.12937504653669,-0.154339183046287,1.22662155273674,-0.228751301095999,-1.63961745778369,-1.02629905837886,-0.698144150468341,-0.949305852345687,2.1916411246897,-0.402372562093204,0.0267749997491945,-0.983740394325139,0.633379096838693,0.389618472459182,0.581465441825797,0.80123653730046,0.660600349859377,-1.13837873161161,0.414708481156451,-1.75352235854564,1.68842426037007,-1.2739468432834,0.986994151657454,0.938232789479244,-0.161686719740745,-0.0784591168721477,-0.493829011451176,-0.64775361813414,-0.466162782077483,1.00292329927143,0.455622726025808,0.312738129050119,0.0689450213678336,0.723715441520569,-0.292712482868921,0.166911363383764,-0.0630069005937395,1.04905032785003,1.62045470008796,-1.30750984282239,-0.220754494156603,1.42919566859608,-1.09721401892508,0.106749033386036,0.447860293209078,0.269375442179584,1.72408641966484,0.298553541634286,0.38810935785188,-2.17333035636761,-1.31310403137709,-1.27703123736029
1034584.342131,1088591.66271646,-2.8688678844863,-1.32196961788492,0.871473613352922,-0.18589219855787,-0.924652544646185,-0.646689857235348,-0.0365932894103476,-1.56174211073818,0.420826741959398,1.21748757029566,-1.0418007834929,0.0581551327153165,1.27327705980765,-1.09918855717551,0.347309908169214,1.05889298900812,1.1555718849758,0.82672236432785,1.1145282104217,-1.08855393973831,-0.330872349938858,0.588040750125249,-0.181184174871121,0.760753347652713,1.13821977697536,-0.16709307873647,1.20067890299393,-0.250656556875346,-1.62074752486142,-1.03913853986911,-0.719054511425923,-1.01160325691336,2.22209311704997,-0.410211047673713,0.033975665433943,-0.975762296000315,0.626059749784743,0.372086788156143,0.608597599228918,0.735747111131936,0.638392996551947,-1.15922197042105,0.379499143600291,-1.76164901090815,1.71205426464206,-1.25037627431201,0.95733989467416,0.945699168455264,-0.12275420795993,-0.101580945760586,-0.458139876397659,-0.676802105865333,-0.481208867581203,1.02998612044277,0.474479421718578,0.336811712078771,0.0497258889569675,0.693247967615726,-0.300147292304571,0.140734934327048,-0.103857786872388,1.06967129388128,1.60328374265529,-1.34009538125031,-0.23300349979753,1.41583506216012,-1.05470961701155,0.119496600460344,0.435659230986007,0.25069957413225,1.7350250497549,0.284371195841338,0.389820247407519,-2.13088229430548,-1.31774733111063,-1.32863159874495
1042733.56704574,1088591.66271646,-2.83885428372816,-1.32677417239602,0.895331778080896,-0.153217694874708,-0.903859000343991,-0.634936924736462,0.0343318503342614,-1.49975276108654,0.400034366890742,1.26710369931407,-0.999879555002406,0.0206350226359033,1.20413618529168,-1.1147051722105,0.399262150785603,1.11651342960265,1.21520413744978,0.855659450699123,1.08428374014298,-1.03380827402687,-0.281095893242649,0.557568546006714,-0.217175193879432,0.725180104628147,1.14643059299748,-0.181385146807399,1.17219283762454,-0.271972224254939,-1.5990666073537,-1.05432096648656,-0.737479841470059,-1.07388541498924,2.25027460037743,-0.419130385237646,0.0398764638997027,-0.96987376839192,0.620530430921932,0.35295443807332,0.636275304601534,0.667866294581893,0.616048744945642,-1.17920772680356,0.341840539899184,-1.7661835797543,1.730523626682,-1.22505608081628,0.930619440505949,0.951615253029693,-0.0815428697219547,-0.131006771454677,-0.418561378396694,-0.701723614411068,-0.493296352565268,1.05739201156879,0.490916391939699,0.35793767736442,0.0299012579317206,0.657951540217224,-0.306131700362173,0.110480790063656,-0.145613956001999,1.08967480163872,1.58250536483392,-1.37465163123971,-0.242173423861133,1.4024824373823,-1.00790647056359,0.133937476913727,0.423019106668753,0.231948592303048,1.74399362415107,0.259383570793663,0.392657856166512,-2.09465500587752,-1.31587047596159,-1.3734555160147
1050882.79196047,1088591.66271646,-2.7985014303505,-1.33073103391547,0.919337598069796,-0.118731560469438,-0.882205766640767,-0.620805794309232,0.104917357052372,-1.43408911141508,0.38071529101013,1.31761890587143,-0.952202403520725,-0.0154536463729309,1.12399954578816,-1.12400486699634,0.453528585064136,1.17616561608979,1.27379021940266,0.887083861868282,1.04979011427089,-0.977023565977357,-0.226230483535541,0.523323961279915,-0.25440552293187,0.689853371352391,1.15359260916152,-0.193371172358585,1.13491259964097,-0.297694816953723,-1.57613244232211,-1.06621747323193,-0.755472610810013,-1.14655201435383,2.2762971621606,-0.429150779997119,0.0533218698168224,-0.96188863513009,0.611711486299103,0.332349736782143,0.66276323480249,0.594502555583545,0.590932583660318,-1.19544349478,0.298738301209607,-1.76546992047436,1.74649103221726,-1.20483033110289,0.894426449829995,0.96063864461015,-0.0468028537646307,-0.1566456165681,-0.374558989662997,-0.722452079297044,-0.511007561890308,1.08584658931689,0.513425985648204,0.385730191182945,0.00224465879486773,0.624584507524402,-0.315371635737718,0.0816675967717949,-0.193343640357959,1.10949370505695,1.56115060616246,-1.40629069847434,-0.245163971937006,1.38415565824362,-0.958777636520927,0.144454736951543,0.409913522881226,0.2073133093497,1.75565779832845,0.23222873921012,0.404638024606303,-2.05742038176455,-1.30483451008409,-1.41728207149852
1059032.01687521,1088591.66271646,-2.74853063020512,-1.33440543947197,0.94179480283522,-0.0866212608945987,-0.864435207338821,-0.605088611904508,0.161316797880835,-1.37399385069684,0.367643307994033,1.36224125413498,-0.902504730848755,-0.0401417818150928,1.03653104914374,-1.11882978952897,0.504124931054313,1.23199892365413,1.32129963330407,0.920608558105935,1.01198886252598,-0.926901353409382,-0.171407875966154,0.487907364025094,-0.287954191061728,0.663169503316515,1.15842138101566,-0.19643711610517,1.08750919272905,-0.329906914339171,-1.5583577683382,-1.06870645915317,-0.771543125796909,-1.22957259680066,2.29561798636182,-0.439004231824673,0.0824996480215096,-0.950963044767048,0.596945982067629,0.314057898908326,0.682552277382873,0.526366346132763,0.565680875634646,-1.20065927844879,0.253257573045701,-1.75736044199669,1.75746861986119,-1.20291557421853,0.843022148451845,0.977074620895182,-0.0347719019852183,-0.165556763697857,-0.331021484482776,-0.731516928701888,-0.541331461730791,1.1121850500516,0.547296051105045,0.426299736941272,-0.0374508219522611,0.605755065598656,-0.331834277084759,0.0635464172187738,-0.245746080419583,1.12693441986673,1.54757115463701,-1.42690145574095,-0.235503602154735,1.35957734393772,-0.916185562558355,0.143759987213311,0.400177895676997,0.174578371133475,1.77252001124942,0.212193807635499,0.420026929637485,-2.02134460265947,-1.2885274127218,-1.46398754435376
1067181.24178994,1088591.66271646,-2.69900741023432,-1.33791463219218,0.957047384165193,-0.0662144553570625,-0.858401678870461,-0.590954828277863,0.182669354993576,-1.33693949293446,0.368695935848083,1.38843411249447,-0.862483135690341,-0.0399466031281013,0.961378265654376,-1.09263556302574,0.537836331056965,1.2700113479594,1.34190550826515,0.950513797825619,0.979830938761459,-0.899659511819425,-0.129765527901816,0.460094215336308,-0.307377549017046,0.658316028424697,1.15956390312893,-0.184172752191576,1.03725105055684,-0.365249064142239,-1.55489317998235,-1.05659959364648,-0.781918075528565,-1.30838732265874,2.30209269948414,-0.445788773122417,0.1290495971908,-0.93926002845653,0.577311721637249,0.304645705121117,0.687708231150004,0.486222399975896,0.547557851905648,-1.1878807649854,0.215544890510847,-1.74224743101003,1.75984251913444,-1.23264775141745,0.780041525276687,1.00254239864051,-0.0620251739240976,-0.145287378215887,-0.299291457755326,-0.719701614098128,-0.585882058202485,1.12963790542489,0.591995425687212,0.478067593702902,-0.0866337603524249,0.615786612302824,-0.356856941496331,0.0668020647615001,-0.292776681814992,1.13747621000186,1.55205497552046,-1.42658825497949,-0.208647723699625,1.33252048304878,-0.894522865325106,0.125566301486477,0.400104966564711,0.137601548930431,1.79053479588551,0.207967067042677,0.429386713639026,-1.99797245311254,-1.27361078294804,-1.51222053131817
1075330.46670467,1088591.66271646,-2.64765443545968,-1.33928367244359,0.972318248310812,-0.0452260885496259,-0.850923644314381,-0.575510595409133,0.204985515285925,-1.29775005396866,0.370363273725581,1.41479215431318,-0.821064695496793,-0.0391298695896308,0.882986437695957,-1.0642907698151,0.572494170091729,1.30817309341042,1.36288024879163,0.981093105004933,0.946845349764628,-0.871168528412156,-0.0869708511732663,0.431800226376058,-0.326674100537528,0.653725865461487,1.16055676087469,-0.170749711264624,0.985233143117677,-0.400708599912854,-1.5501302316854,-1.0429907297975,-0.791533590598641,-1.38870619359871,2.30782813012936,-0.451302867594202,0.176255037697325,-0.925795901897151,0.55795562456977,0.295392421186641,0.693263684085539,0.445386093476466,0.529297899338938,-1.17299494656171,0.177110240564353,-1.72528612578369,1.76172043086984,-1.26156535304198,0.714276143272629,1.0284660977507,-0.0889840553493889,-0.123879701592894,-0.266525489805214,-0.706137608992129,-0.631202993639528,1.14700290058647,0.637876771995824,0.530688959944362,-0.136749811613178,0.625908063012852,-0.381734194841037,0.0705679764632854,-0.340438653864758,1.14794684372561,1.55597291905535,-1.42462292330607,-0.180798460044171,1.30437903532226,-0.870957404750621,0.107881268985687,0.400982234032965,0.100334376066549,1.78987436400697,0.195333201442134,0.442408361284483,-1.98096131151314,-1.25217331420803,-1.56814208300681
1083479.69161941,1088591.66271646,-2.59754305153115,-1.34103140441066,0.980454446671332,-0.0221928767855174,-0.83532433555262,-0.55733342629053,0.217961465688305,-1.26008396295322,0.367780887917388,1.42757669759077,-0.773274975930256,-0.0301483067661174,0.803571332741547,-1.03462964899796,0.607299196439852,1.34161339389665,1.38336377829202,1.00904092401333,0.911426049977762,-0.857717517612748,-0.0554303565263385,0.414084237869855,-0.335991966803756,0.659161535003767,1.16410796101938,-0.156169056339832,0.934620079790806,-0.44998787190216,-1.54727313325634,-1.02778014115597,-0.802309044925906,-1.48775378699715,2.30550007187708,-0.46230334656142,0.229137278450461,-0.916781556568436,0.554131983720715,0.285435434847367,0.697187650501409,0.418753697181358,0.531007082131628,-1.15362765160641,0.13978600089345,-1.72790093356907,1.75828693892425,-1.29024547554377,0.645888406928206,1.05458394986725,-0.131776786736325,-0.0875278042120228,-0.241812207903952,-0.683617880750004,-0.679801827110861,1.16063384705776,0.658568367941286,0.570827238686642,-0.182601316853384,0.64001617542041,-0.402969455538223,0.089520920446356,-0.389783700020399,1.16276110786192,1.5621883563301,-1.41565276011798,-0.152497534175132,1.26656838597304,-0.848468831252826,0.0918678835424509,0.400124258191151,0.0680148876561049,1.78789036810588,0.181258682069131,0.471817083389052,-1.96366570324399,-1.23440449466087,-1.60100108363524
1091628.91653414,1088591.66271646,-2.56256544273737,-1.34507208655194,0.974566328477544,-0.000967506037810802,-0.810021078009082,-0.539036795030604,0.210356180519403,-1.23538836224504,0.358925544364089,1.41438167202615,-0.726266324903933,-0.00963108260751253,0.743771881116328,-1.01136009766716,0.634198712631643,1.36053116600598,1.39942508534437,1.026477730804,0.879729697899019,-0.874302747809787,-0.0518558523861296,0.419121304126364,-0.325151720525001,0.680698544834165,1.17240507417851,-0.143620830347165,0.899950937490959,-0.513035623646619,-1.5491406579077,-1.01427935892567,-0.813616802575119,-1.59735157409373,2.29099111251127,-0.481941587791219,0.280102622794444,-0.918195168534871,0.577908250356209,0.276503926664587,0.697180789877723,0.424171274939858,0.567814451796589,-1.13304074977585,0.113533101814408,-1.76784257698548,1.74766861958157,-1.31285478655207,0.591746128104446,1.07569790055807,-0.19413386376803,-0.0342576806962854,-0.237388102943614,-0.651827691977637,-0.722495080295376,1.16533338146019,0.628277935452762,0.579263662190559,-0.209952701310032,0.659362927880239,-0.413743687518802,0.131363048157986,-0.430006022131373,1.18295908346542,1.57204936020723,-1.39716123442281,-0.129626163691954,1.22198338072006,-0.834985656770318,0.081929885931923,0.394480331035856,0.0521928363799767,1.79549878669988,0.171451454534234,0.514522425304044,-1.9462373045968,-1.23066974736765,-1.58280901173249
1099778.14144887,1088591.66271646,-2.53839402849454,-1.34895394550446,0.961763787951054,0.0178203852923651,-0.780765379308381,-0.521265845551688,0.192181761671969,-1.21977862184566,0.348522583488235,1.38851674831277,-0.684278472186367,0.0159652955534663,0.702730940306662,-0.993286843243079,0.654467700019166,1.37002795194626,1.41235767930473,1.03684615851479,0.854311330608816,-0.905731858312713,-0.0640395426052843,0.437545362669991,-0.302934631088697,0.709750057293211,1.18348093160046,-0.133079517523933,0.878977307328602,-0.577059907842801,-1.55194868966273,-1.00200772590556,-0.823211703725449,-1.70231297955255,2.27174445975172,-0.503709376958814,0.325234357854603,-0.924298020655277,0.61530621390841,0.270038544776649,0.695594525721381,0.448288438726428,0.621199135848202,-1.11346596472224,0.0969684900012447,-1.8259352796723,1.73506832973317,-1.32857873691718,0.552717631635976,1.09244685483735,-0.261007365787701,0.0234410636238375,-0.244203294777287,-0.617195032996771,-0.756167199741904,1.16506409889037,0.571696168661451,0.569364198892102,-0.223059528430065,0.680713252910998,-0.416842901952312,0.182435540672435,-0.459785951705289,1.2050163560735,1.5832006409966,-1.37376162112015,-0.11098861257756,1.17918688700539,-0.82715839164187,0.0773237193271243,0.386652226017967,0.04847808068653,1.79014983977899,0.154107595680567,0.547071488285748,-1.93548869799057,-1.23033253123972,-1.54990906646893
1107927.36636361,1088591.66271646,-2.51336448682534,-1.35065114868927,0.94951347171476,0.0386513984336056,-0.749047716685481,-0.501296311638063,0.172912533473336,-1.20324111238644,0.339188750389256,1.3617250891098,-0.63988165479784,0.0438253162059035,0.663482185000371,-0.974020525572871,0.676224773396572,1.38066352884702,1.42717324676657,1.0487671887544,0.829666046436869,-0.93813631512742,-0.0774520652917789,0.458681342458184,-0.276937402157429,0.741722937785843,1.19660229654171,-0.120627951659257,0.860375606308625,-0.643162854961187,-1.55261370320168,-0.987999351601381,-0.831663832884489,-1.81160460922107,2.25262229317159,-0.524991062667064,0.37245556887748,-0.929400414086104,0.656497844148525,0.264590429287185,0.695359204383776,0.476604163481153,0.679251210679057,-1.09209360541205,0.0822747951069551,-1.88807936247801,1.72335390292723,-1.34243334494007,0.515438511476954,1.11072221850489,-0.330437129016005,0.0838368399536504,-0.250874499367965,-0.580011716767139,-0.78842503171437,1.16617255739483,0.510040288711842,0.558065360138421,-0.233283279829347,0.705103600578351,-0.417639513638413,0.237612308836743,-0.487527653967912,1.2296082082852,1.59631976142752,-1.34732478754333,-0.0903629480063924,1.13630724997236,-0.818240371482143,0.0745422605226279,0.379302224683545,0.048304704733881,1.74870823986787,0.11487368694321,0.556448520614559,-1.93468508790764,-1.2202124539736,-1.53622688820655
1116076.59127834,1088591.66271646,-2.48324998336957,-1.34564296296215,0.94210229383955,0.0592048144739536,-0.729112205127083,-0.478641034775612,0.132045006281344,-1.18606089147303,0.325022840377713,1.328700946518,-0.60007195182181,0.0696265688422621,0.633400807060342,-0.95664370861031,0.692690873469505,1.3893880333855,1.42610181973592,1.06516461658915,0.832305916941321,-0.981491282300584,-0.102588977262293,0.477057979693967,-0.245691837545248,0.785500195611712,1.20919426330391,-0.101338541287413,0.841273600693519,-0.712426268059427,-1.54718695620912,-0.976510840091161,-0.842164976241096,-1.92476023837828,2.22777912287019,-0.558670181648171,0.427370527522542,-0.942812478250708,0.69320157000154,0.252545169397721,0.693058915726329,0.508492999379532,0.741705392224737,-1.07425123847069,0.0596651316959734,-1.94276091380543,1.71228284692996,-1.36695274577905,0.476180082431044,1.12290106634023,-0.396878508720189,0.146604959255214,-0.247570555624698,-0.548452956549529,-0.810527278109256,1.17355566012481,0.455349435965119,0.566663956185875,-0.246957332462236,0.73990255368087,-0.412829498032164,0.287233296472912,-0.512520462013535,1.25464322293805,1.60643240486716,-1.32276782579811,-0.0661117099955385,1.09839469330029,-0.808601470019269,0.0694777832110744,0.375862192594143,0.0550060000802507,1.67676143562504,0.0742663711485013,0.560174687167442,-1.92416745314449,-1.19298644105294,-1.51655163031095
1124225.81619307,1088591.66271646,-2.45236634031057,-1.32921837528893,0.946172566142002,0.0699264843663153,-0.746090705567719,-0.458053501679811,0.0500257176709186,-1.17442565843275,0.303409106881705,1.29056755392722,-0.585550816740158,0.0786829376877378,0.633530392409502,-0.952129575554271,0.689509854689439,1.38984973978768,1.38592411598183,1.08488130176039,0.8954299807593,-1.03759598952518,-0.150241867174753,0.479019360867738,-0.215233677297771,0.840051720824381,1.21456979936292,-0.0740541230318493,0.825059349579235,-0.765699969428302,-1.53062346878231,-0.976643116749575,-0.857886370526358,-2.00144359901609,2.19561308344571,-0.613778511619392,0.480598662379324,-0.972407460629291,0.704833618273599,0.226107161541559,0.684085351899762,0.535415797434482,0.792296809095026,-1.07309522013073,0.0225766978976297,-1.96087984749326,1.70433402499099,-1.41070811265066,0.44405987610679,1.11442279920586,-0.433070690234467,0.192803799917738,-0.222629682616988,-0.542446368611529,-0.80250582077676,1.19136059743789,0.43499060928953,0.617686682787382,-0.267608036606806,0.785926926921569,-0.40007593613345,0.3068354624485,-0.524081559159831,1.27079483978084,1.60367402570162,-1.31143401831777,-0.0430381250743561,1.08451686040545,-0.802490456237179,0.0578618773764823,0.378346181269934,0.0729282794374503,1.61004188630713,0.0734590143201765,0.582390674086938,-1.88081103708056,-1.15242777852342,-1.45929011903369
1132375.04110781,1088591.66271646,-2.42051093182885,-1.31130265248486,0.949612500443216,0.0795059481240457,-0.763482175560993,-0.43762658706342,-0.0280392137333396,-1.16256057094266,0.283531815598437,1.25418435616634,-0.572598000381173,0.0863143703102972,0.637088178393712,-0.947386784505962,0.684979782202352,1.38853174469041,1.34549268789295,1.10105165615688,0.956616942475896,-1.08822789112885,-0.194107554666822,0.480877079482516,-0.187123021918029,0.890298023023185,1.21817060218317,-0.0480444863858738,0.811380115108104,-0.811086520946329,-1.51269301916943,-0.9753020714043,-0.871347805721854,-2.06588812708105,2.1642146314263,-0.664113317605437,0.528258531372998,-0.998766640781735,0.714717635066587,0.2019858555978,0.674780240724746,0.560264925687016,0.836710898110579,-1.07071129957158,-0.0110701592679459,-1.97009896399485,1.69556290196695,-1.4496783415635,0.415818676838717,1.10400860061865,-0.462125691055663,0.23314739203578,-0.197519033740498,-0.537693453242148,-0.790284293327589,1.20720699819522,0.421034699469269,0.666940561487269,-0.284857319100213,0.827050310165342,-0.387024544843303,0.323165648650122,-0.532773839095579,1.28352792900316,1.59907175227076,-1.29865043502301,-0.0207060681111609,1.07386738992728,-0.795101950808385,0.0479443926249906,0.37993471847607,0.0905190501033144,1.54919288914576,0.0637123688835002,0.596896965476731,-1.84326704340768,-1.1299771539511,-1.41810324749263
1140524.26602254,1088591.66271646,NA,NA,NA,NA,NA,NA,NA,NA,NA,NA,NA,NA,NA,NA,NA,NA,NA,NA,NA,NA,NA,NA,NA,NA,NA,NA,NA,NA,NA,NA,NA,NA,NA,NA,NA,NA,NA,NA,NA,NA,NA,NA,NA,NA,NA,NA,NA,NA,NA,NA,NA,NA,NA,NA,NA,NA,NA,NA,NA,NA,NA,NA,NA,NA,NA,NA,NA,NA,NA,NA,NA,NA,NA,NA,NA,NA
1148673.49093727,1088591.66271646,NA,NA,NA,NA,NA,NA,NA,NA,NA,NA,NA,NA,NA,NA,NA,NA,NA,NA,NA,NA,NA,NA,NA,NA,NA,NA,NA,NA,NA,NA,NA,NA,NA,NA,NA,NA,NA,NA,NA,NA,NA,NA,NA,NA,NA,NA,NA,NA,NA,NA,NA,NA,NA,NA,NA,NA,NA,NA,NA,NA,NA,NA,NA,NA,NA,NA,NA,NA,NA,NA,NA,NA,NA,NA,NA,NA
1156822.71585201,1088591.66271646,NA,NA,NA,NA,NA,NA,NA,NA,NA,NA,NA,NA,NA,NA,NA,NA,NA,NA,NA,NA,NA,NA,NA,NA,NA,NA,NA,NA,NA,NA,NA,NA,NA,NA,NA,NA,NA,NA,NA,NA,NA,NA,NA,NA,NA,NA,NA,NA,NA,NA,NA,NA,NA,NA,NA,NA,NA,NA,NA,NA,NA,NA,NA,NA,NA,NA,NA,NA,NA,NA,NA,NA,NA,NA,NA,NA
1164971.94076674,1088591.66271646,NA,NA,NA,NA,NA,NA,NA,NA,NA,NA,NA,NA,NA,NA,NA,NA,NA,NA,NA,NA,NA,NA,NA,NA,NA,NA,NA,NA,NA,NA,NA,NA,NA,NA,NA,NA,NA,NA,NA,NA,NA,NA,NA,NA,NA,NA,NA,NA,NA,NA,NA,NA,NA,NA,NA,NA,NA,NA,NA,NA,NA,NA,NA,NA,NA,NA,NA,NA,NA,NA,NA,NA,NA,NA,NA,NA
1173121.16568148,1088591.66271646,NA,NA,NA,NA,NA,NA,NA,NA,NA,NA,NA,NA,NA,NA,NA,NA,NA,NA,NA,NA,NA,NA,NA,NA,NA,NA,NA,NA,NA,NA,NA,NA,NA,NA,NA,NA,NA,NA,NA,NA,NA,NA,NA,NA,NA,NA,NA,NA,NA,NA,NA,NA,NA,NA,NA,NA,NA,NA,NA,NA,NA,NA,NA,NA,NA,NA,NA,NA,NA,NA,NA,NA,NA,NA,NA,NA
1181270.39059621,1088591.66271646,NA,NA,NA,NA,NA,NA,NA,NA,NA,NA,NA,NA,NA,NA,NA,NA,NA,NA,NA,NA,NA,NA,NA,NA,NA,NA,NA,NA,NA,NA,NA,NA,NA,NA,NA,NA,NA,NA,NA,NA,NA,NA,NA,NA,NA,NA,NA,NA,NA,NA,NA,NA,NA,NA,NA,NA,NA,NA,NA,NA,NA,NA,NA,NA,NA,NA,NA,NA,NA,NA,NA,NA,NA,NA,NA,NA
1189419.61551094,1088591.66271646,NA,NA,NA,NA,NA,NA,NA,NA,NA,NA,NA,NA,NA,NA,NA,NA,NA,NA,NA,NA,NA,NA,NA,NA,NA,NA,NA,NA,NA,NA,NA,NA,NA,NA,NA,NA,NA,NA,NA,NA,NA,NA,NA,NA,NA,NA,NA,NA,NA,NA,NA,NA,NA,NA,NA,NA,NA,NA,NA,NA,NA,NA,NA,NA,NA,NA,NA,NA,NA,NA,NA,NA,NA,NA,NA,NA
1197568.84042568,1088591.66271646,NA,NA,NA,NA,NA,NA,NA,NA,NA,NA,NA,NA,NA,NA,NA,NA,NA,NA,NA,NA,NA,NA,NA,NA,NA,NA,NA,NA,NA,NA,NA,NA,NA,NA,NA,NA,NA,NA,NA,NA,NA,NA,NA,NA,NA,NA,NA,NA,NA,NA,NA,NA,NA,NA,NA,NA,NA,NA,NA,NA,NA,NA,NA,NA,NA,NA,NA,NA,NA,NA,NA,NA,NA,NA,NA,NA
1205718.06534041,1088591.66271646,NA,NA,NA,NA,NA,NA,NA,NA,NA,NA,NA,NA,NA,NA,NA,NA,NA,NA,NA,NA,NA,NA,NA,NA,NA,NA,NA,NA,NA,NA,NA,NA,NA,NA,NA,NA,NA,NA,NA,NA,NA,NA,NA,NA,NA,NA,NA,NA,NA,NA,NA,NA,NA,NA,NA,NA,NA,NA,NA,NA,NA,NA,NA,NA,NA,NA,NA,NA,NA,NA,NA,NA,NA,NA,NA,NA
1213867.29025514,1088591.66271646,NA,NA,NA,NA,NA,NA,NA,NA,NA,NA,NA,NA,NA,NA,NA,NA,NA,NA,NA,NA,NA,NA,NA,NA,NA,NA,NA,NA,NA,NA,NA,NA,NA,NA,NA,NA,NA,NA,NA,NA,NA,NA,NA,NA,NA,NA,NA,NA,NA,NA,NA,NA,NA,NA,NA,NA,NA,NA,NA,NA,NA,NA,NA,NA,NA,NA,NA,NA,NA,NA,NA,NA,NA,NA,NA,NA
1222016.51516988,1088591.66271646,NA,NA,NA,NA,NA,NA,NA,NA,NA,NA,NA,NA,NA,NA,NA,NA,NA,NA,NA,NA,NA,NA,NA,NA,NA,NA,NA,NA,NA,NA,NA,NA,NA,NA,NA,NA,NA,NA,NA,NA,NA,NA,NA,NA,NA,NA,NA,NA,NA,NA,NA,NA,NA,NA,NA,NA,NA,NA,NA,NA,NA,NA,NA,NA,NA,NA,NA,NA,NA,NA,NA,NA,NA,NA,NA,NA
879749.068751066,1080442.43780172,NA,NA,NA,NA,NA,NA,NA,NA,NA,NA,NA,NA,NA,NA,NA,NA,NA,NA,NA,NA,NA,NA,NA,NA,NA,NA,NA,NA,NA,NA,NA,NA,NA,NA,NA,NA,NA,NA,NA,NA,NA,NA,NA,NA,NA,NA,NA,NA,NA,NA,NA,NA,NA,NA,NA,NA,NA,NA,NA,NA,NA,NA,NA,NA,NA,NA,NA,NA,NA,NA,NA,NA,NA,NA,NA,NA
887898.2936658,1080442.43780172,NA,NA,NA,NA,NA,NA,NA,NA,NA,NA,NA,NA,NA,NA,NA,NA,NA,NA,NA,NA,NA,NA,NA,NA,NA,NA,NA,NA,NA,NA,NA,NA,NA,NA,NA,NA,NA,NA,NA,NA,NA,NA,NA,NA,NA,NA,NA,NA,NA,NA,NA,NA,NA,NA,NA,NA,NA,NA,NA,NA,NA,NA,NA,NA,NA,NA,NA,NA,NA,NA,NA,NA,NA,NA,NA,NA
896047.518580533,1080442.43780172,NA,NA,NA,NA,NA,NA,NA,NA,NA,NA,NA,NA,NA,NA,NA,NA,NA,NA,NA,NA,NA,NA,NA,NA,NA,NA,NA,NA,NA,NA,NA,NA,NA,NA,NA,NA,NA,NA,NA,NA,NA,NA,NA,NA,NA,NA,NA,NA,NA,NA,NA,NA,NA,NA,NA,NA,NA,NA,NA,NA,NA,NA,NA,NA,NA,NA,NA,NA,NA,NA,NA,NA,NA,NA,NA,NA
904196.743495267,1080442.43780172,NA,NA,NA,NA,NA,NA,NA,NA,NA,NA,NA,NA,NA,NA,NA,NA,NA,NA,NA,NA,NA,NA,NA,NA,NA,NA,NA,NA,NA,NA,NA,NA,NA,NA,NA,NA,NA,NA,NA,NA,NA,NA,NA,NA,NA,NA,NA,NA,NA,NA,NA,NA,NA,NA,NA,NA,NA,NA,NA,NA,NA,NA,NA,NA,NA,NA,NA,NA,NA,NA,NA,NA,NA,NA,NA,NA
912345.96841,1080442.43780172,NA,NA,NA,NA,NA,NA,NA,NA,NA,NA,NA,NA,NA,NA,NA,NA,NA,NA,NA,NA,NA,NA,NA,NA,NA,NA,NA,NA,NA,NA,NA,NA,NA,NA,NA,NA,NA,NA,NA,NA,NA,NA,NA,NA,NA,NA,NA,NA,NA,NA,NA,NA,NA,NA,NA,NA,NA,NA,NA,NA,NA,NA,NA,NA,NA,NA,NA,NA,NA,NA,NA,NA,NA,NA,NA,NA
920495.193324734,1080442.43780172,NA,NA,NA,NA,NA,NA,NA,NA,NA,NA,NA,NA,NA,NA,NA,NA,NA,NA,NA,NA,NA,NA,NA,NA,NA,NA,NA,NA,NA,NA,NA,NA,NA,NA,NA,NA,NA,NA,NA,NA,NA,NA,NA,NA,NA,NA,NA,NA,NA,NA,NA,NA,NA,NA,NA,NA,NA,NA,NA,NA,NA,NA,NA,NA,NA,NA,NA,NA,NA,NA,NA,NA,NA,NA,NA,NA
928644.418239468,1080442.43780172,NA,NA,NA,NA,NA,NA,NA,NA,NA,NA,NA,NA,NA,NA,NA,NA,NA,NA,NA,NA,NA,NA,NA,NA,NA,NA,NA,NA,NA,NA,NA,NA,NA,NA,NA,NA,NA,NA,NA,NA,NA,NA,NA,NA,NA,NA,NA,NA,NA,NA,NA,NA,NA,NA,NA,NA,NA,NA,NA,NA,NA,NA,NA,NA,NA,NA,NA,NA,NA,NA,NA,NA,NA,NA,NA,NA
936793.643154201,1080442.43780172,NA,NA,NA,NA,NA,NA,NA,NA,NA,NA,NA,NA,NA,NA,NA,NA,NA,NA,NA,NA,NA,NA,NA,NA,NA,NA,NA,NA,NA,NA,NA,NA,NA,NA,NA,NA,NA,NA,NA,NA,NA,NA,NA,NA,NA,NA,NA,NA,NA,NA,NA,NA,NA,NA,NA,NA,NA,NA,NA,NA,NA,NA,NA,NA,NA,NA,NA,NA,NA,NA,NA,NA,NA,NA,NA,NA
944942.868068935,1080442.43780172,NA,NA,NA,NA,NA,NA,NA,NA,NA,NA,NA,NA,NA,NA,NA,NA,NA,NA,NA,NA,NA,NA,NA,NA,NA,NA,NA,NA,NA,NA,NA,NA,NA,NA,NA,NA,NA,NA,NA,NA,NA,NA,NA,NA,NA,NA,NA,NA,NA,NA,NA,NA,NA,NA,NA,NA,NA,NA,NA,NA,NA,NA,NA,NA,NA,NA,NA,NA,NA,NA,NA,NA,NA,NA,NA,NA
953092.092983668,1080442.43780172,NA,NA,NA,NA,NA,NA,NA,NA,NA,NA,NA,NA,NA,NA,NA,NA,NA,NA,NA,NA,NA,NA,NA,NA,NA,NA,NA,NA,NA,NA,NA,NA,NA,NA,NA,NA,NA,NA,NA,NA,NA,NA,NA,NA,NA,NA,NA,NA,NA,NA,NA,NA,NA,NA,NA,NA,NA,NA,NA,NA,NA,NA,NA,NA,NA,NA,NA,NA,NA,NA,NA,NA,NA,NA,NA,NA
961241.317898402,1080442.43780172,NA,NA,NA,NA,NA,NA,NA,NA,NA,NA,NA,NA,NA,NA,NA,NA,NA,NA,NA,NA,NA,NA,NA,NA,NA,NA,NA,NA,NA,NA,NA,NA,NA,NA,NA,NA,NA,NA,NA,NA,NA,NA,NA,NA,NA,NA,NA,NA,NA,NA,NA,NA,NA,NA,NA,NA,NA,NA,NA,NA,NA,NA,NA,NA,NA,NA,NA,NA,NA,NA,NA,NA,NA,NA,NA,NA
969390.542813136,1080442.43780172,NA,NA,NA,NA,NA,NA,NA,NA,NA,NA,NA,NA,NA,NA,NA,NA,NA,NA,NA,NA,NA,NA,NA,NA,NA,NA,NA,NA,NA,NA,NA,NA,NA,NA,NA,NA,NA,NA,NA,NA,NA,NA,NA,NA,NA,NA,NA,NA,NA,NA,NA,NA,NA,NA,NA,NA,NA,NA,NA,NA,NA,NA,NA,NA,NA,NA,NA,NA,NA,NA,NA,NA,NA,NA,NA,NA
977539.767727869,1080442.43780172,NA,NA,NA,NA,NA,NA,NA,NA,NA,NA,NA,NA,NA,NA,NA,NA,NA,NA,NA,NA,NA,NA,NA,NA,NA,NA,NA,NA,NA,NA,NA,NA,NA,NA,NA,NA,NA,NA,NA,NA,NA,NA,NA,NA,NA,NA,NA,NA,NA,NA,NA,NA,NA,NA,NA,NA,NA,NA,NA,NA,NA,NA,NA,NA,NA,NA,NA,NA,NA,NA,NA,NA,NA,NA,NA,NA
985688.992642603,1080442.43780172,NA,NA,NA,NA,NA,NA,NA,NA,NA,NA,NA,NA,NA,NA,NA,NA,NA,NA,NA,NA,NA,NA,NA,NA,NA,NA,NA,NA,NA,NA,NA,NA,NA,NA,NA,NA,NA,NA,NA,NA,NA,NA,NA,NA,NA,NA,NA,NA,NA,NA,NA,NA,NA,NA,NA,NA,NA,NA,NA,NA,NA,NA,NA,NA,NA,NA,NA,NA,NA,NA,NA,NA,NA,NA,NA,NA
993838.217557336,1080442.43780172,NA,NA,NA,NA,NA,NA,NA,NA,NA,NA,NA,NA,NA,NA,NA,NA,NA,NA,NA,NA,NA,NA,NA,NA,NA,NA,NA,NA,NA,NA,NA,NA,NA,NA,NA,NA,NA,NA,NA,NA,NA,NA,NA,NA,NA,NA,NA,NA,NA,NA,NA,NA,NA,NA,NA,NA,NA,NA,NA,NA,NA,NA,NA,NA,NA,NA,NA,NA,NA,NA,NA,NA,NA,NA,NA,NA
1001987.44247207,1080442.43780172,NA,NA,NA,NA,NA,NA,NA,NA,NA,NA,NA,NA,NA,NA,NA,NA,NA,NA,NA,NA,NA,NA,NA,NA,NA,NA,NA,NA,NA,NA,NA,NA,NA,NA,NA,NA,NA,NA,NA,NA,NA,NA,NA,NA,NA,NA,NA,NA,NA,NA,NA,NA,NA,NA,NA,NA,NA,NA,NA,NA,NA,NA,NA,NA,NA,NA,NA,NA,NA,NA,NA,NA,NA,NA,NA,NA
1010136.6673868,1080442.43780172,-2.81943937307935,-1.35791323662909,0.69143227405075,-0.281511396173472,-0.892523137990817,-0.666143209432846,-0.203591706917591,-1.71511717827293,0.528675056597643,1.13412895014848,-1.07238240220971,0.159891010772546,1.54230717145321,-1.06256286754425,0.180096667469014,0.867473461833456,1.09851125209778,0.674407977251837,1.30423888882432,-1.24513564280758,-0.406884466308729,0.704120705777066,-0.0141395755571229,0.941373686323414,1.14003050200112,-0.171073538692951,1.21771023952628,-0.141625032272481,-1.61913351095896,-1.03637977297801,-0.649335031718699,-0.820134245026327,2.12463239477443,-0.436119646634057,-0.0007543331605352,-1.02196574141405,0.621816984054522,0.358882568296697,0.532809684130891,0.918001145608787,0.689600234800276,-1.11955477303403,0.44537458542732,-1.72626156881692,1.56411855004529,-1.29247833590901,1.15940585154315,0.90379124978977,-0.180288104841768,-0.171126735012098,-0.557949688328468,-0.538403288673459,-0.404040782974654,0.914565937397932,0.340837705554409,0.237720745026919,0.118972682440514,0.683707182091983,-0.284299180085714,0.129699907041436,-0.0362537248913253,0.998499844033964,1.54913691410631,-1.31041325398219,-0.0803283605352453,1.53490481680784,-1.08243252455777,0.139840783170027,0.406504732733016,0.276049381775382,1.79126553609089,0.218587980946483,0.232777327456186,-2.25510793610019,-1.27174881968072,-1.14425032159528
1018285.89230154,1080442.43780172,-2.79703017136808,-1.36531838068528,0.744564544510621,-0.242279461115398,-0.880875749241658,-0.648940746436184,-0.172807731786451,-1.65854303148341,0.475387863688072,1.15682540978631,-1.06096232572439,0.104772259463319,1.46517210898882,-1.06051025783542,0.221759309481415,0.934283201513344,1.15066697798958,0.719434612173304,1.21975158383744,-1.20129696637781,-0.389499145983882,0.694834456720659,-0.0532247870945564,0.875335113260369,1.16464860396677,-0.170257798565791,1.22492422551963,-0.161696553317108,-1.61589973283419,-1.01259209315352,-0.679019031504821,-0.863943323356965,2.17072193444657,-0.422920066732538,-0.0010981878545583,-0.975920440232279,0.5921245105774,0.361871876763819,0.541001547471406,0.871883739279156,0.656591828885453,-1.13495081704423,0.424073233467003,-1.75528759490904,1.62711704390016,-1.27985916145666,1.09411608572726,0.917959635893598,-0.183642645669114,-0.145230014580738,-0.560188419449684,-0.593162072354013,-0.431670279096875,0.940527284836959,0.383968654747604,0.291257741080502,0.10432841915044,0.688071260817808,-0.304981364565468,0.14651868957075,-0.0752600266169261,1.01595700561741,1.55256472983462,-1.29869806607412,-0.0873705456131517,1.53064437336212,-1.0990718561488,0.13006367224694,0.391575916659893,0.253102137875311,1.76798593091321,0.22516670739086,0.285671962588212,-2.21727779310869,-1.28800923452463,-1.20939589234485
1026435.11721627,1080442.43780172,-2.76971057494335,-1.37176485191569,0.788881971336697,-0.201890591631178,-0.870727162951524,-0.632220193808475,-0.127296134959826,-1.58892369821717,0.429448121273819,1.18808657769497,-1.03865760059783,0.0473639061111816,1.37802640283139,-1.06577228650414,0.268618483186438,1.00411155047732,1.20570780063851,0.7608792701253,1.14508104427045,-1.14888459391323,-0.361737077390739,0.677839062565137,-0.0941755112861691,0.806984802326169,1.18391459081983,-0.179256493574774,1.21493165484374,-0.185873129798314,-1.60410664431921,-1.00094905014905,-0.706437397016881,-0.923254359618251,2.21639440252408,-0.422156270771213,-0.00141151045341977,-0.947065039814115,0.567437982897379,0.353868319236215,0.552089892644599,0.808691822804947,0.62326589791863,-1.1591255021642,0.388126200004291,-1.77862524443521,1.68300518516241,-1.26674183606902,1.03277943402174,0.930577731892542,-0.172248900842461,-0.134948165426226,-0.548380237965161,-0.642371308365176,-0.454082651165442,0.969067546459994,0.420761537288088,0.331042541826109,0.078526667157627,0.679768045869597,-0.327051464068208,0.144668121716971,-0.120021699115369,1.03562607331505,1.5412774716313,-1.30214288103477,-0.0936681503897229,1.51995331238551,-1.09589833169784,0.123218056761836,0.375221985871789,0.226787780108158,1.78578447741684,0.256455170737034,0.352207111585981,-2.16079102557829,-1.28199915433837,-1.2559689265995
1034584.342131,1080442.43780172,-2.73663883803172,-1.37314329899403,0.815737078270319,-0.162981719941645,-0.861308455386301,-0.613446135649857,-0.0629973419229096,-1.50808643489797,0.411427658642306,1.23284605069899,-1.00199059457595,-2.85076824757954e-05,1.2989032729091,-1.0757372130582,0.318159642455965,1.07143691271246,1.26214193481249,0.792298892094301,1.10696786132428,-1.09073984225391,-0.316543591042917,0.658690196159079,-0.124735224730878,0.753247892044996,1.19993480471141,-0.198770520814796,1.18758163661223,-0.207340440890676,-1.57752365597788,-1.00598040988141,-0.719369112613524,-0.990613534174658,2.26228049719805,-0.436781165899117,-0.00135343523971788,-0.944407418078611,0.560285059625525,0.335827385107312,0.568820125831995,0.736069790488703,0.5992212092624,-1.18932726081933,0.338757722625946,-1.78536032534188,1.72428292717483,-1.25219754786053,0.994204753549045,0.943568481626189,-0.138119766176247,-0.148603366879205,-0.511983545009057,-0.668005324160853,-0.457670416752261,1.00415320804791,0.447203261027318,0.347673320450443,0.0426485612721166,0.656358280094332,-0.343628572884147,0.119205328922068,-0.16204044596263,1.06045703651319,1.51327106389786,-1.32207985985798,-0.0870464587760411,1.50955115875383,-1.06134153486782,0.124718400771575,0.362878866473227,0.203719871005995,1.79314301707087,0.231950475491733,0.363900067851686,-2.12582656242239,-1.28126160235848,-1.30438211907197
1042733.56704574,1080442.43780172,-2.70110155169715,-1.37199238709191,0.837523655456222,-0.125371414503415,-0.851526138608876,-0.594756124428983,0.00328236424484337,-1.42816218364105,0.399140603352571,1.27830906293887,-0.961256653203174,-0.0435951022489963,1.22037182650175,-1.08672765603884,0.367004385210191,1.13507646464162,1.315962029572,0.820507645056098,1.07753990206743,-1.03194558866377,-0.269458642916499,0.638051255074902,-0.152392385384794,0.703188368160305,1.21249999434387,-0.220367243853244,1.15407931007139,-0.227773395417625,-1.54711614427354,-1.01426670058063,-0.72874127583754,-1.05921237318644,2.30394659766697,-0.454528355105417,0.000222794138033522,-0.948238981674179,0.556741090926851,0.31460047549853,0.586525557682584,0.660307362837225,0.577757154275135,-1.2196166420332,0.286663129965024,-1.78659048076137,1.75934925628063,-1.23646543431208,0.961340530254925,0.95546400354826,-0.0987196583519137,-0.167301069973701,-0.471200630956712,-0.687012832554731,-0.45743649833855,1.03789336054532,0.46961219107096,0.357930406074273,0.00535055468851518,0.629384434792071,-0.3583527661394,0.087658864686107,-0.202615678228389,1.08496154142972,1.48035021729765,-1.34590021934195,-0.0797098449230321,1.49680175659585,-1.01910390291234,0.128856624639618,0.351856663509635,0.181766765620673,1.8015442361734,0.199729341287996,0.372267452532449,-2.09404481001157,-1.2753244041446,-1.34623142265845
1050882.79196047,1080442.43780172,-2.65742457801238,-1.36755055492707,0.860275693494648,-0.0841168898064379,-0.841783248620643,-0.57260428760261,0.0725501822121591,-1.34000260312746,0.38793444738488,1.32571663816446,-0.915352848973101,-0.0901169151993005,1.12799744245033,-1.09323335424259,0.419854790342647,1.20324712668517,1.37095372023425,0.8519886602424,1.04359920322455,-0.968447128750996,-0.217780860334913,0.614751263730901,-0.182133483318683,0.64732723129332,1.22495014468989,-0.242184304684103,1.11309725813424,-0.251569738506332,-1.51306812917626,-1.01995662389869,-0.737577330125283,-1.13724194302426,2.3473969323609,-0.473433155411488,0.0047231698583569,-0.951628689913485,0.552386930788197,0.290807149151073,0.603699567705263,0.575221699556337,0.553637254695527,-1.24995154493837,0.226436210481819,-1.78383204935779,1.79649371576836,-1.22267769606559,0.919530210406586,0.969954294070422,-0.0598166833516404,-0.183594348149876,-0.425623614339064,-0.703575848604298,-0.458744803605306,1.07416042435777,0.49761773740053,0.370953512414181,-0.0399725238285388,0.601944314240016,-0.376239852749275,0.054343387552493,-0.24784743267869,1.11056687307894,1.44313345346584,-1.3673066178936,-0.068465205706816,1.47939241982477,-0.972991496009781,0.130487880064922,0.341893286925356,0.155769288909067,1.81013096310424,0.163799378565995,0.38563192054972,-2.05968006045617,-1.26409080362209,-1.39004845341397
1059032.01687521,1080442.43780172,-2.60891910143883,-1.36318099748736,0.879833328307193,-0.0529869220928998,-0.834237701187642,-0.553507540531441,0.128967156864723,-1.26842484963548,0.382890422165453,1.36860335775479,-0.86695933311848,-0.118331465728386,1.03062122492543,-1.07589465574909,0.474522389648195,1.25926469439311,1.41575715788484,0.892014628913226,1.00766429091555,-0.920326945861913,-0.165919282268694,0.581361231287752,-0.218387648373509,0.615810465813048,1.2302905166625,-0.243632346281666,1.06317447744806,-0.286270301177554,-1.49503113991588,-1.01943705241186,-0.756827239028012,-1.21849829355111,2.37307317456566,-0.47778856070017,0.0279615398527132,-0.946531737050656,0.547414517252873,0.268196505589509,0.621398504691303,0.508021172909459,0.529958328348433,-1.25410746467591,0.171994837054852,-1.77638839263101,1.81456898842885,-1.23011680313047,0.855808850311855,0.991556511744388,-0.0484967193144088,-0.186444615990436,-0.382199206646039,-0.702373128514765,-0.49299283199429,1.10147027017362,0.546066092738829,0.411840631807235,-0.0895850725535106,0.580151912630298,-0.399300794396489,0.0323391885487667,-0.297633448628791,1.12647029930116,1.42716507703413,-1.38293868334702,-0.0580237902267228,1.45094919222033,-0.929218559688662,0.124338934849008,0.348753082962049,0.125126332008189,1.82507525185622,0.140232157410713,0.395415543905555,-2.02909837564717,-1.25202193398119,-1.44258913892582
1067181.24178994,1080442.43780172,-2.56454901238236,-1.35732318390255,0.893029811816921,-0.0347773505673101,-0.831861174680296,-0.538698281631749,0.16603293608258,-1.21756158794527,0.38573728036463,1.40026948304208,-0.825041364705824,-0.127588980668836,0.942901507009641,-1.04020688957928,0.522120121250571,1.2966405496767,1.44433069000638,0.933409753527299,0.976646635874401,-0.89200526666686,-0.123089320169901,0.545721475805487,-0.254227057220904,0.608102585766394,1.22923969479216,-0.228400437162549,1.01366341675299,-0.324763700173998,-1.49183778109878,-1.01307204887573,-0.781426134265468,-1.2883860065525,2.38194413738959,-0.468881470041605,0.0607127508259092,-0.936920656453758,0.545256337948224,0.249660305039246,0.635765924818556,0.467164622588163,0.511042780224273,-1.23688529450948,0.12964860747723,-1.7667365460467,1.81661019686956,-1.25494443873742,0.781581739590233,1.01640955416339,-0.0610068676029401,-0.175996976851343,-0.347685098229813,-0.685020963984862,-0.548890598363016,1.11746699469254,0.605436978880107,0.467074893429424,-0.136549063421135,0.566416741620252,-0.424222483025977,0.0224288905655363,-0.341729861546501,1.13181720079057,1.43033089219015,-1.38979136901358,-0.0495371128668903,1.41712203470141,-0.894553902898546,0.111840693160064,0.371165570964538,0.0963147660684171,1.84098508122904,0.129783811068304,0.398738286949211,-2.00768339978843,-1.24248314813885,-1.4956115979945
1075330.46670467,1080442.43780172,-2.51789552715097,-1.3496021455888,0.905236140491295,-0.0170284744018195,-0.828249714896012,-0.52316737893773,0.201546825390651,-1.16686962966097,0.38921134658152,1.43015842855234,-0.782253493231679,-0.134808331294181,0.852907536029812,-1.00193612623787,0.568764488195801,1.33206136635582,1.47090150900607,0.974334744480604,0.944787707849302,-0.864007116992018,-0.0803342846532908,0.509546709138601,-0.289338803663097,0.602079589561644,1.22713288157143,-0.211303360337816,0.962252007081258,-0.363486459644221,-1.48789539219354,-1.00452406112405,-0.80518168229825,-1.35795416212494,2.38789056771557,-0.458576953757477,0.0950582031320289,-0.925238464127778,0.542920735384879,0.231393203807557,0.649472077531553,0.427416499440282,0.49212874139544,-1.21636148079924,0.0875433351020664,-1.7539625617137,1.81618230730215,-1.27948816600534,0.70418414856466,1.04111090425887,-0.0753213497290572,-0.163472430260837,-0.31303595043887,-0.665325256832763,-0.60660408961966,1.13209679017149,0.664757546511657,0.522973556001526,-0.183908792884976,0.55372468082603,-0.448813520916172,0.0141350378264184,-0.385686503723146,1.13583884669362,1.43369534340683,-1.39384090219783,-0.0398658370798535,1.38155964240343,-0.859273980478746,0.0989852892461593,0.394290609668597,0.0670167076466288,1.84874127253145,0.116924918356526,0.403132116628076,-1.98790590078097,-1.22952564151888,-1.55094313500663
1083479.69161941,1080442.43780172,-2.46906882805143,-1.3417423065765,0.915226171239078,0.00390327561715774,-0.819003045047857,-0.503950491133489,0.232112671736558,-1.11573215580768,0.39245325069553,1.45488591699369,-0.732303663018444,-0.137677469001854,0.756257433126517,-0.962719247557112,0.617777708257876,1.36923699881605,1.49978827565105,1.01667519006197,0.905983582346784,-0.84023422044804,-0.042837876088762,0.474835328482588,-0.319007027405918,0.60030033604132,1.22703196288695,-0.191982790753281,0.908401901922105,-0.412020115456671,-1.48197459640196,-0.993273184885298,-0.830331929361397,-1.44064919116374,2.38935625344894,-0.452103801572973,0.1368513967522,-0.912730713480261,0.546575228974467,0.212243325191011,0.663078373015679,0.392392771106421,0.484253260128609,-1.19264207995083,0.0439376955164333,-1.7528601427886,1.81329048427336,-1.30391376426458,0.62231876882964,1.06835636943642,-0.100606403911551,-0.141050873396771,-0.280126500696333,-0.639736876996705,-0.668709311627286,1.14696114014935,0.707832377999695,0.572328098952964,-0.232037597082828,0.547523025162791,-0.473082589749171,0.0179521621390886,-0.431513979873253,1.14479892469096,1.43969538540201,-1.39178671043838,-0.0272189309447688,1.33899302010946,-0.824078170015662,0.0853583969769804,0.413253025419427,0.0393969157852283,1.84394910875638,0.0964676815287482,0.415449214581384,-1.9711592032801,-1.21305263773361,-1.60092181625647
1091628.91653414,1080442.43780172,-2.44014283944558,-1.34154198406291,0.91216098671997,0.0259792259434053,-0.794556066452339,-0.482612166938991,0.228610265773985,-1.08725317441894,0.393091532991211,1.45000366428037,-0.680867383244171,-0.124712714510367,0.685547547777619,-0.940213465416541,0.65432827442128,1.39828263533847,1.52611133429903,1.0467386643158,0.85922830025601,-0.846766610992157,-0.0428269409265233,0.462140332833725,-0.314812147351992,0.615496710293085,1.23627845244022,-0.174912003398112,0.872399097529474,-0.478524710689373,-1.4775921380054,-0.981494010160147,-0.85185709061668,-1.53822060351279,2.37634798226094,-0.466999791052876,0.188177304216835,-0.905137544686252,0.571071921024506,0.197618789321917,0.668964783654929,0.392428868609037,0.521202118590803,-1.1720724536847,0.0148355993576404,-1.80557125587578,1.80464788772254,-1.32126263888636,0.566253667468993,1.09413025736984,-0.160333393607977,-0.0930188553278055,-0.270543879609225,-0.605895169233103,-0.718934396001324,1.15590036534706,0.66976449086803,0.575559349784693,-0.262179840904099,0.56898206065609,-0.488733587714483,0.0650871116999107,-0.465341467372186,1.16933586814814,1.45388250731666,-1.37120529607997,-0.0104198725461648,1.29234623514577,-0.808828004017544,0.0746455872785041,0.405752315157558,0.0283794629425961,1.84014243267524,0.0770906291677073,0.445886280287995,-1.95654409077694,-1.20222193350396,-1.5906277803703
1099778.14144887,1080442.43780172,-2.41966391619683,-1.34387559417064,0.905072564316811,0.0475586065504312,-0.764804721599301,-0.461259553773978,0.210892466655883,-1.07048575746488,0.393835588603064,1.43436007747297,-0.633420278523245,-0.105662497547844,0.635037678579468,-0.926649408395509,0.681693136453253,1.42231545381657,1.54946650146747,1.06863172043834,0.813703241701364,-0.862807213182034,-0.0574777663060251,0.461243672205961,-0.294371321971958,0.636202549001815,1.24961033563799,-0.160054183784604,0.848281242748642,-0.544308252872219,-1.47161001695558,-0.968639113267109,-0.867191767520471,-1.63167828262345,2.35952943406987,-0.489517558845119,0.239312054931882,-0.898243277612114,0.599858081112256,0.187977779619391,0.671228477082371,0.407372590512173,0.572841677756201,-1.15473411436261,-0.00397638211294773,-1.8744003816863,1.79581159966312,-1.33207172395339,0.529541085384816,1.117335565138,-0.228545356777307,-0.0389461527755398,-0.270134503744234,-0.572137368470191,-0.75601510101602,1.16271156469493,0.600246783719768,0.559454710024072,-0.28127100775371,0.602941095514657,-0.498373965830798,0.12640600681759,-0.489358545881175,1.1990943432763,1.47004919674193,-1.34294745865339,0.00945933709223791,1.25110504838668,-0.803150724857007,0.0663721467520489,0.38558342819035,0.0258567518921122,1.81384621973521,0.0464997451171222,0.465896755851222,-1.95147246043498,-1.18708348665647,-1.57189745563181
1107927.36636361,1080442.43780172,-2.39604901802596,-1.34340998892596,0.8988340232383,0.0703811513681517,-0.733735524688714,-0.437693393508778,0.193503885365709,-1.05134090134862,0.396848862619625,1.41974836971547,-0.583755175478398,-0.0869379242661342,0.582603280069314,-0.911961740592515,0.710312485887175,1.44827447200252,1.57408328469195,1.09245550830594,0.764938683790122,-0.875245866608542,-0.0718755359682494,0.457952276016039,-0.272688921305747,0.656073356614122,1.26321238282173,-0.143576206178774,0.823499564904597,-0.61084129834109,-1.46161508129432,-0.953783987832787,-0.882037498287196,-1.72493828001346,2.34184825688788,-0.511125641596149,0.291536511536998,-0.887792374760151,0.627965817602394,0.178167929829134,0.67431372593129,0.421597328149604,0.624393451370846,-1.13604223043064,-0.0228048580092139,-1.94368166966351,1.78694319110719,-1.34000060872819,0.492944952397979,1.14126669411922,-0.297450450941759,0.0148388280667696,-0.26735658811526,-0.537160068847792,-0.792711930605886,1.17079275273017,0.527540337199264,0.542962739165669,-0.300129313657645,0.639189558486295,-0.507793538660878,0.189307745484486,-0.511027743236594,1.22985121369174,1.48640201544034,-1.31177204951062,0.0307388544041473,1.20925481541061,-0.795718933802403,0.0580652738578143,0.363814906518296,0.0246523584619084,1.76685098141287,0.00384528658586391,0.472873282733734,-1.95003510494286,-1.16434760242163,-1.56419847265801
1116076.59127834,1080442.43780172,-2.36819385150841,-1.33809725399846,0.892766574874016,0.0891645185073223,-0.72210755130747,-0.408329424979316,0.141492573435991,-1.03854261915134,0.38758171920789,1.3853671394528,-0.54106129375738,-0.0645018051847604,0.55093673111857,-0.90246504855212,0.729646374041425,1.46531598682781,1.56948522883882,1.10978645690935,0.764271745495612,-0.91427766285957,-0.103043349609665,0.461529788119108,-0.243236334533302,0.707158321836057,1.27338127565001,-0.116405667652983,0.803437480512749,-0.68476344940807,-1.45497593155328,-0.941528884032877,-0.904395036819888,-1.83197010619397,2.31075831282398,-0.551792975829398,0.359455990313838,-0.894984471673066,0.663496308280766,0.162443311536114,0.668973521481164,0.452475096704196,0.691295601074394,-1.11639100303593,-0.0504083093611066,-1.99859052268579,1.77164397992253,-1.36577838689519,0.451372300570642,1.15122922503683,-0.368773950032583,0.0797636210157037,-0.252672900421957,-0.510959211427498,-0.812929171895774,1.18390130129334,0.467250395734353,0.557861637522281,-0.318549010797527,0.686757506293835,-0.510097532480042,0.251121493898216,-0.536644209953769,1.25864324179838,1.50086862335522,-1.27675554765782,0.0580342730936379,1.17151905081449,-0.785901193370164,0.0481873060735525,0.338648950442138,0.0315809063186764,1.69810947730484,-0.0301341061216587,0.484182441198747,-1.93292080239694,-1.1319381670221,-1.53660772738522
1124225.81619307,1080442.43780172,-2.34174798763238,-1.32778901150041,0.888029600753257,0.0959566376059096,-0.746258768922294,-0.374468041917088,0.0463919793401912,-1.04006310213409,0.365169407861375,1.33029853569778,-0.518041760986094,-0.0464531061712949,0.55889206167037,-0.907243791750937,0.731598271551331,1.46902070720102,1.52252911928337,1.11198722312196,0.832188043079873,-0.979989441695894,-0.15279879138664,0.467493033297896,-0.212361737493877,0.790953765044455,1.27445498158436,-0.0776467588712652,0.795794351723912,-0.750093567549135,-1.45460514358922,-0.935538050238312,-0.938714356992306,-1.9255528571159,2.26604565568574,-0.612732045755056,0.435137171893127,-0.923003734736307,0.69952250396393,0.140428226554443,0.650340512815922,0.497956074942534,0.762961580159607,-1.10031257208763,-0.0857489499147159,-2.01357237408271,1.74858942555121,-1.41145627121715,0.413262065424573,1.13664263653805,-0.425133324692448,0.142402682744375,-0.219641519877565,-0.507423063079679,-0.801634130217983,1.20264137677358,0.44241240323663,0.617220559054269,-0.333499727934732,0.741878416539111,-0.506318507861619,0.300068614544618,-0.561951472947361,1.27785362409236,1.50944492405682,-1.23956545096708,0.0894517709338976,1.15158355352285,-0.774768210330335,0.0362308574015534,0.303064476533919,0.0482221320772796,1.624503319947,-0.0353914066058453,0.50443614338208,-1.89494378585196,-1.0944734548395,-1.48264339864187
1132375.04110781,1080442.43780172,-2.31513579558092,-1.31518928152343,0.883655098667834,0.099491311189686,-0.775436184207606,-0.343249984932064,-0.0501091874283488,-1.04299905245653,0.340929419006885,1.27470728271163,-0.50237242834172,-0.0310218989651948,0.576359998216456,-0.912803691138883,0.727841967706457,1.46664199610004,1.4682921118695,1.10950504352268,0.909874221499374,-1.04549251580115,-0.201267413757328,0.475223459367009,-0.183721566374307,0.871273379743387,1.27257888521176,-0.0409211023073164,0.791840703818699,-0.804481639607292,-1.45350309553092,-0.930581141747624,-0.969663688528675,-2.0043346701697,2.22160122361198,-0.67139126786128,0.501709794723675,-0.953564824803326,0.730902190455931,0.119535036482134,0.630392147659065,0.54164086391423,0.825926007380565,-1.08601235326787,-0.118903885517235,-2.0137934562174,1.72544317158718,-1.45621256907541,0.380360152973345,1.11661212095841,-0.469425753953025,0.196616091386597,-0.186358292574446,-0.508692279372762,-0.782139320582403,1.21923772009443,0.431024895686162,0.680164682062048,-0.344623355927354,0.790464378974467,-0.499264262026813,0.337958803894402,-0.582934319616019,1.29097514146154,1.51349344207178,-1.20610335464594,0.118136064761191,1.13814480475414,-0.763463427621443,0.0259892590690805,0.271951193650126,0.0660657048213444,1.55557453817864,-0.0366888725164712,0.521814755431696,-1.85604482295006,-1.06404122998817,-1.43177153105068
1140524.26602254,1080442.43780172,-2.28448024146594,-1.30276958062616,0.878982371151507,0.105274465846904,-0.79812191929495,-0.309480114439904,-0.147165818339099,-1.04148105498237,0.315989973689261,1.21873427541913,-0.484249046992185,-0.0136419006646752,0.596417644101035,-0.914570844780608,0.721691744621498,1.4640340121168,1.4159175368237,1.10969618015421,0.978280327468154,-1.10873554740312,-0.245207065230315,0.482991085303644,-0.152168249607221,0.945812550244875,1.26956854303588,-0.00534270348470833,0.785939292158114,-0.857602390320401,-1.45437374433925,-0.924714525568997,-1.0005631198306,-2.08182989160975,2.17617056094775,-0.726956896234206,0.566703396541351,-0.98229831732282,0.76046367000958,0.101299491479577,0.611512626104415,0.583087599534452,0.885557583131027,-1.06892314186022,-0.149588136510641,-2.00978334747076,1.70059688693946,-1.49839881630928,0.348451138014289,1.09681113348317,-0.513779494877666,0.252053449439399,-0.156861937769913,-0.510011752959349,-0.761804733655152,1.23228099155118,0.420779585917635,0.739277652776357,-0.35595636240657,0.83653362669256,-0.490906382969857,0.375667539191124,-0.605207137216592,1.30525842766526,1.51473331962043,-1.16624006152585,0.146806606375624,1.12289797691922,-0.746373384108692,0.0177259262886102,0.237854362928722,0.0840706480866402,1.48419351497944,-0.0478337144248721,0.53235668816692,-1.81778940360242,-1.04037422780295,-1.38842795497339
1148673.49093727,1080442.43780172,NA,NA,NA,NA,NA,NA,NA,NA,NA,NA,NA,NA,NA,NA,NA,NA,NA,NA,NA,NA,NA,NA,NA,NA,NA,NA,NA,NA,NA,NA,NA,NA,NA,NA,NA,NA,NA,NA,NA,NA,NA,NA,NA,NA,NA,NA,NA,NA,NA,NA,NA,NA,NA,NA,NA,NA,NA,NA,NA,NA,NA,NA,NA,NA,NA,NA,NA,NA,NA,NA,NA,NA,NA,NA,NA,NA
1156822.71585201,1080442.43780172,NA,NA,NA,NA,NA,NA,NA,NA,NA,NA,NA,NA,NA,NA,NA,NA,NA,NA,NA,NA,NA,NA,NA,NA,NA,NA,NA,NA,NA,NA,NA,NA,NA,NA,NA,NA,NA,NA,NA,NA,NA,NA,NA,NA,NA,NA,NA,NA,NA,NA,NA,NA,NA,NA,NA,NA,NA,NA,NA,NA,NA,NA,NA,NA,NA,NA,NA,NA,NA,NA,NA,NA,NA,NA,NA,NA
1164971.94076674,1080442.43780172,NA,NA,NA,NA,NA,NA,NA,NA,NA,NA,NA,NA,NA,NA,NA,NA,NA,NA,NA,NA,NA,NA,NA,NA,NA,NA,NA,NA,NA,NA,NA,NA,NA,NA,NA,NA,NA,NA,NA,NA,NA,NA,NA,NA,NA,NA,NA,NA,NA,NA,NA,NA,NA,NA,NA,NA,NA,NA,NA,NA,NA,NA,NA,NA,NA,NA,NA,NA,NA,NA,NA,NA,NA,NA,NA,NA
1173121.16568148,1080442.43780172,NA,NA,NA,NA,NA,NA,NA,NA,NA,NA,NA,NA,NA,NA,NA,NA,NA,NA,NA,NA,NA,NA,NA,NA,NA,NA,NA,NA,NA,NA,NA,NA,NA,NA,NA,NA,NA,NA,NA,NA,NA,NA,NA,NA,NA,NA,NA,NA,NA,NA,NA,NA,NA,NA,NA,NA,NA,NA,NA,NA,NA,NA,NA,NA,NA,NA,NA,NA,NA,NA,NA,NA,NA,NA,NA,NA
1181270.39059621,1080442.43780172,NA,NA,NA,NA,NA,NA,NA,NA,NA,NA,NA,NA,NA,NA,NA,NA,NA,NA,NA,NA,NA,NA,NA,NA,NA,NA,NA,NA,NA,NA,NA,NA,NA,NA,NA,NA,NA,NA,NA,NA,NA,NA,NA,NA,NA,NA,NA,NA,NA,NA,NA,NA,NA,NA,NA,NA,NA,NA,NA,NA,NA,NA,NA,NA,NA,NA,NA,NA,NA,NA,NA,NA,NA,NA,NA,NA
1189419.61551094,1080442.43780172,NA,NA,NA,NA,NA,NA,NA,NA,NA,NA,NA,NA,NA,NA,NA,NA,NA,NA,NA,NA,NA,NA,NA,NA,NA,NA,NA,NA,NA,NA,NA,NA,NA,NA,NA,NA,NA,NA,NA,NA,NA,NA,NA,NA,NA,NA,NA,NA,NA,NA,NA,NA,NA,NA,NA,NA,NA,NA,NA,NA,NA,NA,NA,NA,NA,NA,NA,NA,NA,NA,NA,NA,NA,NA,NA,NA
1197568.84042568,1080442.43780172,NA,NA,NA,NA,NA,NA,NA,NA,NA,NA,NA,NA,NA,NA,NA,NA,NA,NA,NA,NA,NA,NA,NA,NA,NA,NA,NA,NA,NA,NA,NA,NA,NA,NA,NA,NA,NA,NA,NA,NA,NA,NA,NA,NA,NA,NA,NA,NA,NA,NA,NA,NA,NA,NA,NA,NA,NA,NA,NA,NA,NA,NA,NA,NA,NA,NA,NA,NA,NA,NA,NA,NA,NA,NA,NA,NA
1205718.06534041,1080442.43780172,NA,NA,NA,NA,NA,NA,NA,NA,NA,NA,NA,NA,NA,NA,NA,NA,NA,NA,NA,NA,NA,NA,NA,NA,NA,NA,NA,NA,NA,NA,NA,NA,NA,NA,NA,NA,NA,NA,NA,NA,NA,NA,NA,NA,NA,NA,NA,NA,NA,NA,NA,NA,NA,NA,NA,NA,NA,NA,NA,NA,NA,NA,NA,NA,NA,NA,NA,NA,NA,NA,NA,NA,NA,NA,NA,NA
1213867.29025514,1080442.43780172,NA,NA,NA,NA,NA,NA,NA,NA,NA,NA,NA,NA,NA,NA,NA,NA,NA,NA,NA,NA,NA,NA,NA,NA,NA,NA,NA,NA,NA,NA,NA,NA,NA,NA,NA,NA,NA,NA,NA,NA,NA,NA,NA,NA,NA,NA,NA,NA,NA,NA,NA,NA,NA,NA,NA,NA,NA,NA,NA,NA,NA,NA,NA,NA,NA,NA,NA,NA,NA,NA,NA,NA,NA,NA,NA,NA
1222016.51516988,1080442.43780172,NA,NA,NA,NA,NA,NA,NA,NA,NA,NA,NA,NA,NA,NA,NA,NA,NA,NA,NA,NA,NA,NA,NA,NA,NA,NA,NA,NA,NA,NA,NA,NA,NA,NA,NA,NA,NA,NA,NA,NA,NA,NA,NA,NA,NA,NA,NA,NA,NA,NA,NA,NA,NA,NA,NA,NA,NA,NA,NA,NA,NA,NA,NA,NA,NA,NA,NA,NA,NA,NA,NA,NA,NA,NA,NA,NA
879749.068751066,1072293.21288699,NA,NA,NA,NA,NA,NA,NA,NA,NA,NA,NA,NA,NA,NA,NA,NA,NA,NA,NA,NA,NA,NA,NA,NA,NA,NA,NA,NA,NA,NA,NA,NA,NA,NA,NA,NA,NA,NA,NA,NA,NA,NA,NA,NA,NA,NA,NA,NA,NA,NA,NA,NA,NA,NA,NA,NA,NA,NA,NA,NA,NA,NA,NA,NA,NA,NA,NA,NA,NA,NA,NA,NA,NA,NA,NA,NA
887898.2936658,1072293.21288699,NA,NA,NA,NA,NA,NA,NA,NA,NA,NA,NA,NA,NA,NA,NA,NA,NA,NA,NA,NA,NA,NA,NA,NA,NA,NA,NA,NA,NA,NA,NA,NA,NA,NA,NA,NA,NA,NA,NA,NA,NA,NA,NA,NA,NA,NA,NA,NA,NA,NA,NA,NA,NA,NA,NA,NA,NA,NA,NA,NA,NA,NA,NA,NA,NA,NA,NA,NA,NA,NA,NA,NA,NA,NA,NA,NA
896047.518580533,1072293.21288699,NA,NA,NA,NA,NA,NA,NA,NA,NA,NA,NA,NA,NA,NA,NA,NA,NA,NA,NA,NA,NA,NA,NA,NA,NA,NA,NA,NA,NA,NA,NA,NA,NA,NA,NA,NA,NA,NA,NA,NA,NA,NA,NA,NA,NA,NA,NA,NA,NA,NA,NA,NA,NA,NA,NA,NA,NA,NA,NA,NA,NA,NA,NA,NA,NA,NA,NA,NA,NA,NA,NA,NA,NA,NA,NA,NA
904196.743495267,1072293.21288699,NA,NA,NA,NA,NA,NA,NA,NA,NA,NA,NA,NA,NA,NA,NA,NA,NA,NA,NA,NA,NA,NA,NA,NA,NA,NA,NA,NA,NA,NA,NA,NA,NA,NA,NA,NA,NA,NA,NA,NA,NA,NA,NA,NA,NA,NA,NA,NA,NA,NA,NA,NA,NA,NA,NA,NA,NA,NA,NA,NA,NA,NA,NA,NA,NA,NA,NA,NA,NA,NA,NA,NA,NA,NA,NA,NA
912345.96841,1072293.21288699,NA,NA,NA,NA,NA,NA,NA,NA,NA,NA,NA,NA,NA,NA,NA,NA,NA,NA,NA,NA,NA,NA,NA,NA,NA,NA,NA,NA,NA,NA,NA,NA,NA,NA,NA,NA,NA,NA,NA,NA,NA,NA,NA,NA,NA,NA,NA,NA,NA,NA,NA,NA,NA,NA,NA,NA,NA,NA,NA,NA,NA,NA,NA,NA,NA,NA,NA,NA,NA,NA,NA,NA,NA,NA,NA,NA
920495.193324734,1072293.21288699,NA,NA,NA,NA,NA,NA,NA,NA,NA,NA,NA,NA,NA,NA,NA,NA,NA,NA,NA,NA,NA,NA,NA,NA,NA,NA,NA,NA,NA,NA,NA,NA,NA,NA,NA,NA,NA,NA,NA,NA,NA,NA,NA,NA,NA,NA,NA,NA,NA,NA,NA,NA,NA,NA,NA,NA,NA,NA,NA,NA,NA,NA,NA,NA,NA,NA,NA,NA,NA,NA,NA,NA,NA,NA,NA,NA
928644.418239468,1072293.21288699,NA,NA,NA,NA,NA,NA,NA,NA,NA,NA,NA,NA,NA,NA,NA,NA,NA,NA,NA,NA,NA,NA,NA,NA,NA,NA,NA,NA,NA,NA,NA,NA,NA,NA,NA,NA,NA,NA,NA,NA,NA,NA,NA,NA,NA,NA,NA,NA,NA,NA,NA,NA,NA,NA,NA,NA,NA,NA,NA,NA,NA,NA,NA,NA,NA,NA,NA,NA,NA,NA,NA,NA,NA,NA,NA,NA
936793.643154201,1072293.21288699,NA,NA,NA,NA,NA,NA,NA,NA,NA,NA,NA,NA,NA,NA,NA,NA,NA,NA,NA,NA,NA,NA,NA,NA,NA,NA,NA,NA,NA,NA,NA,NA,NA,NA,NA,NA,NA,NA,NA,NA,NA,NA,NA,NA,NA,NA,NA,NA,NA,NA,NA,NA,NA,NA,NA,NA,NA,NA,NA,NA,NA,NA,NA,NA,NA,NA,NA,NA,NA,NA,NA,NA,NA,NA,NA,NA
944942.868068935,1072293.21288699,NA,NA,NA,NA,NA,NA,NA,NA,NA,NA,NA,NA,NA,NA,NA,NA,NA,NA,NA,NA,NA,NA,NA,NA,NA,NA,NA,NA,NA,NA,NA,NA,NA,NA,NA,NA,NA,NA,NA,NA,NA,NA,NA,NA,NA,NA,NA,NA,NA,NA,NA,NA,NA,NA,NA,NA,NA,NA,NA,NA,NA,NA,NA,NA,NA,NA,NA,NA,NA,NA,NA,NA,NA,NA,NA,NA
953092.092983668,1072293.21288699,NA,NA,NA,NA,NA,NA,NA,NA,NA,NA,NA,NA,NA,NA,NA,NA,NA,NA,NA,NA,NA,NA,NA,NA,NA,NA,NA,NA,NA,NA,NA,NA,NA,NA,NA,NA,NA,NA,NA,NA,NA,NA,NA,NA,NA,NA,NA,NA,NA,NA,NA,NA,NA,NA,NA,NA,NA,NA,NA,NA,NA,NA,NA,NA,NA,NA,NA,NA,NA,NA,NA,NA,NA,NA,NA,NA
961241.317898402,1072293.21288699,NA,NA,NA,NA,NA,NA,NA,NA,NA,NA,NA,NA,NA,NA,NA,NA,NA,NA,NA,NA,NA,NA,NA,NA,NA,NA,NA,NA,NA,NA,NA,NA,NA,NA,NA,NA,NA,NA,NA,NA,NA,NA,NA,NA,NA,NA,NA,NA,NA,NA,NA,NA,NA,NA,NA,NA,NA,NA,NA,NA,NA,NA,NA,NA,NA,NA,NA,NA,NA,NA,NA,NA,NA,NA,NA,NA
969390.542813136,1072293.21288699,NA,NA,NA,NA,NA,NA,NA,NA,NA,NA,NA,NA,NA,NA,NA,NA,NA,NA,NA,NA,NA,NA,NA,NA,NA,NA,NA,NA,NA,NA,NA,NA,NA,NA,NA,NA,NA,NA,NA,NA,NA,NA,NA,NA,NA,NA,NA,NA,NA,NA,NA,NA,NA,NA,NA,NA,NA,NA,NA,NA,NA,NA,NA,NA,NA,NA,NA,NA,NA,NA,NA,NA,NA,NA,NA,NA
977539.767727869,1072293.21288699,NA,NA,NA,NA,NA,NA,NA,NA,NA,NA,NA,NA,NA,NA,NA,NA,NA,NA,NA,NA,NA,NA,NA,NA,NA,NA,NA,NA,NA,NA,NA,NA,NA,NA,NA,NA,NA,NA,NA,NA,NA,NA,NA,NA,NA,NA,NA,NA,NA,NA,NA,NA,NA,NA,NA,NA,NA,NA,NA,NA,NA,NA,NA,NA,NA,NA,NA,NA,NA,NA,NA,NA,NA,NA,NA,NA
985688.992642603,1072293.21288699,NA,NA,NA,NA,NA,NA,NA,NA,NA,NA,NA,NA,NA,NA,NA,NA,NA,NA,NA,NA,NA,NA,NA,NA,NA,NA,NA,NA,NA,NA,NA,NA,NA,NA,NA,NA,NA,NA,NA,NA,NA,NA,NA,NA,NA,NA,NA,NA,NA,NA,NA,NA,NA,NA,NA,NA,NA,NA,NA,NA,NA,NA,NA,NA,NA,NA,NA,NA,NA,NA,NA,NA,NA,NA,NA,NA
993838.217557336,1072293.21288699,NA,NA,NA,NA,NA,NA,NA,NA,NA,NA,NA,NA,NA,NA,NA,NA,NA,NA,NA,NA,NA,NA,NA,NA,NA,NA,NA,NA,NA,NA,NA,NA,NA,NA,NA,NA,NA,NA,NA,NA,NA,NA,NA,NA,NA,NA,NA,NA,NA,NA,NA,NA,NA,NA,NA,NA,NA,NA,NA,NA,NA,NA,NA,NA,NA,NA,NA,NA,NA,NA,NA,NA,NA,NA,NA,NA
1001987.44247207,1072293.21288699,NA,NA,NA,NA,NA,NA,NA,NA,NA,NA,NA,NA,NA,NA,NA,NA,NA,NA,NA,NA,NA,NA,NA,NA,NA,NA,NA,NA,NA,NA,NA,NA,NA,NA,NA,NA,NA,NA,NA,NA,NA,NA,NA,NA,NA,NA,NA,NA,NA,NA,NA,NA,NA,NA,NA,NA,NA,NA,NA,NA,NA,NA,NA,NA,NA,NA,NA,NA,NA,NA,NA,NA,NA,NA,NA,NA
1010136.6673868,1072293.21288699,-2.70705899928807,-1.41027412195949,0.633934649791385,-0.261959625063517,-0.829922342293715,-0.667128421658787,-0.216521208404975,-1.71082501361048,0.49287770008837,1.14622765714585,-1.03385213076728,0.141934552905395,1.56552687483868,-1.0680229288567,0.147656632283049,0.85799319247057,1.2003627346682,0.661479630397895,1.30023839386659,-1.24086416289576,-0.425650826666738,0.765970648128418,0.0395913583549504,0.968402473485798,1.14906446867528,-0.166110799387045,1.18262150507552,-0.114521276003347,-1.58845150516549,-1.0158663357246,-0.650343961504444,-0.824247975749415,2.11209721247494,-0.449389138252306,0.0388782601790263,-1.00842808393738,0.56494026564062,0.313528231730626,0.501875051165621,0.934279406330139,0.654435102137488,-1.13943285537649,0.441117514880983,-1.73966672053715,1.54220061796719,-1.28600036938201,1.21699447108228,0.898836717443234,-0.18941124119569,-0.200992322322833,-0.625461252823074,-0.541368391820864,-0.397720016226394,0.84875854144705,0.299984458888297,0.233770718753529,0.112136894689511,0.667077121076798,-0.323083931878051,0.103466249781116,-0.061528492997759,0.979505534360429,1.49481762603849,-1.32346206636471,0.0207307312686059,1.58675512504617,-1.06121087630458,0.169176154895397,0.342604542891238,0.247363545642216,1.87910234393781,0.22737811786141,0.24522531297197,-2.21605694555416,-1.2399572568835,-1.11904306260653
1018285.89230154,1072293.21288699,-2.68049982847076,-1.42004640750891,0.684864825680667,-0.222177239151817,-0.815577167868522,-0.64239999965355,-0.182497949122177,-1.6484426831167,0.444362564736918,1.175392532268,-1.02450122413141,0.0781229552413288,1.48511686592886,-1.05975125874749,0.189857211793824,0.927503527413569,1.26157821885773,0.699017463103717,1.21487627492215,-1.1975060634358,-0.396786191165934,0.762521810290362,0.000610671166171137,0.901561528806731,1.18619084079667,-0.170921123637325,1.19449537414198,-0.132393497000708,-1.57822360006818,-0.991336197267422,-0.679634256014111,-0.8700988109401,2.16746866819247,-0.436710664893628,0.0274070521770871,-0.954996908852106,0.533207780088243,0.314388015545857,0.505957933919496,0.889590407195243,0.615220779293697,-1.15592176035194,0.410295184285604,-1.76532820997632,1.60830881141131,-1.27495566379161,1.15048933259157,0.91417591790886,-0.203050248652641,-0.181605342912319,-0.623052811703214,-0.595734264590895,-0.421157524904092,0.881816868956452,0.345867137790449,0.289870372562371,0.0914404683698848,0.661463513685186,-0.345425102256542,0.122694815424783,-0.10960272494061,0.997700032741221,1.49344770250072,-1.30325120430691,0.0329041633976967,1.59233416801035,-1.08163535335184,0.152488606597343,0.31980729294256,0.220126158824452,1.85082219504995,0.218584306899881,0.285560869288733,-2.18767845164579,-1.25675855393671,-1.17850393006697
1026435.11721627,1072293.21288699,-2.6480500429985,-1.42565310522978,0.730325123620479,-0.178275975490514,-0.803283180944463,-0.615908770096218,-0.137272427034309,-1.56783452580864,0.403049106391869,1.21058020448833,-1.00495630874071,0.0126874224825826,1.39076178276309,-1.05639609710427,0.237532471124347,1.00193077501379,1.32276928473025,0.736806406036779,1.13621068741945,-1.14442463263478,-0.360826412129148,0.753981961021255,-0.0401072446462985,0.828479744184067,1.21815544811985,-0.183400972752479,1.19004203150296,-0.153444074990066,-1.55929038236475,-0.973970474004091,-0.704889849114398,-0.931614339828688,2.22410830702023,-0.434286239080529,0.0176325315179455,-0.918223221190198,0.506647264836953,0.305730309771695,0.511654439135333,0.827874309478024,0.576657416309048,-1.18077530019958,0.365879371372919,-1.78541717121763,1.67328031097992,-1.26363450474993,1.08336049984879,0.930195975466639,-0.202433530488742,-0.169873002363559,-0.608347867454608,-0.644796643156306,-0.438469576126371,0.918443652831984,0.388300857900345,0.334011496176852,0.0596668791689976,0.65000174543838,-0.370236060770699,0.12736147633148,-0.161608846962145,1.01947815842917,1.47804747999108,-1.29333763510216,0.0450881584750343,1.59036190836213,-1.08567651778347,0.137573098215394,0.298324663780907,0.189644064686591,1.84599365843038,0.22081655465683,0.333980104323279,-2.1519612578284,-1.2544292111097,-1.22139580814117
1034584.342131,1072293.21288699,-2.61692048001037,-1.42365226761339,0.756289626326793,-0.135605573517804,-0.796885923890199,-0.590215137371467,-0.0803490443163024,-1.47048231314553,0.395140263425744,1.25338235168458,-0.972506948835228,-0.0337303065884813,1.30175315049705,-1.06204262848656,0.284730810205942,1.07001751691402,1.37194551366215,0.768924342128374,1.10163624559813,-1.08954882585629,-0.317873025870226,0.742404635272383,-0.0720758715161371,0.768173725863445,1.23719176710371,-0.205652360843301,1.16027378479352,-0.17296931467733,-1.5316529000192,-0.975261552330015,-0.711171437234734,-1.00671436618834,2.27610647664237,-0.450505555621083,0.0131435901239576,-0.924696279923294,0.502563750660066,0.283831732275278,0.521889768848729,0.752304913213246,0.553312417558616,-1.21578345884325,0.310165248586988,-1.7927503512897,1.72489976951708,-1.25437929135678,1.03649988749582,0.946481402052659,-0.171167287136719,-0.17727172172125,-0.571352914091366,-0.66695293069579,-0.435902804709887,0.959606576955374,0.415611751764306,0.347527761929439,0.0170463508705192,0.633940582909961,-0.391603148988506,0.104337570600314,-0.204576568828415,1.04693686971597,1.44262939039039,-1.30617546966332,0.0579672431014927,1.580114880893,-1.05848472255115,0.133319253092463,0.288582464820806,0.162274001165324,1.85462843880466,0.188634833040757,0.354224213767148,-2.12905196090386,-1.2419917449598,-1.26564105261617
1042733.56704574,1072293.21288699,-2.58333656617263,-1.41830924984765,0.778072215945091,-0.0939170349106283,-0.789991704209709,-0.564631077050317,-0.0229828146398551,-1.37548265064346,0.392519937791178,1.29553784740307,-0.936703694338996,-0.0752495808377174,1.21306498093516,-1.06777492489072,0.330775598561401,1.13390179496249,1.41726670401201,0.798649907182426,1.07472723590933,-1.03442577279581,-0.274449674662891,0.730002175267754,-0.101081969561326,0.711043402032981,1.2524287000364,-0.228420513911932,1.12533406667276,-0.190948953168285,-1.50094923845602,-0.978097829654409,-0.713441527793906,-1.08192752049746,2.32320336747769,-0.468266398271621,0.0107741431390376,-0.936480767305641,0.50193571574844,0.259835357458919,0.532878638247231,0.67487563578386,0.533203473512839,-1.24991296677909,0.253521937044393,-1.79489738981752,1.77085987080334,-1.24361913064278,0.993948233157633,0.961859282843167,-0.135170459884392,-0.187070947139667,-0.531221193265354,-0.682469685052594,-0.429712567325659,0.999037759071963,0.439322809587265,0.355663851598585,-0.0258426696136772,0.616672913886282,-0.410656268843147,0.0773687713209227,-0.244724456572267,1.07388496312305,1.40341086662691,-1.32084854055736,0.0705302292988523,1.56721786668406,-1.0247995020804,0.131661556722891,0.281079303302756,0.136695077790339,1.86000273180151,0.149659199151911,0.364714630800203,-2.10367639383445,-1.23311863088165,-1.30722915270187
1050882.79196047,1072293.21288699,-2.54231478649899,-1.40884087020772,0.800345069166185,-0.0495099328580703,-0.78422110149807,-0.536278407399242,0.0388350252281384,-1.27434688797546,0.391195631746038,1.34039134857892,-0.895953191198894,-0.119647379128216,1.11189900851907,-1.06741189908507,0.381762330082041,1.20119643939895,1.46494186918535,0.832702366631062,1.04289173322949,-0.974976338135645,-0.226597533376166,0.71397238346905,-0.133253275054813,0.649738384119251,1.26733092798207,-0.250427617512365,1.08433128998799,-0.213168569332351,-1.4674242268825,-0.979006262389751,-0.718099598471634,-1.16436170271066,2.37129387390986,-0.48516476968864,0.0102946569368424,-0.947178429371528,0.502649540624987,0.233344920575546,0.544936658329342,0.589927221358167,0.511000922770471,-1.28202854983822,0.18971193996945,-1.79381263995848,1.81747474486642,-1.23417368285381,0.942395735600114,0.979690020932425,-0.0983548656690061,-0.195240948262325,-0.486697766121301,-0.694903787757988,-0.427720168290902,1.0392859271329,0.469342700821374,0.367388893312316,-0.0740151839529256,0.595563928889221,-0.431709869239629,0.0476744295631446,-0.288228253397386,1.10116195151539,1.3614514147602,-1.33403011661028,0.0845031177447145,1.5491106128023,-0.985730123458696,0.12893647483108,0.276870273456004,0.109416559664205,1.86349588049435,0.107305167730581,0.373918941645333,-2.07341875531808,-1.22474103740488,-1.3533698584972
1059032.01687521,1072293.21288699,-2.49665747862654,-1.39713668599558,0.818882891367169,-0.0144870122819899,-0.783913952017924,-0.511082351525303,0.0952989233976105,-1.18640068919424,0.395649364169525,1.3846782699244,-0.852290974883548,-0.151141111715609,1.00586200085584,-1.04332280262916,0.437945556487502,1.25765082542568,1.50792909344189,0.877189133304548,1.00646326539724,-0.927795526030023,-0.177248912645857,0.685366358933099,-0.175330575653552,0.609906222855796,1.27606242846551,-0.2551661601115,1.03696368889482,-0.248587511024112,-1.44776904999542,-0.97717208941576,-0.739544724820511,-1.24738872982962,2.40446862365888,-0.486891674524003,0.0220993815501023,-0.950512771359849,0.50829940467945,0.206550539159504,0.561434058541145,0.519378371723806,0.489082762171837,-1.28839051867846,0.129574891212127,-1.7904465067497,1.8462249629631,-1.24131025719396,0.869902517680582,1.00329001010711,-0.0804193882647171,-0.195478496659467,-0.442989157264823,-0.691764440739467,-0.46010449521951,1.06912298115389,0.519096487968391,0.403919126694361,-0.121308465377082,0.568209221649831,-0.455253693011611,0.0225004762627559,-0.334381749571052,1.11900666266694,1.33908826427584,-1.34586872642522,0.0923488751802597,1.51860226911037,-0.944087603344771,0.122490244536235,0.291517574871867,0.0825049019021283,1.87342115270792,0.0771618103716777,0.379360836179104,-2.04560780463426,-1.21588209965348,-1.40831851680207
1067181.24178994,1072293.21288699,-2.45263959166122,-1.38342934812518,0.829805889682586,0.00571116546520547,-0.790227886827582,-0.493260480769459,0.141332456447416,-1.12249749926657,0.404073864508114,1.42168187718139,-0.811569049845886,-0.167558021811803,0.912252874357809,-1.0002990970943,0.49163342734307,1.29511595929476,1.54147277647854,0.924964179079304,0.971167436280176,-0.897591385960646,-0.134196008930049,0.647782506097676,-0.219931362931898,0.596946930999948,1.27677677671224,-0.24299286998892,0.990504669666147,-0.291916061959218,-1.44205835059302,-0.973542360107673,-0.775563696393596,-1.31451826874849,2.41864836487406,-0.472956677261164,0.04218601005648,-0.945882162344241,0.519882645049739,0.182700306006898,0.58028540782517,0.474562591929473,0.470645639488578,-1.2694058595201,0.0816423315118734,-1.78503457550045,1.8530047511728,-1.26213661901224,0.788895386985946,1.02816765785989,-0.0808267981116692,-0.189372542704303,-0.406509982622924,-0.673275279130488,-0.52143147845374,1.08311302851509,0.58151276018624,0.456160114610786,-0.161078441285718,0.534956413349253,-0.477679569057311,0.00248674686775257,-0.374218216880402,1.12394189192197,1.33857345310003,-1.35534884418688,0.092088479743889,1.47974239555302,-0.903669581194537,0.114343752331378,0.323751243958149,0.0622067206637172,1.88811640667035,0.0640417766878114,0.380602880077217,-2.02419611166186,-1.2075277125098,-1.46213466070925
1075330.46670467,1072293.21288699,-2.40634679658173,-1.36768362227642,0.839400282274751,0.025730952541472,-0.797051061597207,-0.474725763141428,0.185739665856274,-1.05967266481904,0.413629321444519,1.45729570431601,-0.77063266640253,-0.182469770013963,0.818279056795666,-0.954902555743801,0.543583500059721,1.33039392475114,1.57334645225622,0.971866949554843,0.934376504748131,-0.867644588221657,-0.0914738062054228,0.609813994481361,-0.263601905287638,0.585565646896303,1.27697827078414,-0.22987684434322,0.943648508408586,-0.336061432455218,-1.43535396253506,-0.968097951470807,-0.811993379542586,-1.38007661964006,2.43061417073816,-0.458341191607729,0.0627518009799432,-0.939755835606427,0.532101184602041,0.159695497286233,0.598630835629506,0.430900494032006,0.452728670216705,-1.24739931860056,0.0339094988312086,-1.77687594972243,1.8579441294183,-1.28244338358079,0.705638302798238,1.05282487327141,-0.0817891382455472,-0.181553662510481,-0.370390894700182,-0.652894227755663,-0.584759324239222,1.09505988950758,0.642574025669193,0.507879725110856,-0.199076222355238,0.500673325165638,-0.498718502373277,-0.0167088740042681,-0.412705575918625,1.12795056461044,1.33846669323607,-1.36224182625652,0.0926450890480329,1.43912628894418,-0.862912166434826,0.106421134438317,0.356173898774922,0.0431123439963852,1.89433165519232,0.0447565137885592,0.380964609639068,-2.0008906276648,-1.19876689468076,-1.51365849443193
1083479.69161941,1072293.21288699,-2.3582137122182,-1.35230137360888,0.848093231907553,0.0494805401096777,-0.797938518474936,-0.452197106814121,0.225071679110397,-0.997210518285456,0.4238460793923,1.48921710259605,-0.721998628780961,-0.193716241710422,0.71759272682601,-0.909811231897893,0.597856390385551,1.36919797186183,1.60830046197296,1.02102220630708,0.890028174496929,-0.838824988242742,-0.0533241837558417,0.570725768433475,-0.301913016087333,0.577503484586878,1.27899249598111,-0.213686691711498,0.894224503498899,-0.388389369837477,-1.42544323857746,-0.959755941988437,-0.848683308917265,-1.45607822078081,2.43853892176363,-0.447429802745847,0.0918913751121527,-0.929858497366131,0.547339215119534,0.136042878366233,0.616815208325852,0.390152632434351,0.443975316580895,-1.2228992888218,-0.0155216870799072,-1.7789958526077,1.86053127206795,-1.3017931102137,0.61883281115725,1.0804948499364,-0.0933720878126016,-0.165043640363068,-0.334851127046845,-0.627716579874377,-0.652099098770654,1.10849318280432,0.688248399738285,0.555721558791172,-0.238869253852114,0.475629826134191,-0.520460984552875,-0.0233140719440917,-0.452572978654963,1.13704682259109,1.34126838721361,-1.3623706534805,0.0976431991911046,1.39304903122458,-0.822363925260392,0.0967909280447995,0.382361680336794,0.0251650677969476,1.88332617349178,0.0111577524231066,0.383136522529477,-1.97926654477557,-1.18749340339717,-1.56145829845372
1091628.91653414,1072293.21288699,-2.32898030765827,-1.35071528298777,0.848363187352717,0.0770674312374158,-0.779426934863006,-0.426334609127278,0.226935310399115,-0.959273827618086,0.430995891157758,1.49307074118131,-0.665852890535273,-0.187705726294995,0.643570332466564,-0.886245481788582,0.639648890468177,1.40639235325091,1.6428963316181,1.05992763494447,0.837664339319937,-0.831261002529905,-0.0519081305978492,0.544377375261846,-0.30209722682301,0.587183000044095,1.28922157803531,-0.195607502076354,0.859981758592267,-0.455213188388196,-1.41294409045225,-0.949256098094082,-0.874032126362342,-1.54400656171426,2.43165837975346,-0.460499463852031,0.13903945067692,-0.912501515782785,0.572291418740257,0.11786116762733,0.6255218328514,0.379418431642154,0.476293548132713,-1.20286434567835,-0.0520737658020384,-1.83114424955564,1.85384162671017,-1.31243907786774,0.560324354878287,1.10804657104846,-0.146410383939958,-0.122472431031591,-0.318974435617729,-0.598302673407389,-0.70742350832151,1.12223155454602,0.655042958755979,0.573836814383859,-0.268572887971781,0.496418165583987,-0.538812893537447,0.0191989182485922,-0.483503537164796,1.16196996278684,1.35360031354889,-1.3404713010908,0.11653421595585,1.34747142079693,-0.8022131776888,0.0828787079031536,0.371805604396587,0.019123865140811,1.85481073417635,-0.0316863671928915,0.394269260404952,-1.97104596747502,-1.17676353535519,-1.56878184619624
1099778.14144887,1072293.21288699,-2.30912094550272,-1.35467645623538,0.84519123686667,0.102630859347191,-0.755116176641769,-0.40247890969642,0.213751091619599,-0.935347970318209,0.43621286585553,1.4861260880504,-0.614510834783486,-0.175994633077612,0.587498235027532,-0.873511565050545,0.671203619529648,1.43847154773963,1.6729630530435,1.0896343129664,0.786529095098541,-0.83213416395267,-0.0643898334117233,0.526484191398273,-0.287752312865583,0.601590117351457,1.30119224756827,-0.17915294747204,0.834528936972018,-0.519865068064702,-1.40055653385786,-0.938474909010617,-0.891840023335036,-1.62807479098832,2.41932965998412,-0.481587125111887,0.187551756672201,-0.894584305978493,0.595761834229261,0.103939267861454,0.629179911106591,0.380963601637999,0.519164408610054,-1.18725244910743,-0.0790118504232273,-1.89689102453211,1.84457609189426,-1.31880447464044,0.519884019835383,1.13226304867649,-0.210188303495411,-0.0756451365079801,-0.312141852070346,-0.571230468696812,-0.750721710427627,1.13391242730596,0.593900055483027,0.57658757897939,-0.291907390752663,0.532527743000954,-0.553964018323376,0.0748643657491112,-0.507680124765701,1.19000128683586,1.36751249080753,-1.31252206221468,0.138829036251458,1.30768325699147,-0.792706061450468,0.06871044353858,0.346683398409916,0.0174496748681052,1.8210741006003,-0.0693046342625189,0.409619821631045,-1.96555669874729,-1.15374009042172,-1.55756435625077
1107927.36636361,1072293.21288699,-2.28724670750694,-1.3573359742056,0.841513566874433,0.128250209687365,-0.730527882450149,-0.376969651209731,0.196505584841319,-0.911784321885446,0.441020469585708,1.47609307302959,-0.562292866269607,-0.163413581286621,0.532097297791587,-0.861402679117928,0.701410640328532,1.47007131505686,1.70040202264144,1.11800292902519,0.735555517171893,-0.833300209246232,-0.0793805021067476,0.50752255863185,-0.27085986314513,0.617995960345262,1.31221051068983,-0.160820607924279,0.808702752354336,-0.586192996427308,-1.38643596249292,-0.926630174586913,-0.909208618481959,-1.71339406228993,2.40345485125671,-0.504411017380074,0.238318368172546,-0.875077891136625,0.618767097355209,0.0895577250425607,0.631423459765485,0.384142371489421,0.563674494762954,-1.17018530218849,-0.106506228965143,-1.96303591013194,1.8331113306844,-1.32407774763343,0.479473832470059,1.15492006890652,-0.277404880423831,-0.0274349346856255,-0.30421835061343,-0.544140675819116,-0.792382039515813,1.14574912740854,0.528861420207476,0.580014767595259,-0.315062870432425,0.57244277915722,-0.569012873637174,0.133230016883063,-0.531076103444757,1.21800433061946,1.38071379037685,-1.28139541133263,0.16261929616575,1.26691507776513,-0.782257632242088,0.0533936784374059,0.317992115036236,0.0168752826930362,1.77995434050068,-0.106969848458594,0.424360759759536,-1.95733243682549,-1.12240687923729,-1.542802945049
1116076.59127834,1072293.21288699,-2.26238331903196,-1.35649289889405,0.837625325474264,0.150837172060863,-0.721048554735606,-0.345378593779912,0.151480782939999,-0.894479882980302,0.436525243384552,1.44873265154568,-0.513244547225344,-0.146210329516679,0.491342176040191,-0.853715855644138,0.725493716853904,1.4969168972547,1.70530693706668,1.13905666166974,0.717849410647674,-0.854802548154299,-0.107554625698381,0.492576836590321,-0.247906513279701,0.660273125150492,1.3199733614365,-0.131969982445467,0.785796532879326,-0.661960918728431,-1.37780693569622,-0.916742560294906,-0.935335468076432,-1.81253574324602,2.37563879906043,-0.542684779491883,0.304802191388263,-0.867969628139555,0.649445294308262,0.0715695621734095,0.626502633574814,0.402365764985814,0.622911104760714,-1.14844326390534,-0.141477223008562,-2.0195675219476,1.8157569044823,-1.34316967515437,0.432604531357172,1.16712765161848,-0.351708633391611,0.0325608731449245,-0.28667972340361,-0.522691301316729,-0.82259036060656,1.16137161070945,0.472300770834918,0.604225127903075,-0.33777611567763,0.623647485581459,-0.580583691511351,0.197012851035376,-0.559739294678817,1.24613599112659,1.39376587278017,-1.244293799265,0.190662694897326,1.22637122140819,-0.767954975330396,0.0354739342002826,0.282760679136987,0.022612052806002,1.72404346250965,-0.136141026153316,0.445463173800877,-1.93643270944845,-1.08428885767781,-1.51089085598417
1124225.81619307,1072293.21288699,-2.24018680226804,-1.34735046375982,0.833882156153351,0.156978376340054,-0.752243275380638,-0.307646388806934,0.0480865929246726,-0.903746994367523,0.413375723021884,1.38695496397997,-0.489417833391546,-0.122450127366299,0.503793561716569,-0.862300501415546,0.726600339264295,1.50619732905427,1.65253188734713,1.13086491673799,0.784305872934166,-0.922437091543699,-0.16005844554929,0.497105315300511,-0.218084208887956,0.752725433520402,1.31831967599772,-0.0840644060703158,0.779537967951655,-0.732873451227732,-1.38998872373273,-0.913805808081712,-0.980536996905433,-1.90844236228796,2.32700130223627,-0.607205789793744,0.392283334287014,-0.896476926505714,0.688978829540085,0.0525167267680394,0.604751023837607,0.456984249482858,0.701554443806309,-1.11982564594541,-0.178246733843467,-2.03156078673943,1.79263023206934,-1.39249740038364,0.38930375685761,1.15083263023376,-0.419105063331458,0.103881405240403,-0.251135068969804,-0.521676372467889,-0.807329628593642,1.17991869619196,0.453699545021217,0.656288082493157,-0.349812867455013,0.688222478729455,-0.581683024010172,0.262924116004002,-0.590651349758264,1.26988376731275,1.40513733671481,-1.19977016802064,0.219379818005889,1.20303690402317,-0.750661359500887,0.0190745149125972,0.23515847387912,0.0422658925491437,1.65127015499904,-0.135524137222045,0.471708325762969,-1.89706266329109,-1.04722032050665,-1.45377611481641
1132375.04110781,1072293.21288699,-2.21773279306975,-1.33557936207652,0.830924201844612,0.160315523021513,-0.78581388828116,-0.273705072616683,-0.0531125737241129,-0.914061952933034,0.389730411585717,1.3263961165022,-0.472750990369027,-0.101097263702865,0.523590082910789,-0.870301350861915,0.722507222209112,1.51025780869574,1.59498204081267,1.11807208872133,0.854725005517412,-0.987306188492618,-0.209423189468025,0.503908344248311,-0.190971339850091,0.837290290243211,1.3142784705483,-0.0393840312933196,0.776068903625445,-0.791916063478313,-1.40180042227236,-0.911888999685182,-1.02111312746648,-1.98800560590646,2.27985437870763,-0.667171420092921,0.468507016347039,-0.926253768500849,0.722190775186473,0.035864037699515,0.582990304461127,0.508751444713262,0.769464396762716,-1.09255943232094,-0.210914558516948,-2.03066546391889,1.77125646093287,-1.43911451721741,0.352038503790271,1.13088324513759,-0.474608689954998,0.165724423096583,-0.217470040848363,-0.523660253453322,-0.784746804784776,1.19506008236412,0.44668974177955,0.705004888499193,-0.357251167433386,0.744745357881797,-0.579469212578596,0.318036668179442,-0.616349737465018,1.28830118865681,1.41188069926054,-1.16029689780584,0.243934055869386,1.18531376349458,-0.733286384365561,0.0049098925691711,0.194048753395323,0.0628268046503313,1.58199999498656,-0.130274461679354,0.49392257210115,-1.85765938421992,-1.01720942168218,-1.40303598872089
1140524.26602254,1072293.21288699,-2.19244431343168,-1.32432031435329,0.829558628090214,0.167115499139805,-0.809224336603469,-0.239868815498154,-0.150849026216036,-0.918968956905829,0.365547043294723,1.26896954959185,-0.45456697536506,-0.0784793431873675,0.545714432684577,-0.873232815012818,0.714834003177408,1.5141219197972,1.54254521905916,1.11249205043464,0.913033750846993,-1.04783799497036,-0.251633728289669,0.510098798742983,-0.161230507744714,0.909145758456288,1.30988459700984,0.000519574630455841,0.769457853966285,-0.847172564582248,-1.41446684355788,-0.910468576287918,-1.05843033634014,-2.06368183585623,2.23507889245668,-0.721961808254593,0.539082455329523,-0.954682832500263,0.749641512988412,0.022577932863414,0.564378442414057,0.553901980351261,0.829566177044934,-1.06636981482854,-0.239242342462117,-2.02712374305022,1.74966010590043,-1.48177229968479,0.317691436274476,1.11290641830241,-0.527542883797829,0.226245259515936,-0.190626733389834,-0.525084271161915,-0.762746136264542,1.20606137571871,0.440455330492868,0.748626057294756,-0.365773031865522,0.795663834908386,-0.57437805771869,0.367850312368755,-0.641248798108714,1.30761669443289,1.41483832906882,-1.11823064728283,0.266822695855308,1.16621053606055,-0.710751206899113,-0.00604047309357842,0.155490314968706,0.0831027274072242,1.50763266902187,-0.132899260201706,0.511504791186313,-1.8184289089035,-0.993513471301967,-1.36169175750308
1148673.49093727,1072293.21288699,NA,NA,NA,NA,NA,NA,NA,NA,NA,NA,NA,NA,NA,NA,NA,NA,NA,NA,NA,NA,NA,NA,NA,NA,NA,NA,NA,NA,NA,NA,NA,NA,NA,NA,NA,NA,NA,NA,NA,NA,NA,NA,NA,NA,NA,NA,NA,NA,NA,NA,NA,NA,NA,NA,NA,NA,NA,NA,NA,NA,NA,NA,NA,NA,NA,NA,NA,NA,NA,NA,NA,NA,NA,NA,NA,NA
1156822.71585201,1072293.21288699,NA,NA,NA,NA,NA,NA,NA,NA,NA,NA,NA,NA,NA,NA,NA,NA,NA,NA,NA,NA,NA,NA,NA,NA,NA,NA,NA,NA,NA,NA,NA,NA,NA,NA,NA,NA,NA,NA,NA,NA,NA,NA,NA,NA,NA,NA,NA,NA,NA,NA,NA,NA,NA,NA,NA,NA,NA,NA,NA,NA,NA,NA,NA,NA,NA,NA,NA,NA,NA,NA,NA,NA,NA,NA,NA,NA
1164971.94076674,1072293.21288699,NA,NA,NA,NA,NA,NA,NA,NA,NA,NA,NA,NA,NA,NA,NA,NA,NA,NA,NA,NA,NA,NA,NA,NA,NA,NA,NA,NA,NA,NA,NA,NA,NA,NA,NA,NA,NA,NA,NA,NA,NA,NA,NA,NA,NA,NA,NA,NA,NA,NA,NA,NA,NA,NA,NA,NA,NA,NA,NA,NA,NA,NA,NA,NA,NA,NA,NA,NA,NA,NA,NA,NA,NA,NA,NA,NA
1173121.16568148,1072293.21288699,NA,NA,NA,NA,NA,NA,NA,NA,NA,NA,NA,NA,NA,NA,NA,NA,NA,NA,NA,NA,NA,NA,NA,NA,NA,NA,NA,NA,NA,NA,NA,NA,NA,NA,NA,NA,NA,NA,NA,NA,NA,NA,NA,NA,NA,NA,NA,NA,NA,NA,NA,NA,NA,NA,NA,NA,NA,NA,NA,NA,NA,NA,NA,NA,NA,NA,NA,NA,NA,NA,NA,NA,NA,NA,NA,NA
1181270.39059621,1072293.21288699,NA,NA,NA,NA,NA,NA,NA,NA,NA,NA,NA,NA,NA,NA,NA,NA,NA,NA,NA,NA,NA,NA,NA,NA,NA,NA,NA,NA,NA,NA,NA,NA,NA,NA,NA,NA,NA,NA,NA,NA,NA,NA,NA,NA,NA,NA,NA,NA,NA,NA,NA,NA,NA,NA,NA,NA,NA,NA,NA,NA,NA,NA,NA,NA,NA,NA,NA,NA,NA,NA,NA,NA,NA,NA,NA,NA
1189419.61551094,1072293.21288699,NA,NA,NA,NA,NA,NA,NA,NA,NA,NA,NA,NA,NA,NA,NA,NA,NA,NA,NA,NA,NA,NA,NA,NA,NA,NA,NA,NA,NA,NA,NA,NA,NA,NA,NA,NA,NA,NA,NA,NA,NA,NA,NA,NA,NA,NA,NA,NA,NA,NA,NA,NA,NA,NA,NA,NA,NA,NA,NA,NA,NA,NA,NA,NA,NA,NA,NA,NA,NA,NA,NA,NA,NA,NA,NA,NA
1197568.84042568,1072293.21288699,NA,NA,NA,NA,NA,NA,NA,NA,NA,NA,NA,NA,NA,NA,NA,NA,NA,NA,NA,NA,NA,NA,NA,NA,NA,NA,NA,NA,NA,NA,NA,NA,NA,NA,NA,NA,NA,NA,NA,NA,NA,NA,NA,NA,NA,NA,NA,NA,NA,NA,NA,NA,NA,NA,NA,NA,NA,NA,NA,NA,NA,NA,NA,NA,NA,NA,NA,NA,NA,NA,NA,NA,NA,NA,NA,NA
1205718.06534041,1072293.21288699,NA,NA,NA,NA,NA,NA,NA,NA,NA,NA,NA,NA,NA,NA,NA,NA,NA,NA,NA,NA,NA,NA,NA,NA,NA,NA,NA,NA,NA,NA,NA,NA,NA,NA,NA,NA,NA,NA,NA,NA,NA,NA,NA,NA,NA,NA,NA,NA,NA,NA,NA,NA,NA,NA,NA,NA,NA,NA,NA,NA,NA,NA,NA,NA,NA,NA,NA,NA,NA,NA,NA,NA,NA,NA,NA,NA
1213867.29025514,1072293.21288699,NA,NA,NA,NA,NA,NA,NA,NA,NA,NA,NA,NA,NA,NA,NA,NA,NA,NA,NA,NA,NA,NA,NA,NA,NA,NA,NA,NA,NA,NA,NA,NA,NA,NA,NA,NA,NA,NA,NA,NA,NA,NA,NA,NA,NA,NA,NA,NA,NA,NA,NA,NA,NA,NA,NA,NA,NA,NA,NA,NA,NA,NA,NA,NA,NA,NA,NA,NA,NA,NA,NA,NA,NA,NA,NA,NA
1222016.51516988,1072293.21288699,NA,NA,NA,NA,NA,NA,NA,NA,NA,NA,NA,NA,NA,NA,NA,NA,NA,NA,NA,NA,NA,NA,NA,NA,NA,NA,NA,NA,NA,NA,NA,NA,NA,NA,NA,NA,NA,NA,NA,NA,NA,NA,NA,NA,NA,NA,NA,NA,NA,NA,NA,NA,NA,NA,NA,NA,NA,NA,NA,NA,NA,NA,NA,NA,NA,NA,NA,NA,NA,NA,NA,NA,NA,NA,NA,NA
879749.068751066,1064143.98797226,NA,NA,NA,NA,NA,NA,NA,NA,NA,NA,NA,NA,NA,NA,NA,NA,NA,NA,NA,NA,NA,NA,NA,NA,NA,NA,NA,NA,NA,NA,NA,NA,NA,NA,NA,NA,NA,NA,NA,NA,NA,NA,NA,NA,NA,NA,NA,NA,NA,NA,NA,NA,NA,NA,NA,NA,NA,NA,NA,NA,NA,NA,NA,NA,NA,NA,NA,NA,NA,NA,NA,NA,NA,NA,NA,NA
887898.2936658,1064143.98797226,NA,NA,NA,NA,NA,NA,NA,NA,NA,NA,NA,NA,NA,NA,NA,NA,NA,NA,NA,NA,NA,NA,NA,NA,NA,NA,NA,NA,NA,NA,NA,NA,NA,NA,NA,NA,NA,NA,NA,NA,NA,NA,NA,NA,NA,NA,NA,NA,NA,NA,NA,NA,NA,NA,NA,NA,NA,NA,NA,NA,NA,NA,NA,NA,NA,NA,NA,NA,NA,NA,NA,NA,NA,NA,NA,NA
896047.518580533,1064143.98797226,NA,NA,NA,NA,NA,NA,NA,NA,NA,NA,NA,NA,NA,NA,NA,NA,NA,NA,NA,NA,NA,NA,NA,NA,NA,NA,NA,NA,NA,NA,NA,NA,NA,NA,NA,NA,NA,NA,NA,NA,NA,NA,NA,NA,NA,NA,NA,NA,NA,NA,NA,NA,NA,NA,NA,NA,NA,NA,NA,NA,NA,NA,NA,NA,NA,NA,NA,NA,NA,NA,NA,NA,NA,NA,NA,NA
904196.743495267,1064143.98797226,NA,NA,NA,NA,NA,NA,NA,NA,NA,NA,NA,NA,NA,NA,NA,NA,NA,NA,NA,NA,NA,NA,NA,NA,NA,NA,NA,NA,NA,NA,NA,NA,NA,NA,NA,NA,NA,NA,NA,NA,NA,NA,NA,NA,NA,NA,NA,NA,NA,NA,NA,NA,NA,NA,NA,NA,NA,NA,NA,NA,NA,NA,NA,NA,NA,NA,NA,NA,NA,NA,NA,NA,NA,NA,NA,NA
912345.96841,1064143.98797226,NA,NA,NA,NA,NA,NA,NA,NA,NA,NA,NA,NA,NA,NA,NA,NA,NA,NA,NA,NA,NA,NA,NA,NA,NA,NA,NA,NA,NA,NA,NA,NA,NA,NA,NA,NA,NA,NA,NA,NA,NA,NA,NA,NA,NA,NA,NA,NA,NA,NA,NA,NA,NA,NA,NA,NA,NA,NA,NA,NA,NA,NA,NA,NA,NA,NA,NA,NA,NA,NA,NA,NA,NA,NA,NA,NA
920495.193324734,1064143.98797226,NA,NA,NA,NA,NA,NA,NA,NA,NA,NA,NA,NA,NA,NA,NA,NA,NA,NA,NA,NA,NA,NA,NA,NA,NA,NA,NA,NA,NA,NA,NA,NA,NA,NA,NA,NA,NA,NA,NA,NA,NA,NA,NA,NA,NA,NA,NA,NA,NA,NA,NA,NA,NA,NA,NA,NA,NA,NA,NA,NA,NA,NA,NA,NA,NA,NA,NA,NA,NA,NA,NA,NA,NA,NA,NA,NA
928644.418239468,1064143.98797226,NA,NA,NA,NA,NA,NA,NA,NA,NA,NA,NA,NA,NA,NA,NA,NA,NA,NA,NA,NA,NA,NA,NA,NA,NA,NA,NA,NA,NA,NA,NA,NA,NA,NA,NA,NA,NA,NA,NA,NA,NA,NA,NA,NA,NA,NA,NA,NA,NA,NA,NA,NA,NA,NA,NA,NA,NA,NA,NA,NA,NA,NA,NA,NA,NA,NA,NA,NA,NA,NA,NA,NA,NA,NA,NA,NA
936793.643154201,1064143.98797226,NA,NA,NA,NA,NA,NA,NA,NA,NA,NA,NA,NA,NA,NA,NA,NA,NA,NA,NA,NA,NA,NA,NA,NA,NA,NA,NA,NA,NA,NA,NA,NA,NA,NA,NA,NA,NA,NA,NA,NA,NA,NA,NA,NA,NA,NA,NA,NA,NA,NA,NA,NA,NA,NA,NA,NA,NA,NA,NA,NA,NA,NA,NA,NA,NA,NA,NA,NA,NA,NA,NA,NA,NA,NA,NA,NA
944942.868068935,1064143.98797226,NA,NA,NA,NA,NA,NA,NA,NA,NA,NA,NA,NA,NA,NA,NA,NA,NA,NA,NA,NA,NA,NA,NA,NA,NA,NA,NA,NA,NA,NA,NA,NA,NA,NA,NA,NA,NA,NA,NA,NA,NA,NA,NA,NA,NA,NA,NA,NA,NA,NA,NA,NA,NA,NA,NA,NA,NA,NA,NA,NA,NA,NA,NA,NA,NA,NA,NA,NA,NA,NA,NA,NA,NA,NA,NA,NA
953092.092983668,1064143.98797226,NA,NA,NA,NA,NA,NA,NA,NA,NA,NA,NA,NA,NA,NA,NA,NA,NA,NA,NA,NA,NA,NA,NA,NA,NA,NA,NA,NA,NA,NA,NA,NA,NA,NA,NA,NA,NA,NA,NA,NA,NA,NA,NA,NA,NA,NA,NA,NA,NA,NA,NA,NA,NA,NA,NA,NA,NA,NA,NA,NA,NA,NA,NA,NA,NA,NA,NA,NA,NA,NA,NA,NA,NA,NA,NA,NA
961241.317898402,1064143.98797226,NA,NA,NA,NA,NA,NA,NA,NA,NA,NA,NA,NA,NA,NA,NA,NA,NA,NA,NA,NA,NA,NA,NA,NA,NA,NA,NA,NA,NA,NA,NA,NA,NA,NA,NA,NA,NA,NA,NA,NA,NA,NA,NA,NA,NA,NA,NA,NA,NA,NA,NA,NA,NA,NA,NA,NA,NA,NA,NA,NA,NA,NA,NA,NA,NA,NA,NA,NA,NA,NA,NA,NA,NA,NA,NA,NA
969390.542813136,1064143.98797226,NA,NA,NA,NA,NA,NA,NA,NA,NA,NA,NA,NA,NA,NA,NA,NA,NA,NA,NA,NA,NA,NA,NA,NA,NA,NA,NA,NA,NA,NA,NA,NA,NA,NA,NA,NA,NA,NA,NA,NA,NA,NA,NA,NA,NA,NA,NA,NA,NA,NA,NA,NA,NA,NA,NA,NA,NA,NA,NA,NA,NA,NA,NA,NA,NA,NA,NA,NA,NA,NA,NA,NA,NA,NA,NA,NA
977539.767727869,1064143.98797226,NA,NA,NA,NA,NA,NA,NA,NA,NA,NA,NA,NA,NA,NA,NA,NA,NA,NA,NA,NA,NA,NA,NA,NA,NA,NA,NA,NA,NA,NA,NA,NA,NA,NA,NA,NA,NA,NA,NA,NA,NA,NA,NA,NA,NA,NA,NA,NA,NA,NA,NA,NA,NA,NA,NA,NA,NA,NA,NA,NA,NA,NA,NA,NA,NA,NA,NA,NA,NA,NA,NA,NA,NA,NA,NA,NA
985688.992642603,1064143.98797226,NA,NA,NA,NA,NA,NA,NA,NA,NA,NA,NA,NA,NA,NA,NA,NA,NA,NA,NA,NA,NA,NA,NA,NA,NA,NA,NA,NA,NA,NA,NA,NA,NA,NA,NA,NA,NA,NA,NA,NA,NA,NA,NA,NA,NA,NA,NA,NA,NA,NA,NA,NA,NA,NA,NA,NA,NA,NA,NA,NA,NA,NA,NA,NA,NA,NA,NA,NA,NA,NA,NA,NA,NA,NA,NA,NA
993838.217557336,1064143.98797226,NA,NA,NA,NA,NA,NA,NA,NA,NA,NA,NA,NA,NA,NA,NA,NA,NA,NA,NA,NA,NA,NA,NA,NA,NA,NA,NA,NA,NA,NA,NA,NA,NA,NA,NA,NA,NA,NA,NA,NA,NA,NA,NA,NA,NA,NA,NA,NA,NA,NA,NA,NA,NA,NA,NA,NA,NA,NA,NA,NA,NA,NA,NA,NA,NA,NA,NA,NA,NA,NA,NA,NA,NA,NA,NA,NA
1001987.44247207,1064143.98797226,NA,NA,NA,NA,NA,NA,NA,NA,NA,NA,NA,NA,NA,NA,NA,NA,NA,NA,NA,NA,NA,NA,NA,NA,NA,NA,NA,NA,NA,NA,NA,NA,NA,NA,NA,NA,NA,NA,NA,NA,NA,NA,NA,NA,NA,NA,NA,NA,NA,NA,NA,NA,NA,NA,NA,NA,NA,NA,NA,NA,NA,NA,NA,NA,NA,NA,NA,NA,NA,NA,NA,NA,NA,NA,NA,NA
1010136.6673868,1064143.98797226,NA,NA,NA,NA,NA,NA,NA,NA,NA,NA,NA,NA,NA,NA,NA,NA,NA,NA,NA,NA,NA,NA,NA,NA,NA,NA,NA,NA,NA,NA,NA,NA,NA,NA,NA,NA,NA,NA,NA,NA,NA,NA,NA,NA,NA,NA,NA,NA,NA,NA,NA,NA,NA,NA,NA,NA,NA,NA,NA,NA,NA,NA,NA,NA,NA,NA,NA,NA,NA,NA,NA,NA,NA,NA,NA,NA
1018285.89230154,1064143.98797226,-2.56663789104297,-1.47399661768772,0.621026725259945,-0.196862527256454,-0.757764778616479,-0.6427563077975,-0.176243940243391,-1.64583870073042,0.405084474261741,1.19678337275378,-0.995125003673234,0.0592409256332661,1.49089375403039,-1.06413784102947,0.153208866756832,0.916592897212991,1.37817844931369,0.686784854131658,1.20507995502465,-1.18389885262537,-0.412862287028442,0.841305970820285,0.0595345236732298,0.934877116385502,1.19205898206747,-0.155230388763096,1.15462168710529,-0.113216278473177,-1.53381849966532,-0.968791406821365,-0.668841388310695,-0.902179069559883,2.15380823457022,-0.445079340650326,0.0905855755370748,-0.940915678250148,0.479100265867036,0.259777496912768,0.46149406199095,0.913055683991663,0.563935892474488,-1.1792738416235,0.398658937813119,-1.76251790287048,1.58632609077258,-1.27256000468394,1.20850527524255,0.915047247907854,-0.235094841494222,-0.203303859638723,-0.687272909775613,-0.604234468447798,-0.40397921431984,0.812495619897815,0.31227547307865,0.273869875444881,0.0516738667808791,0.645899639901637,-0.394242109532506,0.0996620279443675,-0.129910085399922,0.977501029939688,1.44572422511919,-1.3042756077941,0.165455152335344,1.63898558988903,-1.05618651055048,0.173562812368431,0.243441474640335,0.190941840585168,1.93036865917016,0.214750950470792,0.296419643350077,-2.15709003604739,-1.23277077779661,-1.14211836375761
1026435.11721627,1064143.98797226,-2.53440204118706,-1.47713929547312,0.667492551431817,-0.150232607054694,-0.741909876242226,-0.607634772115437,-0.136207601067994,-1.55626013517743,0.371414192537591,1.23635919498548,-0.977905822938616,-0.00639674985578448,1.38650080452568,-1.05500606295223,0.202487261959181,0.992763028343228,1.44198789788592,0.721426245544934,1.12874666337289,-1.13227639845203,-0.372126666202964,0.840983070788306,0.0169540641546177,0.862443351748762,1.23374974953985,-0.170466262511578,1.15181110988344,-0.129688206084915,-1.50836412225222,-0.947939923863233,-0.693296091380995,-0.970257140743505,2.21699698196051,-0.441222602518322,0.0762691474783141,-0.901461847895535,0.453215781098239,0.245912553103265,0.463097785262578,0.855358428514586,0.524501390268154,-1.20394939565134,0.347762527047845,-1.77658327643412,1.65903169595499,-1.26404668553241,1.13917818718897,0.935760921825851,-0.245045416875893,-0.187665864322263,-0.670828602526473,-0.651409878245932,-0.418772485520032,0.854114566889484,0.356162923985003,0.321703822143389,0.017008506377127,0.633146891141584,-0.420107231890109,0.111628551686512,-0.188164859211046,1.00174466589871,1.42758753259111,-1.28502981906904,0.188243872096618,1.64284691250724,-1.06559063013604,0.152000667204788,0.219943375655816,0.157829144396948,1.90624937417844,0.189142120018953,0.325782186302258,-2.14606798238506,-1.23161303157537,-1.17839370519233
1034584.342131,1064143.98797226,-2.50938510702779,-1.47234057190049,0.694585891362017,-0.104792607378069,-0.732417570729016,-0.575106097908399,-0.0900256986623573,-1.44572334447148,0.373573404294579,1.27782978156615,-0.951497687981975,-0.0459965860777313,1.28617406205321,-1.05589063654877,0.248332513428057,1.0573597836223,1.48231944605626,0.755273960650742,1.09826007341874,-1.08544024583266,-0.331768310681929,0.83489721578029,-0.023151168090162,0.801119744487019,1.25470918612872,-0.191426955848966,1.12175651121348,-0.145869386200983,-1.48445934908937,-0.946373713222082,-0.695772873013706,-1.0530420839534,2.26859769606425,-0.452710882339678,0.0678464425446607,-0.914214835449459,0.452414928363896,0.219243393380307,0.469719280081691,0.781451372109894,0.502546004934878,-1.23815324411813,0.292612490690519,-1.78596476947331,1.71634718412287,-1.25621739482877,1.08232673067496,0.953580187173177,-0.218312271902063,-0.189746794881628,-0.634483080782041,-0.671928919572876,-0.415674587446006,0.900055795468067,0.380922357997697,0.338907189202504,-0.023111550578038,0.624170921431647,-0.442155509223091,0.0957186410259665,-0.233057726495723,1.03009924324203,1.38933901430203,-1.29171482281652,0.198990352016645,1.63184319663882,-1.04779448330628,0.14485866246362,0.2139915131434,0.126354605692971,1.91427966644823,0.151546912122842,0.351771707393417,-2.13623522512382,-1.20750574662639,-1.21871357031417
1042733.56704574,1064143.98797226,-2.48380687023265,-1.46504956673599,0.718200984317657,-0.0604481620269572,-0.72278460976843,-0.543298223084867,-0.0445322183763069,-1.33897176236766,0.381164894362801,1.31765079095088,-0.92370775042195,-0.079663581425609,1.18772640250675,-1.05653772609951,0.292074004416163,1.1172379300477,1.51746010790586,0.788071972880077,1.07517615073647,-1.04034323760641,-0.292450449303027,0.828341023333594,-0.061120349700745,0.742952627268792,1.27164612043032,-0.211111348401022,1.0886160409248,-0.160549523283942,-1.46063907231019,-0.945929829605364,-0.693560524137656,-1.1349322512119,2.31542012534315,-0.464101769335723,0.0610970469871604,-0.932499593131711,0.455405879962912,0.192310916969452,0.477235384027886,0.70685048840254,0.484193465224306,-1.27105058366995,0.239346828009362,-1.79307067129429,1.76845864065814,-1.24677601274191,1.02798406447919,0.970220549064548,-0.186504646588105,-0.193513080391042,-0.596286810593384,-0.686336759506866,-0.409124665369488,0.944961246228367,0.402267688659356,0.3518818734664,-0.0615863498556738,0.616629731568718,-0.461668036164527,0.0773479625320215,-0.273831383976166,1.05792799349883,1.34898566997212,-1.29976487230297,0.207950356239214,1.61863403339538,-1.02566016372394,0.141076737719922,0.211420712310571,0.0968014706400037,1.91696236924296,0.1074036942925,0.364546784004902,-2.12038437564803,-1.19384319883957,-1.2615858206295
1050882.79196047,1064143.98797226,-2.45118613699991,-1.45354902177267,0.742061387420759,-0.0142326578215427,-0.714336811670227,-0.509151091593372,0.00566759246753817,-1.22870760082404,0.390713993417569,1.36056088153661,-0.891195015977079,-0.114600252464872,1.07889399625986,-1.04975656314628,0.340853848157848,1.17908615501311,1.55521960605905,0.825609554115591,1.04740728263871,-0.991804438392802,-0.248734651752343,0.817893770531678,-0.1029099143863,0.683205795410767,1.2882592277086,-0.228853180723099,1.05110506293142,-0.179640555766229,-1.43484576304249,-0.943744178498933,-0.695353357245032,-1.2222447104138,2.36200341212362,-0.472965947141992,0.0560541356942589,-0.949005304722299,0.461078173461373,0.16353336606981,0.487098080192811,0.627263154073526,0.464589806138385,-1.29952842009512,0.181126288170088,-1.79752033420115,1.81961552571219,-1.23811831772503,0.964898853396489,0.989206383134876,-0.153668316463925,-0.19585855854488,-0.554123224524587,-0.697078836617929,-0.408711829052624,0.9893729346835,0.429717364369265,0.369758214224686,-0.101869805738635,0.603713212772019,-0.481606784331637,0.0567875103276176,-0.316974916679971,1.08557598521664,1.30796091466385,-1.30664674337422,0.216904684923436,1.60031733113575,-0.997706333551233,0.137470031791441,0.213232786536579,0.0672656889363399,1.91363220054252,0.0583411747973558,0.367949726970574,-2.09622565459275,-1.18881281275137,-1.3113572140767
1059032.01687521,1064143.98797226,-2.40746136342143,-1.43545445919885,0.759960781794557,0.0258578912716882,-0.720415110064403,-0.477062298388812,0.0602252718847228,-1.12531256475619,0.406049800672855,1.40733094785459,-0.853834574088358,-0.147000079112566,0.96791779169597,-1.01943949602786,0.396408403827179,1.23433540618557,1.59564725418776,0.873091436867223,1.00812962624295,-0.94685634579421,-0.201474321542671,0.793756303755599,-0.15195496335448,0.636866466080127,1.30158497713592,-0.238292060534961,1.00942278279523,-0.216328738648929,-1.41458212772154,-0.940942626233297,-0.720526438924619,-1.30761470367293,2.40113702203428,-0.473305421878213,0.0550699382486137,-0.960661638770391,0.477083090756529,0.134039495434233,0.503134701884968,0.55371944574693,0.445073251702833,-1.30649041521305,0.118865780095183,-1.79998281118909,1.85804568914366,-1.24175913476342,0.884922671834113,1.0132858726892,-0.127911309861181,-0.194506515562289,-0.510509110008658,-0.694948726415516,-0.440104912190498,1.02068386442383,0.473810399020898,0.402125782917487,-0.137889337107415,0.568936008088417,-0.501513989267653,0.0300227755000109,-0.359162150569578,1.10627523760612,1.27991536618035,-1.31487141097246,0.22041532661369,1.5679058466033,-0.960798837642594,0.133220623351305,0.230890494649848,0.0454110158252807,1.91810494140679,0.0225353507458239,0.370057786637341,-2.06944967360182,-1.18149032409329,-1.36626182826449
1067181.24178994,1064143.98797226,-2.36000245850273,-1.41462075090572,0.768694033681595,0.0520037561083108,-0.739201284171678,-0.453710464171616,0.111020856073091,-1.04707990395836,0.423151769743015,1.45010557950667,-0.816184425344854,-0.170633638504882,0.87374754689629,-0.970860717615632,0.450728919470238,1.27377684178339,1.63299356042913,0.923185520273988,0.96439188353049,-0.912959134293933,-0.158118387223637,0.758464446892938,-0.199620698054014,0.615003600258951,1.30818666811447,-0.235452280925105,0.968621061021811,-0.265376557380357,-1.40343341871375,-0.938056792596531,-0.765903660902999,-1.37576564151229,2.42491680345658,-0.463454678262499,0.0612949574292782,-0.963585289510432,0.499901062203534,0.108215513921314,0.523190715907392,0.501122786717624,0.428386389099208,-1.28936223487584,0.0635601510777801,-1.79893913915472,1.87505819305953,-1.25868966514414,0.800848736797766,1.03875761120012,-0.115816539087828,-0.189538830958844,-0.472509120498475,-0.678720627702077,-0.501362033643421,1.03317322200823,0.530214284773364,0.445595726655128,-0.166146588846371,0.518122513448143,-0.519396345032959,0.00137594190202752,-0.393945680130716,1.11530152821687,1.27219723359269,-1.32375642574784,0.21813255180863,1.52610980271458,-0.919757654380967,0.12875810908389,0.262938149404605,0.0343354684119271,1.9286235716552,0.00360074966134013,0.371113083210075,-2.04468093885944,-1.17267259340708,-1.41647610852655
1075330.46670467,1064143.98797226,-2.309610958629,-1.39101162309593,0.775632733291415,0.0779779906128395,-0.759794373363132,-0.429836511134455,0.160921379815665,-0.971076957799843,0.44138038296181,1.49151950151479,-0.778018361286729,-0.193401451110779,0.781482051955598,-0.919588903550633,0.503240647666778,1.31070677859717,1.66930717576444,0.972107008670592,0.918424039090646,-0.878545748971124,-0.115182900904999,0.722517395845263,-0.245547940829199,0.594948746025235,1.3143747919761,-0.231907263172005,0.928651967049583,-0.315770030883669,-1.39033037007132,-0.933530838726392,-0.812916851581318,-1.44022904645588,2.44641750483649,-0.4530009016449,0.0673538298520006,-0.964528514276955,0.524263396349698,0.0838805641824674,0.543299903540143,0.449966583981968,0.412876567083986,-1.26865324971264,0.00827334167490964,-1.79508116593438,1.88980060495486,-1.27447570583371,0.715875148538678,1.06380390859324,-0.103000688759217,-0.183252058690863,-0.434931141687902,-0.660340745327328,-0.564714405168454,1.04266990653456,0.584896895945738,0.487882299271604,-0.19086600232222,0.463728333630096,-0.534851967236755,-0.0274102104871749,-0.425889195797687,1.12341007124557,1.26508063425798,-1.32998612153733,0.21646485950004,1.48226201372159,-0.877560691156581,0.125274602051438,0.295136977538852,0.0265709016591634,1.92612465687368,-0.0280674867713877,0.369903412163746,-2.01499898286876,-1.1651924902889,-1.46018702227239
1083479.69161941,1064143.98797226,-2.25900395613205,-1.36935848734319,0.782027282282058,0.107618685751086,-0.774053973731049,-0.402394050311286,0.205243766845386,-0.896601881343861,0.45936137409428,1.52894118463067,-0.73187581321857,-0.212483813898373,0.684043212060436,-0.86984712887127,0.557714670062961,1.35119403684895,1.7086011582003,1.0233213787783,0.866994444043508,-0.844587379023276,-0.0769844052328536,0.684237673865635,-0.285962793051622,0.578931544627055,1.32169658080869,-0.224476001928037,0.886820830199712,-0.373048871373376,-1.37430876877062,-0.926659560655286,-0.858695864993214,-1.51330452205432,2.46377378072644,-0.445811198805375,0.0820707042030453,-0.959457736495887,0.550534396920401,0.0589058792873835,0.562805833165342,0.401442295197956,0.40551289294657,-1.24583653912178,-0.0488018964761677,-1.80056214483059,1.90097335099608,-1.28852347932557,0.628149887505641,1.0913800509013,-0.101238852125413,-0.169220135307238,-0.398076444102712,-0.638396305482257,-0.631916679907124,1.05421046468967,0.626259749296217,0.531243368153686,-0.218007473985776,0.420192139453385,-0.551611211934976,-0.0442488920260637,-0.459576741500791,1.13545918774149,1.26072156284914,-1.32963812242891,0.220022755203016,1.43432798123701,-0.835314640989159,0.11927519762924,0.320688304656481,0.019711085133595,1.9053345620853,-0.0788405267739816,0.367382711511171,-1.98504556362776,-1.15782066966221,-1.4983104714743
1091628.91653414,1064143.98797226,-2.22620105597114,-1.36761083816071,0.784076120627288,0.141901511147131,-0.766581552114379,-0.372079464528438,0.214136006793519,-0.845380637241255,0.470386950314252,1.54081756599636,-0.672497203160237,-0.21509342834358,0.610097188798837,-0.842991491253377,0.602029128971028,1.39372296611716,1.74922640940655,1.06761397800162,0.81457046029037,-0.822896774512677,-0.0712069399670975,0.647738999639879,-0.291307811662882,0.582138817641744,1.33267420476509,-0.209681372578752,0.855775244469227,-0.439528928531873,-1.35429156688933,-0.91822930592485,-0.886689805044558,-1.59362451298519,2.46601071728395,-0.458827319094818,0.118384872935002,-0.935125101540281,0.577414689058753,0.0374124934272043,0.572148661124906,0.376146550591932,0.429735975782399,-1.22726690728045,-0.0973422860790256,-1.84513392188773,1.89647531953836,-1.29350814786988,0.56467571541663,1.1180428001886,-0.143556995871584,-0.133605973504399,-0.376512797417466,-0.616845497606044,-0.691921094981558,1.07128050483271,0.606856544684855,0.573642344149213,-0.245066154975405,0.432436829180111,-0.571371706690603,-0.0161072039223913,-0.49078673654221,1.15714357833577,1.26521355800086,-1.30868381741486,0.242886439298377,1.39015567745326,-0.80832768474216,0.101454640519643,0.309058065199074,0.0186425462881648,1.8612368370425,-0.140431405407813,0.366713079028289,-1.97768419536704,-1.1476096411785,-1.51609540393365
1099778.14144887,1064143.98797226,-2.20556418236341,-1.37549577772918,0.782844610211138,0.171809811385161,-0.749324569253852,-0.346048220836408,0.205748865196676,-0.812429315819843,0.475140175261143,1.53873530462832,-0.616812812049418,-0.210101478330393,0.553568671999486,-0.829704529080997,0.635409667203816,1.42950113539788,1.78326922366148,1.1017610081606,0.76796757545684,-0.810621218525273,-0.080643441536205,0.616309780737641,-0.282354773541052,0.593152444317034,1.3416355527825,-0.193075571022182,0.831239615206126,-0.501428950589897,-1.33659655957878,-0.910532525680105,-0.903205535018688,-1.66866608529057,2.45831210878571,-0.478125209564595,0.159360402666501,-0.906320773298711,0.598696362054628,0.0190567276095565,0.574978541877293,0.36461523002555,0.462443660888342,-1.21294392792002,-0.135325030267224,-1.90143434029721,1.88334362131081,-1.2950432175633,0.518899913743736,1.1396167137161,-0.201812838714077,-0.0946334548981834,-0.365170649062801,-0.598586789520415,-0.741693136075356,1.08666293185423,0.563594574046624,0.60890693565351,-0.270922781043522,0.466907074289321,-0.590975282741915,0.0268416367184798,-0.518417506384347,1.17808610088372,1.27235310645384,-1.28242780969332,0.26940195419557,1.35226714591029,-0.791672385473603,0.0800448670005047,0.282743880813841,0.0181388956352471,1.82532546123371,-0.182564772595428,0.379215980298277,-1.97171636274934,-1.12278499327789,-1.50969256838405
1107927.36636361,1064143.98797226,-2.18469779971858,-1.384363176669,0.780412140396588,0.201383432302491,-0.732885393681679,-0.319297626725007,0.192326094227882,-0.780786704952611,0.477636274855685,1.532270826742,-0.561051568031775,-0.204395004497099,0.498524578790936,-0.818037402489303,0.666543161444896,1.46380225981235,1.81395348129861,1.13353605015087,0.723438326935035,-0.800190097597523,-0.0934456246518186,0.583298161263416,-0.271367949552722,0.60675235463908,1.34900201668435,-0.175395497024039,0.806604586218147,-0.565917200530623,-1.31888294644028,-0.903260852038177,-0.91954029403206,-1.74628566838538,2.44708186990202,-0.500325474332611,0.201562783600593,-0.876820668041144,0.619920436335369,-0.000403009396497825,0.575458934812746,0.354371691917654,0.496719538700131,-1.19806252324273,-0.175496686847595,-1.95878946282125,1.86680559152076,-1.29668120325258,0.472012872366312,1.15865352462068,-0.26463850841142,-0.0544530144173637,-0.354061359400058,-0.581757949954902,-0.791365702431192,1.10176316518238,0.518163703253539,0.647584004791883,-0.297351992565,0.504615443972449,-0.611264301600097,0.0712094431246042,-0.547379067564442,1.19771898315819,1.27792974936314,-1.25439712301674,0.29704114611356,1.31306131742634,-0.774482594425814,0.0561099193710487,0.252720006273999,0.0182226282596059,1.792766541257,-0.215687215294243,0.401175828102831,-1.95766125045133,-1.08666074332194,-1.48915961324047
1116076.59127834,1064143.98797226,-2.16133092971137,-1.38745183860081,0.779357097584439,0.227718802564823,-0.729224309112892,-0.286651307990943,0.151978605490651,-0.758435573644027,0.473634780636429,1.50922655939415,-0.508778387586035,-0.192268815372049,0.454843772378158,-0.810207060404443,0.691563403104124,1.49751949251142,1.82322425387127,1.15491826462874,0.699523299538191,-0.808023228497735,-0.119071262062126,0.554693397839279,-0.254442758801849,0.640793732163114,1.35391925464387,-0.144686536035732,0.782261110748978,-0.640438889244929,-1.31077639820357,-0.898566959854027,-0.94760330324325,-1.83508342861986,2.42410544430255,-0.536617073147888,0.262487156888344,-0.859858156951485,0.6448269311902,-0.0209549679186862,0.570162270200374,0.361951102970665,0.546164946481883,-1.17295954764221,-0.220353921129385,-2.01015602960589,1.84943895244802,-1.31215490234284,0.418779772007972,1.17039450301379,-0.338446247073432,-0.000103016422128674,-0.335521554913516,-0.566717473868786,-0.827633159077444,1.11866138619599,0.477898811069163,0.685015481756521,-0.322528438679522,0.556839628204732,-0.629947951836747,0.130950461693025,-0.580254467147742,1.22264171641696,1.28428959739764,-1.21917989606385,0.324871716246986,1.2722453040206,-0.752525406642557,0.0291993590578146,0.215754137231913,0.0252733903523872,1.74769756564202,-0.237925377552738,0.431211427900137,-1.93129307820291,-1.04358411338891,-1.45198325747326
1124225.81619307,1064143.98797226,-2.14225838639078,-1.37811620362775,0.782084712348444,0.237654726526343,-0.760851538507841,-0.24994196198532,0.0539027466762175,-0.76738641609097,0.453932063588245,1.45247283919529,-0.482218153473501,-0.168124059318164,0.459645308982896,-0.816340065880927,0.693950731603992,1.51923263841365,1.77666892517607,1.14467687534321,0.743664027924438,-0.863374174872176,-0.169504678067631,0.549711480783611,-0.228499735403492,0.719273215803119,1.35248070960957,-0.0918590194485246,0.770214418505043,-0.713837801961573,-1.33049272482981,-0.902502692485275,-0.997549310834713,-1.92291803354801,2.38127998217909,-0.598214510658767,0.350599334840789,-0.881709379366409,0.674330461802393,-0.0376846330297213,0.552012717545497,0.413236609858572,0.619413591316979,-1.13344686292353,-0.261469766337405,-2.02729343681165,1.83593378015151,-1.36043290346115,0.369227460258698,1.16007741900594,-0.413243521733245,0.072201015218243,-0.303408699975238,-0.563950160908764,-0.815941481034645,1.13631950240221,0.467472995687618,0.715823239668918,-0.336055708637499,0.628394561218689,-0.637757820446675,0.20765536875242,-0.613125566144048,1.25270231488488,1.29257601076478,-1.17764720184993,0.346065096787016,1.24465623665923,-0.727318433182345,0.00462567559190358,0.1721067307266,0.0478112078099407,1.68182123494865,-0.231091529878312,0.464948536578724,-1.89041309602868,-1.00662636978993,-1.3978560304513
1132375.04110781,1064143.98797226,-2.12303414162915,-1.36434054862516,0.785764237651682,0.243510569322408,-0.794237286703371,-0.216834136525186,-0.0441069553197921,-0.780382998233609,0.434480428345507,1.39566022534557,-0.464385026586232,-0.144152783175692,0.474132204972584,-0.822216104379595,0.690269598900409,1.53514381322419,1.72317560685095,1.12771965169038,0.793157535914576,-0.919313365655744,-0.217660743427569,0.551383195812628,-0.203775416694862,0.792757764379112,1.34946218268752,-0.0411891687124576,0.761778918599844,-0.774982858451461,-1.35206632678037,-0.906645498553086,-1.04396514061503,-1.99468122869953,2.33871573853048,-0.655390701610952,0.430406542804328,-0.907605192999928,0.698506553103237,-0.0502330376935933,0.533984530955154,0.466522257642669,0.684989079003541,-1.09399880498478,-0.294792105006753,-2.03152820804191,1.82600780423317,-1.40726145013704,0.327893096797996,1.14638607187094,-0.477144954435079,0.137361852627181,-0.273153259720916,-0.56251266413812,-0.792944748402881,1.15002783826959,0.465796115958467,0.735813616533715,-0.343186679319436,0.693071046912793,-0.640827956235262,0.277427648745809,-0.639379528722117,1.27962718302091,1.29831209373987,-1.1398226615056,0.362416718003012,1.2234040378317,-0.703137765270071,-0.0154527029494496,0.134514907899207,0.0718014133520053,1.61245982318922,-0.221476624716727,0.489893020903708,-1.85179022904405,-0.983248147889011,-1.35901153295491
1140524.26602254,1064143.98797226,-2.10036201098844,-1.34946227677669,0.790892924891418,0.252246385836194,-0.818740764800339,-0.184557702618328,-0.13651024611922,-0.787872803118805,0.415767556135756,1.34261013460146,-0.445384000663855,-0.119623275083758,0.489389538184385,-0.82308689831105,0.684443627913548,1.55011270548019,1.67404477419621,1.1162647739382,0.833097437427455,-0.969021474857564,-0.259211428453389,0.552653166167256,-0.177375131480917,0.854648238190797,1.34611840573892,0.00504827014697167,0.751117536225499,-0.830829404042865,-1.37125033516737,-0.909941268910065,-1.08507935165164,-2.05950064273341,2.29826620907234,-0.706679890928002,0.503386888318116,-0.930462498090311,0.717491908271697,-0.059783812934211,0.519083705768561,0.51334828369538,0.742591761536931,-1.05568539202929,-0.323764619743787,-2.03221276037319,1.8162373874007,-1.44852185297697,0.289847343252388,1.13460546058314,-0.536556700110015,0.199409854504752,-0.247783512684951,-0.559327202447153,-0.769935018950332,1.16040450304251,0.464930773853897,0.751684609673057,-0.349992267574871,0.751754156237378,-0.640604746007977,0.340695737753563,-0.662635545011362,1.30595690086738,1.30068246304618,-1.1011374763086,0.377410406692894,1.20155023330871,-0.675451060264317,-0.0323499242496057,0.101788371718488,0.095626819063686,1.53284678918935,-0.219422281367606,0.506983126560473,-1.81378471017421,-0.970851843857129,-1.33853809597259
1148673.49093727,1064143.98797226,NA,NA,NA,NA,NA,NA,NA,NA,NA,NA,NA,NA,NA,NA,NA,NA,NA,NA,NA,NA,NA,NA,NA,NA,NA,NA,NA,NA,NA,NA,NA,NA,NA,NA,NA,NA,NA,NA,NA,NA,NA,NA,NA,NA,NA,NA,NA,NA,NA,NA,NA,NA,NA,NA,NA,NA,NA,NA,NA,NA,NA,NA,NA,NA,NA,NA,NA,NA,NA,NA,NA,NA,NA,NA,NA,NA
1156822.71585201,1064143.98797226,NA,NA,NA,NA,NA,NA,NA,NA,NA,NA,NA,NA,NA,NA,NA,NA,NA,NA,NA,NA,NA,NA,NA,NA,NA,NA,NA,NA,NA,NA,NA,NA,NA,NA,NA,NA,NA,NA,NA,NA,NA,NA,NA,NA,NA,NA,NA,NA,NA,NA,NA,NA,NA,NA,NA,NA,NA,NA,NA,NA,NA,NA,NA,NA,NA,NA,NA,NA,NA,NA,NA,NA,NA,NA,NA,NA
1164971.94076674,1064143.98797226,NA,NA,NA,NA,NA,NA,NA,NA,NA,NA,NA,NA,NA,NA,NA,NA,NA,NA,NA,NA,NA,NA,NA,NA,NA,NA,NA,NA,NA,NA,NA,NA,NA,NA,NA,NA,NA,NA,NA,NA,NA,NA,NA,NA,NA,NA,NA,NA,NA,NA,NA,NA,NA,NA,NA,NA,NA,NA,NA,NA,NA,NA,NA,NA,NA,NA,NA,NA,NA,NA,NA,NA,NA,NA,NA,NA
1173121.16568148,1064143.98797226,NA,NA,NA,NA,NA,NA,NA,NA,NA,NA,NA,NA,NA,NA,NA,NA,NA,NA,NA,NA,NA,NA,NA,NA,NA,NA,NA,NA,NA,NA,NA,NA,NA,NA,NA,NA,NA,NA,NA,NA,NA,NA,NA,NA,NA,NA,NA,NA,NA,NA,NA,NA,NA,NA,NA,NA,NA,NA,NA,NA,NA,NA,NA,NA,NA,NA,NA,NA,NA,NA,NA,NA,NA,NA,NA,NA
1181270.39059621,1064143.98797226,NA,NA,NA,NA,NA,NA,NA,NA,NA,NA,NA,NA,NA,NA,NA,NA,NA,NA,NA,NA,NA,NA,NA,NA,NA,NA,NA,NA,NA,NA,NA,NA,NA,NA,NA,NA,NA,NA,NA,NA,NA,NA,NA,NA,NA,NA,NA,NA,NA,NA,NA,NA,NA,NA,NA,NA,NA,NA,NA,NA,NA,NA,NA,NA,NA,NA,NA,NA,NA,NA,NA,NA,NA,NA,NA,NA
1189419.61551094,1064143.98797226,NA,NA,NA,NA,NA,NA,NA,NA,NA,NA,NA,NA,NA,NA,NA,NA,NA,NA,NA,NA,NA,NA,NA,NA,NA,NA,NA,NA,NA,NA,NA,NA,NA,NA,NA,NA,NA,NA,NA,NA,NA,NA,NA,NA,NA,NA,NA,NA,NA,NA,NA,NA,NA,NA,NA,NA,NA,NA,NA,NA,NA,NA,NA,NA,NA,NA,NA,NA,NA,NA,NA,NA,NA,NA,NA,NA
1197568.84042568,1064143.98797226,NA,NA,NA,NA,NA,NA,NA,NA,NA,NA,NA,NA,NA,NA,NA,NA,NA,NA,NA,NA,NA,NA,NA,NA,NA,NA,NA,NA,NA,NA,NA,NA,NA,NA,NA,NA,NA,NA,NA,NA,NA,NA,NA,NA,NA,NA,NA,NA,NA,NA,NA,NA,NA,NA,NA,NA,NA,NA,NA,NA,NA,NA,NA,NA,NA,NA,NA,NA,NA,NA,NA,NA,NA,NA,NA,NA
1205718.06534041,1064143.98797226,NA,NA,NA,NA,NA,NA,NA,NA,NA,NA,NA,NA,NA,NA,NA,NA,NA,NA,NA,NA,NA,NA,NA,NA,NA,NA,NA,NA,NA,NA,NA,NA,NA,NA,NA,NA,NA,NA,NA,NA,NA,NA,NA,NA,NA,NA,NA,NA,NA,NA,NA,NA,NA,NA,NA,NA,NA,NA,NA,NA,NA,NA,NA,NA,NA,NA,NA,NA,NA,NA,NA,NA,NA,NA,NA,NA
1213867.29025514,1064143.98797226,NA,NA,NA,NA,NA,NA,NA,NA,NA,NA,NA,NA,NA,NA,NA,NA,NA,NA,NA,NA,NA,NA,NA,NA,NA,NA,NA,NA,NA,NA,NA,NA,NA,NA,NA,NA,NA,NA,NA,NA,NA,NA,NA,NA,NA,NA,NA,NA,NA,NA,NA,NA,NA,NA,NA,NA,NA,NA,NA,NA,NA,NA,NA,NA,NA,NA,NA,NA,NA,NA,NA,NA,NA,NA,NA,NA
1222016.51516988,1064143.98797226,NA,NA,NA,NA,NA,NA,NA,NA,NA,NA,NA,NA,NA,NA,NA,NA,NA,NA,NA,NA,NA,NA,NA,NA,NA,NA,NA,NA,NA,NA,NA,NA,NA,NA,NA,NA,NA,NA,NA,NA,NA,NA,NA,NA,NA,NA,NA,NA,NA,NA,NA,NA,NA,NA,NA,NA,NA,NA,NA,NA,NA,NA,NA,NA,NA,NA,NA,NA,NA,NA,NA,NA,NA,NA,NA,NA
879749.068751066,1055994.76305752,NA,NA,NA,NA,NA,NA,NA,NA,NA,NA,NA,NA,NA,NA,NA,NA,NA,NA,NA,NA,NA,NA,NA,NA,NA,NA,NA,NA,NA,NA,NA,NA,NA,NA,NA,NA,NA,NA,NA,NA,NA,NA,NA,NA,NA,NA,NA,NA,NA,NA,NA,NA,NA,NA,NA,NA,NA,NA,NA,NA,NA,NA,NA,NA,NA,NA,NA,NA,NA,NA,NA,NA,NA,NA,NA,NA
887898.2936658,1055994.76305752,NA,NA,NA,NA,NA,NA,NA,NA,NA,NA,NA,NA,NA,NA,NA,NA,NA,NA,NA,NA,NA,NA,NA,NA,NA,NA,NA,NA,NA,NA,NA,NA,NA,NA,NA,NA,NA,NA,NA,NA,NA,NA,NA,NA,NA,NA,NA,NA,NA,NA,NA,NA,NA,NA,NA,NA,NA,NA,NA,NA,NA,NA,NA,NA,NA,NA,NA,NA,NA,NA,NA,NA,NA,NA,NA,NA
896047.518580533,1055994.76305752,NA,NA,NA,NA,NA,NA,NA,NA,NA,NA,NA,NA,NA,NA,NA,NA,NA,NA,NA,NA,NA,NA,NA,NA,NA,NA,NA,NA,NA,NA,NA,NA,NA,NA,NA,NA,NA,NA,NA,NA,NA,NA,NA,NA,NA,NA,NA,NA,NA,NA,NA,NA,NA,NA,NA,NA,NA,NA,NA,NA,NA,NA,NA,NA,NA,NA,NA,NA,NA,NA,NA,NA,NA,NA,NA,NA
904196.743495267,1055994.76305752,NA,NA,NA,NA,NA,NA,NA,NA,NA,NA,NA,NA,NA,NA,NA,NA,NA,NA,NA,NA,NA,NA,NA,NA,NA,NA,NA,NA,NA,NA,NA,NA,NA,NA,NA,NA,NA,NA,NA,NA,NA,NA,NA,NA,NA,NA,NA,NA,NA,NA,NA,NA,NA,NA,NA,NA,NA,NA,NA,NA,NA,NA,NA,NA,NA,NA,NA,NA,NA,NA,NA,NA,NA,NA,NA,NA
912345.96841,1055994.76305752,NA,NA,NA,NA,NA,NA,NA,NA,NA,NA,NA,NA,NA,NA,NA,NA,NA,NA,NA,NA,NA,NA,NA,NA,NA,NA,NA,NA,NA,NA,NA,NA,NA,NA,NA,NA,NA,NA,NA,NA,NA,NA,NA,NA,NA,NA,NA,NA,NA,NA,NA,NA,NA,NA,NA,NA,NA,NA,NA,NA,NA,NA,NA,NA,NA,NA,NA,NA,NA,NA,NA,NA,NA,NA,NA,NA
920495.193324734,1055994.76305752,NA,NA,NA,NA,NA,NA,NA,NA,NA,NA,NA,NA,NA,NA,NA,NA,NA,NA,NA,NA,NA,NA,NA,NA,NA,NA,NA,NA,NA,NA,NA,NA,NA,NA,NA,NA,NA,NA,NA,NA,NA,NA,NA,NA,NA,NA,NA,NA,NA,NA,NA,NA,NA,NA,NA,NA,NA,NA,NA,NA,NA,NA,NA,NA,NA,NA,NA,NA,NA,NA,NA,NA,NA,NA,NA,NA
928644.418239468,1055994.76305752,NA,NA,NA,NA,NA,NA,NA,NA,NA,NA,NA,NA,NA,NA,NA,NA,NA,NA,NA,NA,NA,NA,NA,NA,NA,NA,NA,NA,NA,NA,NA,NA,NA,NA,NA,NA,NA,NA,NA,NA,NA,NA,NA,NA,NA,NA,NA,NA,NA,NA,NA,NA,NA,NA,NA,NA,NA,NA,NA,NA,NA,NA,NA,NA,NA,NA,NA,NA,NA,NA,NA,NA,NA,NA,NA,NA
936793.643154201,1055994.76305752,NA,NA,NA,NA,NA,NA,NA,NA,NA,NA,NA,NA,NA,NA,NA,NA,NA,NA,NA,NA,NA,NA,NA,NA,NA,NA,NA,NA,NA,NA,NA,NA,NA,NA,NA,NA,NA,NA,NA,NA,NA,NA,NA,NA,NA,NA,NA,NA,NA,NA,NA,NA,NA,NA,NA,NA,NA,NA,NA,NA,NA,NA,NA,NA,NA,NA,NA,NA,NA,NA,NA,NA,NA,NA,NA,NA
944942.868068935,1055994.76305752,NA,NA,NA,NA,NA,NA,NA,NA,NA,NA,NA,NA,NA,NA,NA,NA,NA,NA,NA,NA,NA,NA,NA,NA,NA,NA,NA,NA,NA,NA,NA,NA,NA,NA,NA,NA,NA,NA,NA,NA,NA,NA,NA,NA,NA,NA,NA,NA,NA,NA,NA,NA,NA,NA,NA,NA,NA,NA,NA,NA,NA,NA,NA,NA,NA,NA,NA,NA,NA,NA,NA,NA,NA,NA,NA,NA
953092.092983668,1055994.76305752,NA,NA,NA,NA,NA,NA,NA,NA,NA,NA,NA,NA,NA,NA,NA,NA,NA,NA,NA,NA,NA,NA,NA,NA,NA,NA,NA,NA,NA,NA,NA,NA,NA,NA,NA,NA,NA,NA,NA,NA,NA,NA,NA,NA,NA,NA,NA,NA,NA,NA,NA,NA,NA,NA,NA,NA,NA,NA,NA,NA,NA,NA,NA,NA,NA,NA,NA,NA,NA,NA,NA,NA,NA,NA,NA,NA
961241.317898402,1055994.76305752,NA,NA,NA,NA,NA,NA,NA,NA,NA,NA,NA,NA,NA,NA,NA,NA,NA,NA,NA,NA,NA,NA,NA,NA,NA,NA,NA,NA,NA,NA,NA,NA,NA,NA,NA,NA,NA,NA,NA,NA,NA,NA,NA,NA,NA,NA,NA,NA,NA,NA,NA,NA,NA,NA,NA,NA,NA,NA,NA,NA,NA,NA,NA,NA,NA,NA,NA,NA,NA,NA,NA,NA,NA,NA,NA,NA
969390.542813136,1055994.76305752,NA,NA,NA,NA,NA,NA,NA,NA,NA,NA,NA,NA,NA,NA,NA,NA,NA,NA,NA,NA,NA,NA,NA,NA,NA,NA,NA,NA,NA,NA,NA,NA,NA,NA,NA,NA,NA,NA,NA,NA,NA,NA,NA,NA,NA,NA,NA,NA,NA,NA,NA,NA,NA,NA,NA,NA,NA,NA,NA,NA,NA,NA,NA,NA,NA,NA,NA,NA,NA,NA,NA,NA,NA,NA,NA,NA
977539.767727869,1055994.76305752,NA,NA,NA,NA,NA,NA,NA,NA,NA,NA,NA,NA,NA,NA,NA,NA,NA,NA,NA,NA,NA,NA,NA,NA,NA,NA,NA,NA,NA,NA,NA,NA,NA,NA,NA,NA,NA,NA,NA,NA,NA,NA,NA,NA,NA,NA,NA,NA,NA,NA,NA,NA,NA,NA,NA,NA,NA,NA,NA,NA,NA,NA,NA,NA,NA,NA,NA,NA,NA,NA,NA,NA,NA,NA,NA,NA
985688.992642603,1055994.76305752,NA,NA,NA,NA,NA,NA,NA,NA,NA,NA,NA,NA,NA,NA,NA,NA,NA,NA,NA,NA,NA,NA,NA,NA,NA,NA,NA,NA,NA,NA,NA,NA,NA,NA,NA,NA,NA,NA,NA,NA,NA,NA,NA,NA,NA,NA,NA,NA,NA,NA,NA,NA,NA,NA,NA,NA,NA,NA,NA,NA,NA,NA,NA,NA,NA,NA,NA,NA,NA,NA,NA,NA,NA,NA,NA,NA
993838.217557336,1055994.76305752,NA,NA,NA,NA,NA,NA,NA,NA,NA,NA,NA,NA,NA,NA,NA,NA,NA,NA,NA,NA,NA,NA,NA,NA,NA,NA,NA,NA,NA,NA,NA,NA,NA,NA,NA,NA,NA,NA,NA,NA,NA,NA,NA,NA,NA,NA,NA,NA,NA,NA,NA,NA,NA,NA,NA,NA,NA,NA,NA,NA,NA,NA,NA,NA,NA,NA,NA,NA,NA,NA,NA,NA,NA,NA,NA,NA
1001987.44247207,1055994.76305752,-2.50204213741846,-1.51877739276916,0.460442029898449,-0.240366699746999,-0.733795062453941,-0.715355068481709,-0.190206901565544,-1.76792604801236,0.435610230509993,1.14943158189815,-0.9862246094794,0.17307261703795,1.68244372267079,-1.09289798660415,0.0257481926440091,0.763950021592735,1.36647462860931,0.641038599088987,1.34244097080611,-1.24993130869624,-0.500401773170663,0.909953532216555,0.194487382315383,1.09336454076699,1.08042216826605,-0.0877134236000096,1.09741376914568,-0.0830361246072947,-1.5480230854117,-0.994340193818859,-0.574281273392123,-0.833733574875099,2.00588321043121,-0.453152732866453,0.210963535568135,-1.0445175262996,0.496326236181453,0.237229855598716,0.423405861609275,1.00954417590125,0.577703172004751,-1.1647167885637,0.493176416883332,-1.74557087298999,1.40972630058809,-1.26283258805507,1.37758627595313,0.868896856975797,-0.192915282010574,-0.269150698576299,-0.754193743919505,-0.519477993893665,-0.334647072678838,0.677335105286857,0.198277310058657,0.144113412881322,0.0554323807060646,0.674759028613865,-0.398672251505179,0.0223240629914208,-0.0152740585337084,0.916468623080351,1.42471453645945,-1.36129466747688,0.24699904269609,1.64632928417707,-0.974514948593321,0.265321327443761,0.223551787537486,0.22223438911567,2.02620085810926,0.207019014703017,0.224597973280958,-2.16283103408275,-1.20859526823649,-1.05247633788255
1010136.6673868,1055994.76305752,NA,NA,NA,NA,NA,NA,NA,NA,NA,NA,NA,NA,NA,NA,NA,NA,NA,NA,NA,NA,NA,NA,NA,NA,NA,NA,NA,NA,NA,NA,NA,NA,NA,NA,NA,NA,NA,NA,NA,NA,NA,NA,NA,NA,NA,NA,NA,NA,NA,NA,NA,NA,NA,NA,NA,NA,NA,NA,NA,NA,NA,NA,NA,NA,NA,NA,NA,NA,NA,NA,NA,NA,NA,NA,NA,NA
1018285.89230154,1055994.76305752,NA,NA,NA,NA,NA,NA,NA,NA,NA,NA,NA,NA,NA,NA,NA,NA,NA,NA,NA,NA,NA,NA,NA,NA,NA,NA,NA,NA,NA,NA,NA,NA,NA,NA,NA,NA,NA,NA,NA,NA,NA,NA,NA,NA,NA,NA,NA,NA,NA,NA,NA,NA,NA,NA,NA,NA,NA,NA,NA,NA,NA,NA,NA,NA,NA,NA,NA,NA,NA,NA,NA,NA,NA,NA,NA,NA
1026435.11721627,1055994.76305752,-2.42873684011089,-1.52229075789343,0.598936845558562,-0.118119932633106,-0.686245490852918,-0.606536231355639,-0.123441650639739,-1.54881106402766,0.339796525142065,1.26445400350973,-0.954263929342584,-0.00588068294964944,1.36663771609824,-1.06115412692171,0.164296365531015,0.975331075681335,1.55754432452119,0.714568998404946,1.12849482171866,-1.11243414443377,-0.394131611742077,0.934960809987204,0.0763601977019087,0.908871802670254,1.22822607777495,-0.141869302583093,1.09699209294975,-0.113500444866769,-1.45181815495442,-0.924357532576979,-0.66896403850065,-1.03797125384449,2.19267324417566,-0.444096984847539,0.170751488909849,-0.90185389897272,0.4109864243103,0.173773357349386,0.40865303480446,0.887895532136455,0.470346554674918,-1.2276087691677,0.334154195365651,-1.75100689336584,1.63765185925122,-1.26592034067972,1.20040624410582,0.945889539223677,-0.292761925958125,-0.19059102472596,-0.730971965882691,-0.657524235642376,-0.392999251879184,0.777139214255411,0.322057845569104,0.291738139371195,-0.0475453855793161,0.629183212880771,-0.473891931728125,0.0941899338131343,-0.197482419166982,0.982688456474448,1.38690354416828,-1.27979378177852,0.330068972915275,1.67531536507133,-1.03175343692678,0.169055426026669,0.143906266157617,0.132305579199955,1.96580704599358,0.158905377400676,0.319943405028628,-2.14016859842888,-1.21378701787368,-1.12964643892213
1034584.342131,1055994.76305752,-2.4137211894547,-1.51730799122008,0.631992150350407,-0.0710121160005826,-0.668446806923929,-0.567110388949935,-0.092464060120586,-1.43196857865786,0.347691575675563,1.30526167864279,-0.937971653979435,-0.0375419205937593,1.25366756185013,-1.05575370705086,0.210016799000008,1.03449759136516,1.59101868932048,0.751152310602371,1.09667610575746,-1.07832825321245,-0.356692987343145,0.933402322944522,0.0217690425953809,0.849737121084785,1.25408762267562,-0.157464544342867,1.07346697861757,-0.125211388365495,-1.43665220470149,-0.918644878691223,-0.67347159781015,-1.12678987134111,2.24120567315964,-0.443264470133039,0.157032866195073,-0.911516403825205,0.410391414455118,0.143810759185226,0.413714681497734,0.822033682463327,0.448332556335894,-1.25519459142744,0.286356683619981,-1.76554243982201,1.69954657915893,-1.25667417026407,1.13017908447274,0.964422383084425,-0.277596058118676,-0.186317191674673,-0.699601274393703,-0.681796200080218,-0.396806752500938,0.827242901818882,0.344030600433278,0.32326670154478,-0.0755824858966349,0.626697238532774,-0.493290365768441,0.0937814165074393,-0.247390000683379,1.01038320373672,1.35338307977024,-1.27789473359875,0.33370217869049,1.66600316446906,-1.02987027234101,0.15931292101336,0.140690514015438,0.0967604538789841,1.96655075389168,0.11848689134549,0.348079771636294,-2.14292699418525,-1.18556349498955,-1.1685164834016
1042733.56704574,1055994.76305752,-2.40059676323179,-1.51047021482689,0.658840583703701,-0.0258445843549563,-0.651491577351697,-0.530037137590049,-0.0607668169194432,-1.31692267173848,0.365430826974546,1.34359466090834,-0.920621554025359,-0.0590795605606202,1.14648574687107,-1.05182040737853,0.252032146826618,1.08645471019586,1.6146971545742,0.787851486557089,1.07820477060694,-1.04850541543371,-0.321373011740162,0.929578110189049,-0.0316706418030674,0.79578846091026,1.27181000479795,-0.170933116042139,1.04494866001112,-0.136062746965347,-1.4257341290549,-0.91743488629156,-0.669763227272959,-1.21487430383097,2.28235189647659,-0.443302333526024,0.145079788294124,-0.93452409966739,0.417364589703754,0.114019116846101,0.42111955793465,0.753572988337422,0.431832598516191,-1.28205139804685,0.243257015776851,-1.78084986086518,1.75258614837128,-1.24482523160571,1.06277715003555,0.979852731024338,-0.250136457489467,-0.187946601193657,-0.664068539193928,-0.697370907595836,-0.395113007551539,0.877216190209329,0.359617039962175,0.347121765896008,-0.100137489264137,0.627512118197887,-0.509337640281058,0.086785649047637,-0.290034353831226,1.03739406985341,1.31632912739913,-1.28228110912291,0.331685342779741,1.65234686698291,-1.02107448134467,0.156769497027922,0.143918423295277,0.0628795666999855,1.96911977968414,0.0721058377505518,0.36707926801534,-2.14040739149806,-1.16119778105962,-1.21234263144848
1050882.79196047,1055994.76305752,-2.3810146638385,-1.49913470179603,0.687233983552092,0.0228280739553729,-0.633618945079533,-0.488938777522829,-0.0249051893595317,-1.19647634983383,0.386177217700296,1.384792263933,-0.898998952098772,-0.0811162082537135,1.02867615656753,-1.04217522811452,0.298118030050174,1.14113859237743,1.64019523101238,0.828210878135498,1.05658373493804,-1.01449830456718,-0.281760458302776,0.924545317656385,-0.0886885976923255,0.738216530323218,1.29044759547136,-0.183750995548131,1.01416856776068,-0.148490505588411,-1.4110547789435,-0.91353873295307,-0.666561104256381,-1.30837833366651,2.32471347706046,-0.441403017287671,0.133296495358085,-0.9568060497118,0.427083566288666,0.0830748968239736,0.430581205852015,0.679428963535533,0.415058098906978,-1.30642741774998,0.196655857982678,-1.794005991554,1.80751080685014,-1.23101820771438,0.987854068154818,0.997166830017115,-0.219492324019998,-0.187637092114601,-0.62437707019164,-0.710755077067109,-0.394571239697935,0.92880656559813,0.378097378948609,0.374061885812639,-0.124156804982413,0.625770399181588,-0.524314337565768,0.079162291941887,-0.334513640728333,1.06583420690783,1.27680806279754,-1.2840452059728,0.330210099021025,1.63540941523987,-1.0080167837754,0.155308574677334,0.149708247966818,0.0291141627897404,1.95687823510462,0.013860190282878,0.366803809085719,-2.12428781050756,-1.15653557797611,-1.26502148460664
1059032.01687521,1055994.76305752,-2.33807110827031,-1.47659894573007,0.703858774389248,0.0663415579053531,-0.646992374254411,-0.450959870766709,0.023691695061736,-1.08378066512062,0.413883487267993,1.43399128884118,-0.868928520826372,-0.109808933878155,0.919148617527127,-1.00301912834229,0.350847796394787,1.19181938299939,1.67634357480219,0.877813649888639,1.01223512159563,-0.975806718037991,-0.236559249035956,0.902700802297271,-0.144790913668666,0.691926669569034,1.30853998177664,-0.196404493997885,0.980314496613829,-0.189029946707413,-1.39390854234332,-0.909615063875383,-0.699293777919576,-1.39520986865559,2.36628120217041,-0.440371734853313,0.121810312668646,-0.97500766246445,0.452322686853293,0.0535949668427,0.446873767601667,0.607292064555224,0.399080161358595,-1.30853630152615,0.13668115943175,-1.80342706804358,1.85127336703043,-1.23341069851584,0.900326991902179,1.02157442498683,-0.190183173208209,-0.183783974414777,-0.582388448570541,-0.709168067140352,-0.431406942249539,0.95831633206452,0.413613803178213,0.406411661629645,-0.141882404473836,0.582605299905907,-0.53796089838542,0.0534128633993331,-0.372955905371334,1.08857343731056,1.24856991852263,-1.28864201894481,0.32837232311396,1.60033080020498,-0.978706643779445,0.153872530555626,0.168344640113628,0.0134496068355879,1.95810662177788,-0.0229622827896284,0.36666842204363,-2.09842123795585,-1.14892356510527,-1.31842884955507
1067181.24178994,1055994.76305752,-2.28315574242307,-1.44837920903014,0.710437533430192,0.102548185548335,-0.681113313002939,-0.419163181941225,0.0766317428230527,-0.988246322135712,0.442557085097582,1.48327755879804,-0.835573490872475,-0.141758915962193,0.829012148557937,-0.950069749780113,0.401409751318039,1.23538139409203,1.71722566145523,0.926718568673715,0.956172395820873,-0.935454436545682,-0.192235030670727,0.873001044309338,-0.190970697132386,0.657016636981261,1.32507483770396,-0.208997402985921,0.948097266895192,-0.244318276071265,-1.37380585762476,-0.905844310569536,-0.752433811914695,-1.46687298111458,2.40427411999778,-0.442309506716875,0.111782784420377,-0.987898049911762,0.4849020967527,0.0288893543805407,0.465650204714011,0.542935482693463,0.385440261161379,-1.29690255129226,0.0720838478301129,-1.8073443717291,1.8840211332013,-1.24535961958321,0.816405815273545,1.04794305992313,-0.162938311374316,-0.177997426011105,-0.543124036796868,-0.69813148153312,-0.487233844815235,0.969932385779384,0.455375266180487,0.435407307748719,-0.153915247312479,0.514263698194405,-0.548948155920552,0.0166771688446959,-0.401712694352894,1.10595787481467,1.2292452076659,-1.29411222224069,0.329060275060757,1.55737217356535,-0.940696524449877,0.153202232103908,0.191251173795346,0.0130103082977377,1.95851996197661,-0.0554110515207925,0.368270842433682,-2.06532474111846,-1.13904218541109,-1.35963859063449
1075330.46670467,1055994.76305752,-2.22658089380473,-1.4184945315633,0.714951880720354,0.137127645085889,-0.717736092365967,-0.38863522413709,0.128461784417806,-0.899369259401752,0.471275956572066,1.5305298165068,-0.801175624569474,-0.172517732106509,0.743943155940151,-0.894833988685926,0.450363707537114,1.27615161625734,1.75796536628611,0.97433807371325,0.898311811234615,-0.895174421297225,-0.14925514196842,0.842462420192572,-0.233489331950476,0.62611927245462,1.34095510288058,-0.219659369967577,0.917108817649965,-0.301585310860911,-1.35223776232925,-0.900966538465673,-0.808133939905507,-1.53370616763957,2.43942907109241,-0.443708826074726,0.103459248673764,-0.997449411988609,0.518833511323188,0.00620573661957429,0.48489717534167,0.481969070912965,0.373736414921671,-1.28098444660638,0.00762151682213302,-1.80883402089026,1.91277021496528,-1.25751527607154,0.733798709537866,1.07415117148353,-0.136926084631513,-0.170662754587006,-0.504768086304587,-0.684317769838587,-0.546120728208955,0.977925831689035,0.496622942387239,0.464204599677246,-0.163292439703425,0.442437881523636,-0.558192144006931,-0.0199807609351805,-0.427026500796704,1.12199373002354,1.21243129204522,-1.29732283918198,0.331137565069521,1.51303626555607,-0.901522233401415,0.153233711081097,0.214378737274199,0.0166533732137946,1.94285559165919,-0.105848399789283,0.367119703816599,-2.02734014691751,-1.13187902145968,-1.39247822917433
1083479.69161941,1055994.76305752,-2.16943234476388,-1.39162266239821,0.71900989599961,0.174962946508528,-0.748388409075256,-0.354937366263047,0.176145015020263,-0.810960011070741,0.497802074860733,1.57331003776231,-0.757898093244717,-0.200088120232766,0.654361674838842,-0.840684128884617,0.501528974869516,1.31939217821194,1.80045251005963,1.02425973631305,0.838339325103649,-0.853662282377063,-0.109669309648328,0.807050185767678,-0.271823076047025,0.599476837118813,1.35576269994426,-0.225498198709187,0.884063577170979,-0.36363973669673,-1.32749573834091,-0.894008476895356,-0.860872673356077,-1.60568984037946,2.46951693646542,-0.446248644841741,0.102241340396128,-0.997894077661507,0.553573015804151,-0.0177422900775617,0.503189550853052,0.421628565230108,0.367007640445331,-1.26191631231449,-0.0598638470893015,-1.81482630648239,1.93502553657772,-1.26625393973998,0.647211285045217,1.1012882122609,-0.120667574512327,-0.157742980225441,-0.466087033194816,-0.668465683279106,-0.609216895472523,0.988065526763742,0.53190606902316,0.50337106140063,-0.176331148064371,0.380333983875762,-0.569037071820064,-0.0488156324079527,-0.455256835553984,1.1385114657686,1.19654251021938,-1.29479531064537,0.338541466444899,1.46510592773508,-0.859806225975907,0.149704684258076,0.232972680753445,0.0207042719580606,1.90881375461571,-0.176269828612264,0.364629083542596,-1.98737595987338,-1.12465602559088,-1.41952932872625
1091628.91653414,1055994.76305752,-2.13126414365024,-1.38987227477763,0.720239075960321,0.214995027002709,-0.756618972984614,-0.321347202271814,0.193526311484297,-0.744584825819447,0.509849362732345,1.59121254105476,-0.698343675620645,-0.21303655119039,0.583082928666412,-0.80852962354215,0.545471785864361,1.36293776846444,1.84346855668355,1.06963087663362,0.790354179175036,-0.820125607618899,-0.0975217976463201,0.764169342049483,-0.284071190031933,0.594822222086858,1.36654868147052,-0.218507588658105,0.857171811598532,-0.429247718993679,-1.30182346172653,-0.888767997436651,-0.891782412642388,-1.67957051940768,2.48215592241393,-0.460198976290007,0.120559861207565,-0.97135175137085,0.584155291413301,-0.0425323218863177,0.511150761102275,0.379624495522885,0.38019241080772,-1.24564507534483,-0.123399156677594,-1.84658867089169,1.93255474403761,-1.26735307094454,0.576401061247241,1.12392944118868,-0.147952870440289,-0.130986433440797,-0.440509448812042,-0.657067836486765,-0.673187685255813,1.00552125654005,0.533748484724216,0.573404400597987,-0.198459403628475,0.374020962198026,-0.588530867669411,-0.0443197238158957,-0.489054027891093,1.1531359822047,1.18749409452289,-1.27753314902015,0.364070511058564,1.42159988618231,-0.824822228715288,0.128451976606216,0.223894068196701,0.0245044741990447,1.8680550161348,-0.240636000315451,0.366688045856209,-1.9708421043445,-1.11196046068709,-1.43305501473544
1099778.14144887,1055994.76305752,-2.10912468746729,-1.4042025290928,0.719028739747372,0.249820569559335,-0.74670475713594,-0.292870392823986,0.188690759764967,-0.701667825276047,0.510046860861357,1.58962797922188,-0.636447831644115,-0.213598281601602,0.531068120344001,-0.794188401602965,0.579011976521299,1.39963992202301,1.87984808839724,1.10565039966403,0.756144906675592,-0.797054135153644,-0.104606825615529,0.722133990960595,-0.278063667256729,0.605676276248527,1.37178159410563,-0.202662653713146,0.835823434976665,-0.488350673473148,-1.27936433188772,-0.884764329787467,-0.903537847809863,-1.74652820947009,2.47887601787224,-0.478533228662287,0.150995034514221,-0.930702619066892,0.606662754636944,-0.0653834563651076,0.511067461348599,0.356618553761595,0.403855177217006,-1.23233081319149,-0.174866002342081,-1.89108807776391,1.91246769594565,-1.26351154339327,0.524666628642259,1.1402789787475,-0.202063379201289,-0.0988272353541211,-0.426905855620854,-0.648766765965297,-0.729738621484178,1.02425587166463,0.513437625778446,0.651270770242788,-0.225494158155526,0.406049314856111,-0.61185166413903,-0.0174530996766637,-0.522931451473332,1.16355892758282,1.18456229477812,-1.25283095751968,0.396952323293965,1.38576356368149,-0.798459652775811,0.0983288511894611,0.198391721799998,0.0258328838054591,1.83222340194547,-0.2864313304887,0.376454263714527,-1.96660842123234,-1.09076138361193,-1.4298639169484
1107927.36636361,1055994.76305752,-2.08648193830163,-1.42053895166287,0.716705039671212,0.284585879188556,-0.738203160783824,-0.26461451571952,0.183331063358429,-0.657818550582656,0.508086893084457,1.58650351075098,-0.574934713412177,-0.215695912258504,0.477801339371182,-0.780175884471198,0.611250250065286,1.43488870636775,1.91495849663496,1.14059114704468,0.722723179660793,-0.7726862682992,-0.11206770223731,0.676092054894174,-0.273405520867663,0.615410334854686,1.37482948690372,-0.187578129994728,0.81350538488531,-0.548875117569421,-1.25639275315396,-0.88197625438633,-0.915157419976482,-1.81417146486105,2.47427018380274,-0.497489065997801,0.178578663353031,-0.88850153011958,0.628135632836011,-0.0904202514508947,0.509435632961683,0.330378957055401,0.424630008948873,-1.21964360489722,-0.230736342881253,-1.93471023433727,1.88900445982763,-1.25905840327284,0.46948184466438,1.1543641465282,-0.257539417175098,-0.0689300830291253,-0.413727237146288,-0.642986541359582,-0.789591261188879,1.04225686287021,0.496569161760463,0.734570134499945,-0.254413956758237,0.436531148832163,-0.636988043353635,0.00542973101377976,-0.559470610821119,1.17045212416798,1.17824717358655,-1.22899182464741,0.42984508170984,1.34836050974385,-0.770710882363145,0.0648590844823575,0.171854043226184,0.0265072568590795,1.80562244824217,-0.319664778955988,0.40039043377268,-1.94935787102944,-1.053181726986,-1.408708173071
1116076.59127834,1055994.76305752,-2.06449628407392,-1.42673660588503,0.719655101750595,0.313267969464317,-0.745187812905158,-0.232026446296392,0.143280502816323,-0.631822306503424,0.500218286300356,1.56420750032937,-0.523023042407146,-0.208299264153585,0.439249806747419,-0.771638018551886,0.633811658130344,1.47266386215651,1.92206939111997,1.15915886487047,0.706833285338965,-0.772787572951749,-0.136570955393139,0.638610056891937,-0.261484364894178,0.644641595524122,1.37665711106796,-0.154347736121066,0.789952703728845,-0.619551075316407,-1.25167870229187,-0.885109014681179,-0.944307392304731,-1.88986597014139,2.45703512960228,-0.533574495664526,0.231672100338173,-0.867172328986099,0.647488590379295,-0.113472315418208,0.503078419811532,0.33106107329509,0.464397385043851,-1.19078811098832,-0.287380181233913,-1.97431754988875,1.87323044171405,-1.27552276080686,0.409588396687295,1.16253057111455,-0.327212084558353,-0.0201003156842995,-0.394244082120235,-0.636336510492601,-0.826782805257456,1.06062747727476,0.484540963062201,0.789644809638397,-0.280682781735452,0.488537308344637,-0.659904208699298,0.0557976588798494,-0.597481964915043,1.19026686699618,1.17438634509656,-1.19902113867451,0.456300848929887,1.31045787762137,-0.738907848577543,0.0286019184850871,0.140965356644014,0.0373681129492587,1.76687541679205,-0.333195587380904,0.43625163393468,-1.91726877476905,-1.00871133181128,-1.36903794420022
1124225.81619307,1055994.76305752,-2.04511061646284,-1.41594701702494,0.731838300888375,0.331391785336178,-0.770470552674561,-0.198398064251391,0.0627646904115989,-0.632145246112152,0.488310866797387,1.52183411134066,-0.490168493236257,-0.188978596480098,0.424825824975192,-0.769114097019366,0.639994109718606,1.51273153680435,1.89296052953848,1.15335394320667,0.709569196538095,-0.803061347493644,-0.180075878393329,0.618654178543977,-0.241532269324148,0.690246659945359,1.37812784693446,-0.100110907295231,0.766244710442368,-0.692616614422602,-1.27337463776948,-0.897332770844761,-0.993937893311887,-1.95999242626987,2.42762109758301,-0.58590488853767,0.310703546644995,-0.874581461634996,0.657129226801411,-0.129110103669385,0.493394883649545,0.368117545599462,0.521189218917026,-1.14106453900962,-0.335977425589047,-2.0030750090401,1.87619377814741,-1.31719517263512,0.35249242830551,1.16459679856947,-0.406710044569563,0.0467719197214001,-0.370822241843612,-0.627258946749916,-0.825153964840357,1.07607851249535,0.482894355515795,0.789642665631196,-0.298884986285609,0.563637405093594,-0.677098845274057,0.138730792164179,-0.629805620774074,1.22764358974588,1.17308801483999,-1.16623200506814,0.469024993535892,1.2778658996433,-0.703400179121024,-0.0068996387347318,0.112663552855531,0.0623150263294303,1.71010067587838,-0.323799918536076,0.475657203893027,-1.87542344601753,-0.973117058278475,-1.32636287808353
1132375.04110781,1055994.76305752,-2.0267839473968,-1.39711037912276,0.745631294418754,0.341863983542566,-0.799573631568433,-0.167958684049369,-0.0257744491592737,-0.643229902814319,0.47615553211501,1.47503207679106,-0.470198127545564,-0.166045805951693,0.427254817895168,-0.768749640959954,0.637506538890409,1.54470364107548,1.84921249819988,1.13687513687884,0.7266608663131,-0.843250207132744,-0.225082024323004,0.612027430367493,-0.219603433746451,0.739865482269256,1.3786117694166,-0.0449126179386893,0.748277381986397,-0.753288931812277,-1.30103176790101,-0.909000232286025,-1.04311345606301,-2.01508447949559,2.39481680927191,-0.636791017691372,0.388766395765492,-0.893290439938146,0.663644734130249,-0.138065836848847,0.483158537222275,0.41727644875616,0.578026529638887,-1.08985156648538,-0.371452082773785,-2.01671969471522,1.884510869877,-1.36228914404596,0.307117118053538,1.16172785602914,-0.476283731178856,0.111462531882493,-0.346781139674136,-0.618225293634209,-0.803346850255479,1.0880715756971,0.487216634987223,0.770580514150189,-0.308454989761036,0.635988946736726,-0.686207791337235,0.221124416098724,-0.653067596009359,1.26518662052044,1.1735612902233,-1.1346440603293,0.475393427893698,1.25383990758737,-0.671341065692765,-0.034350858401381,0.0892125815804631,0.0902071976658871,1.63931894897853,-0.312337540680445,0.500459822115265,-1.83779692326469,-0.96071614597935,-1.30875409221808
1140524.26602254,1055994.76305752,-2.00493910443755,-1.37573942867506,0.759587787382512,0.353626265570065,-0.824441905778919,-0.13735698041425,-0.110987468580868,-0.650890507032488,0.465207974213061,1.42933552040924,-0.448935185726955,-0.142541794908767,0.430328303730189,-0.76538054704891,0.635225475651409,1.57513066401527,1.80616422712504,1.12136240739186,0.741890709542825,-0.878892795524297,-0.266472597452771,0.605740894432182,-0.196757253918846,0.785726884428134,1.37849033517105,0.00859498627983836,0.730356588462515,-0.809714614121396,-1.32463116258807,-0.917843659519103,-1.0880349316198,-2.06395394559501,2.36161481622897,-0.683850262428061,0.462837335175433,-0.908605409579395,0.669377368825586,-0.144798835691524,0.474121442681019,0.464074706579018,0.631310932555492,-1.03839992953236,-0.403844158631431,-2.02548453992606,1.89164663583529,-1.40249493429515,0.263609335314186,1.15929750504259,-0.542320231526463,0.173769674651245,-0.322572349031546,-0.60683853306562,-0.779546972618762,1.0989435981442,0.49237751056324,0.750938284623841,-0.316000567120611,0.704292449259654,-0.692895986894901,0.299458491003905,-0.672766144420108,1.30084926489289,1.17292875126855,-1.10115791503992,0.481924911609073,1.22982061498747,-0.637570835132082,-0.0594303683388872,0.0684331345335538,0.118363667913206,1.55300916551522,-0.308710172069067,0.51430026747789,-1.801824675803,-0.964203991831764,-1.31690131249767
1148673.49093727,1055994.76305752,NA,NA,NA,NA,NA,NA,NA,NA,NA,NA,NA,NA,NA,NA,NA,NA,NA,NA,NA,NA,NA,NA,NA,NA,NA,NA,NA,NA,NA,NA,NA,NA,NA,NA,NA,NA,NA,NA,NA,NA,NA,NA,NA,NA,NA,NA,NA,NA,NA,NA,NA,NA,NA,NA,NA,NA,NA,NA,NA,NA,NA,NA,NA,NA,NA,NA,NA,NA,NA,NA,NA,NA,NA,NA,NA,NA
1156822.71585201,1055994.76305752,NA,NA,NA,NA,NA,NA,NA,NA,NA,NA,NA,NA,NA,NA,NA,NA,NA,NA,NA,NA,NA,NA,NA,NA,NA,NA,NA,NA,NA,NA,NA,NA,NA,NA,NA,NA,NA,NA,NA,NA,NA,NA,NA,NA,NA,NA,NA,NA,NA,NA,NA,NA,NA,NA,NA,NA,NA,NA,NA,NA,NA,NA,NA,NA,NA,NA,NA,NA,NA,NA,NA,NA,NA,NA,NA,NA
1164971.94076674,1055994.76305752,NA,NA,NA,NA,NA,NA,NA,NA,NA,NA,NA,NA,NA,NA,NA,NA,NA,NA,NA,NA,NA,NA,NA,NA,NA,NA,NA,NA,NA,NA,NA,NA,NA,NA,NA,NA,NA,NA,NA,NA,NA,NA,NA,NA,NA,NA,NA,NA,NA,NA,NA,NA,NA,NA,NA,NA,NA,NA,NA,NA,NA,NA,NA,NA,NA,NA,NA,NA,NA,NA,NA,NA,NA,NA,NA,NA
1173121.16568148,1055994.76305752,NA,NA,NA,NA,NA,NA,NA,NA,NA,NA,NA,NA,NA,NA,NA,NA,NA,NA,NA,NA,NA,NA,NA,NA,NA,NA,NA,NA,NA,NA,NA,NA,NA,NA,NA,NA,NA,NA,NA,NA,NA,NA,NA,NA,NA,NA,NA,NA,NA,NA,NA,NA,NA,NA,NA,NA,NA,NA,NA,NA,NA,NA,NA,NA,NA,NA,NA,NA,NA,NA,NA,NA,NA,NA,NA,NA
1181270.39059621,1055994.76305752,NA,NA,NA,NA,NA,NA,NA,NA,NA,NA,NA,NA,NA,NA,NA,NA,NA,NA,NA,NA,NA,NA,NA,NA,NA,NA,NA,NA,NA,NA,NA,NA,NA,NA,NA,NA,NA,NA,NA,NA,NA,NA,NA,NA,NA,NA,NA,NA,NA,NA,NA,NA,NA,NA,NA,NA,NA,NA,NA,NA,NA,NA,NA,NA,NA,NA,NA,NA,NA,NA,NA,NA,NA,NA,NA,NA
1189419.61551094,1055994.76305752,NA,NA,NA,NA,NA,NA,NA,NA,NA,NA,NA,NA,NA,NA,NA,NA,NA,NA,NA,NA,NA,NA,NA,NA,NA,NA,NA,NA,NA,NA,NA,NA,NA,NA,NA,NA,NA,NA,NA,NA,NA,NA,NA,NA,NA,NA,NA,NA,NA,NA,NA,NA,NA,NA,NA,NA,NA,NA,NA,NA,NA,NA,NA,NA,NA,NA,NA,NA,NA,NA,NA,NA,NA,NA,NA,NA
1197568.84042568,1055994.76305752,NA,NA,NA,NA,NA,NA,NA,NA,NA,NA,NA,NA,NA,NA,NA,NA,NA,NA,NA,NA,NA,NA,NA,NA,NA,NA,NA,NA,NA,NA,NA,NA,NA,NA,NA,NA,NA,NA,NA,NA,NA,NA,NA,NA,NA,NA,NA,NA,NA,NA,NA,NA,NA,NA,NA,NA,NA,NA,NA,NA,NA,NA,NA,NA,NA,NA,NA,NA,NA,NA,NA,NA,NA,NA,NA,NA
1205718.06534041,1055994.76305752,NA,NA,NA,NA,NA,NA,NA,NA,NA,NA,NA,NA,NA,NA,NA,NA,NA,NA,NA,NA,NA,NA,NA,NA,NA,NA,NA,NA,NA,NA,NA,NA,NA,NA,NA,NA,NA,NA,NA,NA,NA,NA,NA,NA,NA,NA,NA,NA,NA,NA,NA,NA,NA,NA,NA,NA,NA,NA,NA,NA,NA,NA,NA,NA,NA,NA,NA,NA,NA,NA,NA,NA,NA,NA,NA,NA
1213867.29025514,1055994.76305752,NA,NA,NA,NA,NA,NA,NA,NA,NA,NA,NA,NA,NA,NA,NA,NA,NA,NA,NA,NA,NA,NA,NA,NA,NA,NA,NA,NA,NA,NA,NA,NA,NA,NA,NA,NA,NA,NA,NA,NA,NA,NA,NA,NA,NA,NA,NA,NA,NA,NA,NA,NA,NA,NA,NA,NA,NA,NA,NA,NA,NA,NA,NA,NA,NA,NA,NA,NA,NA,NA,NA,NA,NA,NA,NA,NA
1222016.51516988,1055994.76305752,NA,NA,NA,NA,NA,NA,NA,NA,NA,NA,NA,NA,NA,NA,NA,NA,NA,NA,NA,NA,NA,NA,NA,NA,NA,NA,NA,NA,NA,NA,NA,NA,NA,NA,NA,NA,NA,NA,NA,NA,NA,NA,NA,NA,NA,NA,NA,NA,NA,NA,NA,NA,NA,NA,NA,NA,NA,NA,NA,NA,NA,NA,NA,NA,NA,NA,NA,NA,NA,NA,NA,NA,NA,NA,NA,NA
879749.068751066,1047845.53814279,NA,NA,NA,NA,NA,NA,NA,NA,NA,NA,NA,NA,NA,NA,NA,NA,NA,NA,NA,NA,NA,NA,NA,NA,NA,NA,NA,NA,NA,NA,NA,NA,NA,NA,NA,NA,NA,NA,NA,NA,NA,NA,NA,NA,NA,NA,NA,NA,NA,NA,NA,NA,NA,NA,NA,NA,NA,NA,NA,NA,NA,NA,NA,NA,NA,NA,NA,NA,NA,NA,NA,NA,NA,NA,NA,NA
887898.2936658,1047845.53814279,NA,NA,NA,NA,NA,NA,NA,NA,NA,NA,NA,NA,NA,NA,NA,NA,NA,NA,NA,NA,NA,NA,NA,NA,NA,NA,NA,NA,NA,NA,NA,NA,NA,NA,NA,NA,NA,NA,NA,NA,NA,NA,NA,NA,NA,NA,NA,NA,NA,NA,NA,NA,NA,NA,NA,NA,NA,NA,NA,NA,NA,NA,NA,NA,NA,NA,NA,NA,NA,NA,NA,NA,NA,NA,NA,NA
896047.518580533,1047845.53814279,NA,NA,NA,NA,NA,NA,NA,NA,NA,NA,NA,NA,NA,NA,NA,NA,NA,NA,NA,NA,NA,NA,NA,NA,NA,NA,NA,NA,NA,NA,NA,NA,NA,NA,NA,NA,NA,NA,NA,NA,NA,NA,NA,NA,NA,NA,NA,NA,NA,NA,NA,NA,NA,NA,NA,NA,NA,NA,NA,NA,NA,NA,NA,NA,NA,NA,NA,NA,NA,NA,NA,NA,NA,NA,NA,NA
904196.743495267,1047845.53814279,NA,NA,NA,NA,NA,NA,NA,NA,NA,NA,NA,NA,NA,NA,NA,NA,NA,NA,NA,NA,NA,NA,NA,NA,NA,NA,NA,NA,NA,NA,NA,NA,NA,NA,NA,NA,NA,NA,NA,NA,NA,NA,NA,NA,NA,NA,NA,NA,NA,NA,NA,NA,NA,NA,NA,NA,NA,NA,NA,NA,NA,NA,NA,NA,NA,NA,NA,NA,NA,NA,NA,NA,NA,NA,NA,NA
912345.96841,1047845.53814279,NA,NA,NA,NA,NA,NA,NA,NA,NA,NA,NA,NA,NA,NA,NA,NA,NA,NA,NA,NA,NA,NA,NA,NA,NA,NA,NA,NA,NA,NA,NA,NA,NA,NA,NA,NA,NA,NA,NA,NA,NA,NA,NA,NA,NA,NA,NA,NA,NA,NA,NA,NA,NA,NA,NA,NA,NA,NA,NA,NA,NA,NA,NA,NA,NA,NA,NA,NA,NA,NA,NA,NA,NA,NA,NA,NA
920495.193324734,1047845.53814279,NA,NA,NA,NA,NA,NA,NA,NA,NA,NA,NA,NA,NA,NA,NA,NA,NA,NA,NA,NA,NA,NA,NA,NA,NA,NA,NA,NA,NA,NA,NA,NA,NA,NA,NA,NA,NA,NA,NA,NA,NA,NA,NA,NA,NA,NA,NA,NA,NA,NA,NA,NA,NA,NA,NA,NA,NA,NA,NA,NA,NA,NA,NA,NA,NA,NA,NA,NA,NA,NA,NA,NA,NA,NA,NA,NA
928644.418239468,1047845.53814279,NA,NA,NA,NA,NA,NA,NA,NA,NA,NA,NA,NA,NA,NA,NA,NA,NA,NA,NA,NA,NA,NA,NA,NA,NA,NA,NA,NA,NA,NA,NA,NA,NA,NA,NA,NA,NA,NA,NA,NA,NA,NA,NA,NA,NA,NA,NA,NA,NA,NA,NA,NA,NA,NA,NA,NA,NA,NA,NA,NA,NA,NA,NA,NA,NA,NA,NA,NA,NA,NA,NA,NA,NA,NA,NA,NA
936793.643154201,1047845.53814279,NA,NA,NA,NA,NA,NA,NA,NA,NA,NA,NA,NA,NA,NA,NA,NA,NA,NA,NA,NA,NA,NA,NA,NA,NA,NA,NA,NA,NA,NA,NA,NA,NA,NA,NA,NA,NA,NA,NA,NA,NA,NA,NA,NA,NA,NA,NA,NA,NA,NA,NA,NA,NA,NA,NA,NA,NA,NA,NA,NA,NA,NA,NA,NA,NA,NA,NA,NA,NA,NA,NA,NA,NA,NA,NA,NA
944942.868068935,1047845.53814279,NA,NA,NA,NA,NA,NA,NA,NA,NA,NA,NA,NA,NA,NA,NA,NA,NA,NA,NA,NA,NA,NA,NA,NA,NA,NA,NA,NA,NA,NA,NA,NA,NA,NA,NA,NA,NA,NA,NA,NA,NA,NA,NA,NA,NA,NA,NA,NA,NA,NA,NA,NA,NA,NA,NA,NA,NA,NA,NA,NA,NA,NA,NA,NA,NA,NA,NA,NA,NA,NA,NA,NA,NA,NA,NA,NA
953092.092983668,1047845.53814279,NA,NA,NA,NA,NA,NA,NA,NA,NA,NA,NA,NA,NA,NA,NA,NA,NA,NA,NA,NA,NA,NA,NA,NA,NA,NA,NA,NA,NA,NA,NA,NA,NA,NA,NA,NA,NA,NA,NA,NA,NA,NA,NA,NA,NA,NA,NA,NA,NA,NA,NA,NA,NA,NA,NA,NA,NA,NA,NA,NA,NA,NA,NA,NA,NA,NA,NA,NA,NA,NA,NA,NA,NA,NA,NA,NA
961241.317898402,1047845.53814279,NA,NA,NA,NA,NA,NA,NA,NA,NA,NA,NA,NA,NA,NA,NA,NA,NA,NA,NA,NA,NA,NA,NA,NA,NA,NA,NA,NA,NA,NA,NA,NA,NA,NA,NA,NA,NA,NA,NA,NA,NA,NA,NA,NA,NA,NA,NA,NA,NA,NA,NA,NA,NA,NA,NA,NA,NA,NA,NA,NA,NA,NA,NA,NA,NA,NA,NA,NA,NA,NA,NA,NA,NA,NA,NA,NA
969390.542813136,1047845.53814279,NA,NA,NA,NA,NA,NA,NA,NA,NA,NA,NA,NA,NA,NA,NA,NA,NA,NA,NA,NA,NA,NA,NA,NA,NA,NA,NA,NA,NA,NA,NA,NA,NA,NA,NA,NA,NA,NA,NA,NA,NA,NA,NA,NA,NA,NA,NA,NA,NA,NA,NA,NA,NA,NA,NA,NA,NA,NA,NA,NA,NA,NA,NA,NA,NA,NA,NA,NA,NA,NA,NA,NA,NA,NA,NA,NA
977539.767727869,1047845.53814279,NA,NA,NA,NA,NA,NA,NA,NA,NA,NA,NA,NA,NA,NA,NA,NA,NA,NA,NA,NA,NA,NA,NA,NA,NA,NA,NA,NA,NA,NA,NA,NA,NA,NA,NA,NA,NA,NA,NA,NA,NA,NA,NA,NA,NA,NA,NA,NA,NA,NA,NA,NA,NA,NA,NA,NA,NA,NA,NA,NA,NA,NA,NA,NA,NA,NA,NA,NA,NA,NA,NA,NA,NA,NA,NA,NA
985688.992642603,1047845.53814279,NA,NA,NA,NA,NA,NA,NA,NA,NA,NA,NA,NA,NA,NA,NA,NA,NA,NA,NA,NA,NA,NA,NA,NA,NA,NA,NA,NA,NA,NA,NA,NA,NA,NA,NA,NA,NA,NA,NA,NA,NA,NA,NA,NA,NA,NA,NA,NA,NA,NA,NA,NA,NA,NA,NA,NA,NA,NA,NA,NA,NA,NA,NA,NA,NA,NA,NA,NA,NA,NA,NA,NA,NA,NA,NA,NA
993838.217557336,1047845.53814279,-2.41009791881031,-1.56323702006462,0.357114759759894,-0.249467584155344,-0.691823016357324,-0.755146204161684,-0.167702061769709,-1.82690357768207,0.41817171704309,1.10263200232551,-0.958650443752032,0.223490105025567,1.80466190070753,-1.10167870963237,-0.0714349538579546,0.676772292623981,1.38702546952177,0.634057022967272,1.38763048567673,-1.28195034369657,-0.558198123869344,0.967332752763001,0.302321756001248,1.18622102610379,1.00369226097861,-0.0127150967469523,1.06067388921133,-0.0785894082615654,-1.56973075178629,-0.989364372801821,-0.510285997660173,-0.812997057363311,1.91136323983552,-0.427551044168192,0.318997003785333,-1.08691011674304,0.489660258405757,0.238730391773596,0.392745254366517,1.07452039556365,0.550772323204713,-1.15721394095621,0.556940287807153,-1.7609163788491,1.28568498572936,-1.23582445441744,1.46541095518793,0.820818405849975,-0.158534005034806,-0.316295992340152,-0.815148906077048,-0.484074062505424,-0.276826630747562,0.58734833420299,0.138907267559827,0.0805390911158018,0.0442987852644014,0.701041853924732,-0.413910615155969,-0.0279267289915206,0.0429258688491284,0.880071431445978,1.41373423555666,-1.39284831398437,0.319695114862928,1.64187781715772,-0.913340295668319,0.343534271470555,0.171327350988244,0.224106213473827,2.04922629366589,0.182215159756237,0.17853788399836,-2.14476517555898,-1.20504673084192,-0.996924739757426
1001987.44247207,1047845.53814279,-2.3868235849277,-1.57562025339566,0.395929662318644,-0.206598882247951,-0.680721927550972,-0.725497636764978,-0.148978909345563,-1.7618002318039,0.381455067965256,1.16432549184606,-0.960551608232937,0.159188935960375,1.70006364393674,-1.09717245465075,-0.0174289963957627,0.748041152778498,1.47613702063584,0.652010256668249,1.31858920462698,-1.22848304501208,-0.521215224370079,0.982004337477766,0.255101640176798,1.12556737572319,1.05768182483666,-0.0423646356748043,1.06093421968122,-0.0799515016771058,-1.52011930226458,-0.967560393805473,-0.542164407579122,-0.865483326305407,1.97417178116817,-0.440759119454848,0.297996341584759,-1.03264065240164,0.450310041833177,0.203112101118216,0.381938233342771,1.0274987821026,0.512061747462205,-1.18186872334818,0.506507889820782,-1.75536903243597,1.37166141836685,-1.24060883523972,1.42146121024734,0.859689556173085,-0.203648141408835,-0.289759058701758,-0.814030487493859,-0.534808744731639,-0.307726312900167,0.606950457246031,0.175458997029689,0.125172646847354,0.00803809940941293,0.679215134495179,-0.447475253910144,-0.00745208849855707,-0.00936965958817997,0.891998457658604,1.39409653078479,-1.36149080917474,0.365677663734032,1.67194302476778,-0.937113704912179,0.305464542672321,0.149141037304541,0.197928209637014,2.0615353909848,0.174704112736146,0.216014559989333,-2.13426365132257,-1.20583563206191,-1.03269142271043
1010136.6673868,1047845.53814279,-2.36528810514734,-1.57495806030838,0.43902446366471,-0.170592508790912,-0.667290625102518,-0.689840758529681,-0.138637487797,-1.70518856090324,0.349230693301906,1.20423523542003,-0.952814515442412,0.101939468482703,1.59597012880758,-1.08762400395852,0.0271807329886185,0.815957314333711,1.54519444591489,0.665382934765254,1.25222682321325,-1.18196462202757,-0.489124390252382,0.99839836996366,0.222828312932568,1.07328001448191,1.11391402237715,-0.0657519565603661,1.05967940751766,-0.0849725760660988,-1.47574813999547,-0.943279091716398,-0.579297626740221,-0.933434803223974,2.03770975508984,-0.444214231345597,0.287229893834455,-0.978084599361579,0.41854907944521,0.173048340125026,0.37018660778712,0.99981931938963,0.478809776698256,-1.20237518411599,0.448052981152557,-1.7417963816785,1.45108602896333,-1.25186322123949,1.37691990057833,0.891693453857008,-0.256464632526288,-0.254924934879049,-0.81302899972806,-0.578871124827718,-0.329731927178039,0.629700516754807,0.21459675602016,0.169763576543765,-0.031555938438333,0.658917461596405,-0.474113450767633,0.0227627033444569,-0.0710276207152425,0.912276951568419,1.38330702683734,-1.32843821376196,0.403184894775407,1.68817826246284,-0.959355944789786,0.263735205078982,0.118039707949692,0.171676020408319,2.04801235475773,0.166778147362617,0.247799101710538,-2.12797563311436,-1.21161820236491,-1.04721471662821
1018285.89230154,1047845.53814279,NA,NA,NA,NA,NA,NA,NA,NA,NA,NA,NA,NA,NA,NA,NA,NA,NA,NA,NA,NA,NA,NA,NA,NA,NA,NA,NA,NA,NA,NA,NA,NA,NA,NA,NA,NA,NA,NA,NA,NA,NA,NA,NA,NA,NA,NA,NA,NA,NA,NA,NA,NA,NA,NA,NA,NA,NA,NA,NA,NA,NA,NA,NA,NA,NA,NA,NA,NA,NA,NA,NA,NA,NA,NA,NA,NA
1026435.11721627,1047845.53814279,NA,NA,NA,NA,NA,NA,NA,NA,NA,NA,NA,NA,NA,NA,NA,NA,NA,NA,NA,NA,NA,NA,NA,NA,NA,NA,NA,NA,NA,NA,NA,NA,NA,NA,NA,NA,NA,NA,NA,NA,NA,NA,NA,NA,NA,NA,NA,NA,NA,NA,NA,NA,NA,NA,NA,NA,NA,NA,NA,NA,NA,NA,NA,NA,NA,NA,NA,NA,NA,NA,NA,NA,NA,NA,NA,NA
1034584.342131,1047845.53814279,NA,NA,NA,NA,NA,NA,NA,NA,NA,NA,NA,NA,NA,NA,NA,NA,NA,NA,NA,NA,NA,NA,NA,NA,NA,NA,NA,NA,NA,NA,NA,NA,NA,NA,NA,NA,NA,NA,NA,NA,NA,NA,NA,NA,NA,NA,NA,NA,NA,NA,NA,NA,NA,NA,NA,NA,NA,NA,NA,NA,NA,NA,NA,NA,NA,NA,NA,NA,NA,NA,NA,NA,NA,NA,NA,NA
1042733.56704574,1047845.53814279,NA,NA,NA,NA,NA,NA,NA,NA,NA,NA,NA,NA,NA,NA,NA,NA,NA,NA,NA,NA,NA,NA,NA,NA,NA,NA,NA,NA,NA,NA,NA,NA,NA,NA,NA,NA,NA,NA,NA,NA,NA,NA,NA,NA,NA,NA,NA,NA,NA,NA,NA,NA,NA,NA,NA,NA,NA,NA,NA,NA,NA,NA,NA,NA,NA,NA,NA,NA,NA,NA,NA,NA,NA,NA,NA,NA
1050882.79196047,1047845.53814279,NA,NA,NA,NA,NA,NA,NA,NA,NA,NA,NA,NA,NA,NA,NA,NA,NA,NA,NA,NA,NA,NA,NA,NA,NA,NA,NA,NA,NA,NA,NA,NA,NA,NA,NA,NA,NA,NA,NA,NA,NA,NA,NA,NA,NA,NA,NA,NA,NA,NA,NA,NA,NA,NA,NA,NA,NA,NA,NA,NA,NA,NA,NA,NA,NA,NA,NA,NA,NA,NA,NA,NA,NA,NA,NA,NA
1059032.01687521,1047845.53814279,NA,NA,NA,NA,NA,NA,NA,NA,NA,NA,NA,NA,NA,NA,NA,NA,NA,NA,NA,NA,NA,NA,NA,NA,NA,NA,NA,NA,NA,NA,NA,NA,NA,NA,NA,NA,NA,NA,NA,NA,NA,NA,NA,NA,NA,NA,NA,NA,NA,NA,NA,NA,NA,NA,NA,NA,NA,NA,NA,NA,NA,NA,NA,NA,NA,NA,NA,NA,NA,NA,NA,NA,NA,NA,NA,NA
1067181.24178994,1047845.53814279,NA,NA,NA,NA,NA,NA,NA,NA,NA,NA,NA,NA,NA,NA,NA,NA,NA,NA,NA,NA,NA,NA,NA,NA,NA,NA,NA,NA,NA,NA,NA,NA,NA,NA,NA,NA,NA,NA,NA,NA,NA,NA,NA,NA,NA,NA,NA,NA,NA,NA,NA,NA,NA,NA,NA,NA,NA,NA,NA,NA,NA,NA,NA,NA,NA,NA,NA,NA,NA,NA,NA,NA,NA,NA,NA,NA
1075330.46670467,1047845.53814279,-2.14143454381682,-1.44214338793023,0.654473411799301,0.195537413830307,-0.676551739382795,-0.346770408290984,0.0979497338683029,-0.828268521195383,0.499660509422265,1.56566070353852,-0.821141626960851,-0.151339018385473,0.706876588246729,-0.868342053028684,0.399265396619159,1.24103187664454,1.8418538872875,0.975874961110644,0.879347796983409,-0.90875873983734,-0.179964151670743,0.95584295467642,-0.220492115003005,0.656933892710531,1.36431811414217,-0.205701241232196,0.904583947409606,-0.286810292121376,-1.31288577455926,-0.86664769048004,-0.801141773804894,-1.62557666033052,2.43019872516646,-0.431907362193144,0.139402536872572,-1.02635304694203,0.513212092526336,-0.0700936712623174,0.427185539517724,0.513196880446191,0.332905577778034,-1.29011539081269,0.00725675831738651,-1.81687253566248,1.93296710274644,-1.2383710431801,0.750839638188805,1.08432149349637,-0.168288975258442,-0.156763045828803,-0.571970662847864,-0.705646378513839,-0.527164200496535,0.912830206045146,0.412515227969132,0.441710629675361,-0.137112133633908,0.421493027322834,-0.579862345874455,-0.0127329714917464,-0.427842547383827,1.11937345812735,1.15973033240139,-1.26183397854124,0.43905075395304,1.54203345693233,-0.920628925219648,0.181630730217248,0.135963342994792,0.00702605994141647,1.94117080765737,-0.206193267590558,0.361830710802087,-2.02857314531418,-1.10237780635668,-1.3202183310182
1083479.69161941,1047845.53814279,-2.07516557435402,-1.40681024562805,0.655153589951483,0.241038205956933,-0.72577597125746,-0.30646089067483,0.14981430125714,-0.724565620198696,0.536196965317139,1.61455257914988,-0.782659447751802,-0.189352345043316,0.623062815617853,-0.808743863312983,0.445920031862657,1.28641196615999,1.88623694656036,1.02363543014255,0.80613100672809,-0.859526316232357,-0.137963335772245,0.924101775416801,-0.258286720119095,0.616482345524822,1.38722626451469,-0.227607145008439,0.879520298622305,-0.354863578385782,-1.27906755702679,-0.859196215528224,-0.863931428215895,-1.69792092486522,2.47355546277092,-0.445201375309671,0.120054545664783,-1.03674367930578,0.556485873142887,-0.0932707348662647,0.443982702720341,0.438956586442461,0.325897102042457,-1.27524393362426,-0.0717583616012098,-1.82264485131017,1.96880627178253,-1.24254126497079,0.663747459952507,1.11082542410528,-0.134460211482056,-0.145484786344181,-0.531099292016415,-0.695415459417354,-0.586099693240795,0.9197614845126,0.438757074284925,0.468056079776749,-0.134297454584112,0.334771660626915,-0.583644974134998,-0.0552681864260294,-0.449472439572501,1.14092667347244,1.13046715678438,-1.25729709468691,0.448033343870813,1.49220290256483,-0.879374989619087,0.181631052899579,0.147403948688305,0.0222813770926984,1.90870998366257,-0.277059278444738,0.362955626434914,-1.97946422602789,-1.08980465692561,-1.33846332829485
1091628.91653414,1047845.53814279,-2.03641349145851,-1.41077936594832,0.655010606651953,0.285494840545201,-0.743207404176071,-0.270847310229967,0.168611549981409,-0.650169909152165,0.545583531521743,1.63253225235804,-0.720967794144265,-0.208612946597427,0.558145421100118,-0.776662180607152,0.487225207665586,1.32971086791581,1.93040594555606,1.06811323615962,0.765743163900033,-0.817401757337061,-0.125635562337228,0.874977868395763,-0.272457761916887,0.608805791455763,1.39623057354115,-0.225153241422874,0.857298689290212,-0.418668311108162,-1.24894737307562,-0.857617399011234,-0.89281164844924,-1.76497809609389,2.49120947550781,-0.461478611197963,0.12580277413947,-1.00342474445551,0.588309859105661,-0.122220586644017,0.447969712898293,0.386236749895924,0.33118045015715,-1.2622864627606,-0.147096704233376,-1.84672350558191,1.96254462394689,-1.23909391426367,0.589974045089397,1.12820158569628,-0.156765326940459,-0.125301122332549,-0.505156063767787,-0.695042750701377,-0.653352039932869,0.938251316274899,0.455418191918938,0.569090640689703,-0.154310946035306,0.321841490436272,-0.605294837733437,-0.0668196058032111,-0.486967353529942,1.147377608437,1.10967849583665,-1.24134452433028,0.478951602982348,1.45078180766504,-0.838800251286539,0.15359861738847,0.135435455873329,0.0292814149757065,1.87594967205309,-0.334660141096662,0.372976065918873,-1.95653732261493,-1.06848822565253,-1.34026072086164
1099778.14144887,1047845.53814279,-2.01172601681522,-1.43175064037462,0.653786107139248,0.325383853330083,-0.743676206047228,-0.240136220863255,0.169829563376374,-0.595045862146612,0.541821673139115,1.63375751922078,-0.654742905132411,-0.217028715924463,0.508298812942776,-0.759561075885034,0.521328570939203,1.36721217949785,1.96933888262435,1.10599326624608,0.743366813580724,-0.782248676361668,-0.128370781513073,0.822264330928152,-0.273276408082379,0.616449238635245,1.39772766764954,-0.211929195886524,0.838442721804491,-0.475122806385064,-1.22216711500284,-0.858058563338013,-0.902518572080569,-1.82349543516727,2.4941564659133,-0.47840354002747,0.142468878009475,-0.953103171773418,0.611973854438244,-0.151212968758018,0.445073817954762,0.34838502071079,0.342156591464727,-1.25100423304725,-0.214345690927779,-1.8774341237916,1.93692108468097,-1.23120681351769,0.529303267830161,1.13923468501698,-0.203282067309143,-0.102301195116737,-0.488713974647156,-0.699029195605799,-0.717926322154174,0.959383476336681,0.463824167304781,0.689954141834202,-0.182633999171287,0.344557070896056,-0.632785079221516,-0.0621749591320616,-0.528421609537652,1.14616894446702,1.09383516166238,-1.22019536262573,0.517069382791195,1.41633455960856,-0.80217977271353,0.114920290648624,0.112374825028845,0.0322156473968506,1.8464092556183,-0.378585637476227,0.387727746766703,-1.94539746652958,-1.04236378645969,-1.33152813286096
1107927.36636361,1047845.53814279,-1.98579466819159,-1.45290873474296,0.651812961864615,0.364326826874415,-0.742516332879097,-0.20970532730692,0.169036431270814,-0.541738084400736,0.536109801459653,1.63174537674861,-0.589091245046488,-0.224422367003808,0.458515142069204,-0.742961980799058,0.553529213031506,1.40253483704165,2.00498565349806,1.14126115259453,0.721733661179828,-0.747195237721212,-0.132341279601174,0.7677966581319,-0.27310261738369,0.624313332703323,1.3969921097439,-0.197449670988353,0.818529066488365,-0.531585068983819,-1.19514700415674,-0.858098815884344,-0.910368938197114,-1.88085673739818,2.49320798262715,-0.495306785356991,0.15961118920171,-0.901708359343503,0.633674141578761,-0.180763915938308,0.440974637961864,0.311095861984414,0.352686871836669,-1.23834328773049,-0.282495870666813,-1.90698398601843,1.90790036272174,-1.22233684770151,0.467745909519652,1.14830758914057,-0.252217824423005,-0.079164464221908,-0.472813773429076,-0.703152435915019,-0.782422990701216,0.979282224445854,0.472093621735578,0.807410090509381,-0.211866917737845,0.369322082069921,-0.66067751329465,-0.0562376643567194,-0.570560824278815,1.14306476656238,1.07653097635517,-1.19773092258477,0.554571392862867,1.38065530786106,-0.764943519565083,0.0743349211743243,0.0882492194412778,0.0349119977304239,1.82004029711222,-0.41447439013836,0.409587937381491,-1.92657945618626,-1.00725212766937,-1.31287533457487
1116076.59127834,1047845.53814279,-1.95899661178732,-1.46411536529342,0.657218789248494,0.401373026699109,-0.750281169407155,-0.176276255721987,0.146693562884909,-0.499254561299903,0.529027729289615,1.61916877675841,-0.528627700788406,-0.22525745634662,0.41404022782724,-0.726933584393502,0.579416390024099,1.44563819765929,2.02399377517184,1.16524634163686,0.700230381314974,-0.723961583103321,-0.147345262111451,0.715545070306561,-0.268114303680209,0.637527047446151,1.39660931313623,-0.167681819209267,0.793946379353461,-0.595991498281355,-1.18174986112151,-0.864467293037797,-0.931370525961594,-1.93842742651777,2.4858840293349,-0.52213527171775,0.195256446803314,-0.86167180912348,0.648006178549281,-0.207709461696859,0.436171452398727,0.291134219653063,0.373679356346419,-1.20836350370993,-0.353305957028419,-1.93632562816259,1.89001324555497,-1.2269787951365,0.40014926980241,1.15707254835775,-0.313852144002647,-0.0419768323350479,-0.453991427055095,-0.702796032487041,-0.83209914801643,0.998643539946466,0.485698341397624,0.890901862394005,-0.239667702167161,0.412893087230863,-0.689103668989616,-0.0248247147170784,-0.612539741335313,1.15309103033989,1.05846218280149,-1.17192631615133,0.585059559692401,1.34263147334632,-0.720978054862902,0.0288215806748568,0.0660643386524687,0.0470239945156294,1.77958976982758,-0.437098157012108,0.437714155227006,-1.89709882346323,-0.973556406540599,-1.29373062968965
1124225.81619307,1047845.53814279,-1.94014465732247,-1.44926502852546,0.678873256748177,0.42396298317948,-0.776074181804393,-0.144296622430321,0.0723088320525465,-0.497190432018631,0.522207487236494,1.5848226347752,-0.495149151735773,-0.207609404501574,0.392904204455378,-0.719110250218567,0.584842207974273,1.49988635302134,2.00111080170755,1.15833950737233,0.680938795075873,-0.741599307589837,-0.18863876428461,0.689044299628403,-0.251055010705371,0.663714380878377,1.40067988685529,-0.107846074348127,0.763650663973896,-0.667117924614845,-1.20919249890238,-0.884878076499878,-0.984107305494098,-1.9911742692328,2.46594076598906,-0.570300309820715,0.272078097827496,-0.863284169657829,0.642542300424859,-0.22098381741377,0.431875448935633,0.324537834407192,0.420976919883485,-1.1465837330984,-0.407004155208101,-1.96780352944746,1.90906267722464,-1.26811282765465,0.338486176151044,1.16655469402617,-0.395709230672093,0.0237541610298618,-0.435366844700306,-0.689780161899508,-0.829134109305616,1.01271391537116,0.497570642601135,0.865363914612479,-0.258198432995903,0.494839817912089,-0.711924430236381,0.0673559864202553,-0.642903512928679,1.19844079381034,1.04942697468939,-1.14482060533802,0.591058912584836,1.30974586102644,-0.675923395907566,-0.0142258652536991,0.0512553335829977,0.0776369353786183,1.71731743416694,-0.427258905478081,0.473787605721624,-1.85666500720295,-0.95362865538887,-1.27676093669773
1132375.04110781,1047845.53814279,-1.92171071517811,-1.42498291003123,0.703787037292965,0.440814332008561,-0.800816275376238,-0.116032141650496,-0.00549544587279857,-0.50451481018022,0.518436991011149,1.54966114921605,-0.472816372401133,-0.186276366654964,0.380639999421772,-0.711411163399257,0.582999537183621,1.55062626876157,1.96905727312536,1.14268769938209,0.659870589474415,-0.763784863975992,-0.230074192653845,0.673745371540685,-0.232322333288657,0.685431559122237,1.40554197312217,-0.0469637261026227,0.734609006243239,-0.727475625465131,-1.24286758442739,-0.905336393468751,-1.03671162510864,-2.02692405410551,2.44456338874397,-0.614849589654999,0.347923213054951,-0.873606575915016,0.628853207687932,-0.226608320632843,0.429684496934098,0.3681482519976,0.466328389406227,-1.08121248139877,-0.446508721223321,-1.99191412226115,1.93822578379927,-1.31088712902795,0.28729674360414,1.17595163133139,-0.471850539612509,0.0876850548381889,-0.419596102016675,-0.672009718919699,-0.808560997633309,1.02188746137137,0.508980496970625,0.804433038694744,-0.269419925357523,0.575391703187324,-0.728729606032882,0.163914239733992,-0.662506110542993,1.24811223202284,1.04186743147273,-1.11982007331459,0.58832319361902,1.2824913246416,-0.634354223197048,-0.0504056696342661,0.0443136947079166,0.110791621537119,1.64382122993155,-0.415061492474433,0.498537480085224,-1.81955285639671,-0.954066923746467,-1.28349842407544
1140524.26602254,1047845.53814279,NA,NA,NA,NA,NA,NA,NA,NA,NA,NA,NA,NA,NA,NA,NA,NA,NA,NA,NA,NA,NA,NA,NA,NA,NA,NA,NA,NA,NA,NA,NA,NA,NA,NA,NA,NA,NA,NA,NA,NA,NA,NA,NA,NA,NA,NA,NA,NA,NA,NA,NA,NA,NA,NA,NA,NA,NA,NA,NA,NA,NA,NA,NA,NA,NA,NA,NA,NA,NA,NA,NA,NA,NA,NA,NA,NA
1148673.49093727,1047845.53814279,NA,NA,NA,NA,NA,NA,NA,NA,NA,NA,NA,NA,NA,NA,NA,NA,NA,NA,NA,NA,NA,NA,NA,NA,NA,NA,NA,NA,NA,NA,NA,NA,NA,NA,NA,NA,NA,NA,NA,NA,NA,NA,NA,NA,NA,NA,NA,NA,NA,NA,NA,NA,NA,NA,NA,NA,NA,NA,NA,NA,NA,NA,NA,NA,NA,NA,NA,NA,NA,NA,NA,NA,NA,NA,NA,NA
1156822.71585201,1047845.53814279,NA,NA,NA,NA,NA,NA,NA,NA,NA,NA,NA,NA,NA,NA,NA,NA,NA,NA,NA,NA,NA,NA,NA,NA,NA,NA,NA,NA,NA,NA,NA,NA,NA,NA,NA,NA,NA,NA,NA,NA,NA,NA,NA,NA,NA,NA,NA,NA,NA,NA,NA,NA,NA,NA,NA,NA,NA,NA,NA,NA,NA,NA,NA,NA,NA,NA,NA,NA,NA,NA,NA,NA,NA,NA,NA,NA
1164971.94076674,1047845.53814279,NA,NA,NA,NA,NA,NA,NA,NA,NA,NA,NA,NA,NA,NA,NA,NA,NA,NA,NA,NA,NA,NA,NA,NA,NA,NA,NA,NA,NA,NA,NA,NA,NA,NA,NA,NA,NA,NA,NA,NA,NA,NA,NA,NA,NA,NA,NA,NA,NA,NA,NA,NA,NA,NA,NA,NA,NA,NA,NA,NA,NA,NA,NA,NA,NA,NA,NA,NA,NA,NA,NA,NA,NA,NA,NA,NA
1173121.16568148,1047845.53814279,NA,NA,NA,NA,NA,NA,NA,NA,NA,NA,NA,NA,NA,NA,NA,NA,NA,NA,NA,NA,NA,NA,NA,NA,NA,NA,NA,NA,NA,NA,NA,NA,NA,NA,NA,NA,NA,NA,NA,NA,NA,NA,NA,NA,NA,NA,NA,NA,NA,NA,NA,NA,NA,NA,NA,NA,NA,NA,NA,NA,NA,NA,NA,NA,NA,NA,NA,NA,NA,NA,NA,NA,NA,NA,NA,NA
1181270.39059621,1047845.53814279,NA,NA,NA,NA,NA,NA,NA,NA,NA,NA,NA,NA,NA,NA,NA,NA,NA,NA,NA,NA,NA,NA,NA,NA,NA,NA,NA,NA,NA,NA,NA,NA,NA,NA,NA,NA,NA,NA,NA,NA,NA,NA,NA,NA,NA,NA,NA,NA,NA,NA,NA,NA,NA,NA,NA,NA,NA,NA,NA,NA,NA,NA,NA,NA,NA,NA,NA,NA,NA,NA,NA,NA,NA,NA,NA,NA
1189419.61551094,1047845.53814279,NA,NA,NA,NA,NA,NA,NA,NA,NA,NA,NA,NA,NA,NA,NA,NA,NA,NA,NA,NA,NA,NA,NA,NA,NA,NA,NA,NA,NA,NA,NA,NA,NA,NA,NA,NA,NA,NA,NA,NA,NA,NA,NA,NA,NA,NA,NA,NA,NA,NA,NA,NA,NA,NA,NA,NA,NA,NA,NA,NA,NA,NA,NA,NA,NA,NA,NA,NA,NA,NA,NA,NA,NA,NA,NA,NA
1197568.84042568,1047845.53814279,NA,NA,NA,NA,NA,NA,NA,NA,NA,NA,NA,NA,NA,NA,NA,NA,NA,NA,NA,NA,NA,NA,NA,NA,NA,NA,NA,NA,NA,NA,NA,NA,NA,NA,NA,NA,NA,NA,NA,NA,NA,NA,NA,NA,NA,NA,NA,NA,NA,NA,NA,NA,NA,NA,NA,NA,NA,NA,NA,NA,NA,NA,NA,NA,NA,NA,NA,NA,NA,NA,NA,NA,NA,NA,NA,NA
1205718.06534041,1047845.53814279,NA,NA,NA,NA,NA,NA,NA,NA,NA,NA,NA,NA,NA,NA,NA,NA,NA,NA,NA,NA,NA,NA,NA,NA,NA,NA,NA,NA,NA,NA,NA,NA,NA,NA,NA,NA,NA,NA,NA,NA,NA,NA,NA,NA,NA,NA,NA,NA,NA,NA,NA,NA,NA,NA,NA,NA,NA,NA,NA,NA,NA,NA,NA,NA,NA,NA,NA,NA,NA,NA,NA,NA,NA,NA,NA,NA
1213867.29025514,1047845.53814279,NA,NA,NA,NA,NA,NA,NA,NA,NA,NA,NA,NA,NA,NA,NA,NA,NA,NA,NA,NA,NA,NA,NA,NA,NA,NA,NA,NA,NA,NA,NA,NA,NA,NA,NA,NA,NA,NA,NA,NA,NA,NA,NA,NA,NA,NA,NA,NA,NA,NA,NA,NA,NA,NA,NA,NA,NA,NA,NA,NA,NA,NA,NA,NA,NA,NA,NA,NA,NA,NA,NA,NA,NA,NA,NA,NA
1222016.51516988,1047845.53814279,NA,NA,NA,NA,NA,NA,NA,NA,NA,NA,NA,NA,NA,NA,NA,NA,NA,NA,NA,NA,NA,NA,NA,NA,NA,NA,NA,NA,NA,NA,NA,NA,NA,NA,NA,NA,NA,NA,NA,NA,NA,NA,NA,NA,NA,NA,NA,NA,NA,NA,NA,NA,NA,NA,NA,NA,NA,NA,NA,NA,NA,NA,NA,NA,NA,NA,NA,NA,NA,NA,NA,NA,NA,NA,NA,NA
879749.068751066,1039696.31322806,NA,NA,NA,NA,NA,NA,NA,NA,NA,NA,NA,NA,NA,NA,NA,NA,NA,NA,NA,NA,NA,NA,NA,NA,NA,NA,NA,NA,NA,NA,NA,NA,NA,NA,NA,NA,NA,NA,NA,NA,NA,NA,NA,NA,NA,NA,NA,NA,NA,NA,NA,NA,NA,NA,NA,NA,NA,NA,NA,NA,NA,NA,NA,NA,NA,NA,NA,NA,NA,NA,NA,NA,NA,NA,NA,NA
887898.2936658,1039696.31322806,NA,NA,NA,NA,NA,NA,NA,NA,NA,NA,NA,NA,NA,NA,NA,NA,NA,NA,NA,NA,NA,NA,NA,NA,NA,NA,NA,NA,NA,NA,NA,NA,NA,NA,NA,NA,NA,NA,NA,NA,NA,NA,NA,NA,NA,NA,NA,NA,NA,NA,NA,NA,NA,NA,NA,NA,NA,NA,NA,NA,NA,NA,NA,NA,NA,NA,NA,NA,NA,NA,NA,NA,NA,NA,NA,NA
896047.518580533,1039696.31322806,NA,NA,NA,NA,NA,NA,NA,NA,NA,NA,NA,NA,NA,NA,NA,NA,NA,NA,NA,NA,NA,NA,NA,NA,NA,NA,NA,NA,NA,NA,NA,NA,NA,NA,NA,NA,NA,NA,NA,NA,NA,NA,NA,NA,NA,NA,NA,NA,NA,NA,NA,NA,NA,NA,NA,NA,NA,NA,NA,NA,NA,NA,NA,NA,NA,NA,NA,NA,NA,NA,NA,NA,NA,NA,NA,NA
904196.743495267,1039696.31322806,NA,NA,NA,NA,NA,NA,NA,NA,NA,NA,NA,NA,NA,NA,NA,NA,NA,NA,NA,NA,NA,NA,NA,NA,NA,NA,NA,NA,NA,NA,NA,NA,NA,NA,NA,NA,NA,NA,NA,NA,NA,NA,NA,NA,NA,NA,NA,NA,NA,NA,NA,NA,NA,NA,NA,NA,NA,NA,NA,NA,NA,NA,NA,NA,NA,NA,NA,NA,NA,NA,NA,NA,NA,NA,NA,NA
912345.96841,1039696.31322806,NA,NA,NA,NA,NA,NA,NA,NA,NA,NA,NA,NA,NA,NA,NA,NA,NA,NA,NA,NA,NA,NA,NA,NA,NA,NA,NA,NA,NA,NA,NA,NA,NA,NA,NA,NA,NA,NA,NA,NA,NA,NA,NA,NA,NA,NA,NA,NA,NA,NA,NA,NA,NA,NA,NA,NA,NA,NA,NA,NA,NA,NA,NA,NA,NA,NA,NA,NA,NA,NA,NA,NA,NA,NA,NA,NA
920495.193324734,1039696.31322806,NA,NA,NA,NA,NA,NA,NA,NA,NA,NA,NA,NA,NA,NA,NA,NA,NA,NA,NA,NA,NA,NA,NA,NA,NA,NA,NA,NA,NA,NA,NA,NA,NA,NA,NA,NA,NA,NA,NA,NA,NA,NA,NA,NA,NA,NA,NA,NA,NA,NA,NA,NA,NA,NA,NA,NA,NA,NA,NA,NA,NA,NA,NA,NA,NA,NA,NA,NA,NA,NA,NA,NA,NA,NA,NA,NA
928644.418239468,1039696.31322806,NA,NA,NA,NA,NA,NA,NA,NA,NA,NA,NA,NA,NA,NA,NA,NA,NA,NA,NA,NA,NA,NA,NA,NA,NA,NA,NA,NA,NA,NA,NA,NA,NA,NA,NA,NA,NA,NA,NA,NA,NA,NA,NA,NA,NA,NA,NA,NA,NA,NA,NA,NA,NA,NA,NA,NA,NA,NA,NA,NA,NA,NA,NA,NA,NA,NA,NA,NA,NA,NA,NA,NA,NA,NA,NA,NA
936793.643154201,1039696.31322806,NA,NA,NA,NA,NA,NA,NA,NA,NA,NA,NA,NA,NA,NA,NA,NA,NA,NA,NA,NA,NA,NA,NA,NA,NA,NA,NA,NA,NA,NA,NA,NA,NA,NA,NA,NA,NA,NA,NA,NA,NA,NA,NA,NA,NA,NA,NA,NA,NA,NA,NA,NA,NA,NA,NA,NA,NA,NA,NA,NA,NA,NA,NA,NA,NA,NA,NA,NA,NA,NA,NA,NA,NA,NA,NA,NA
944942.868068935,1039696.31322806,NA,NA,NA,NA,NA,NA,NA,NA,NA,NA,NA,NA,NA,NA,NA,NA,NA,NA,NA,NA,NA,NA,NA,NA,NA,NA,NA,NA,NA,NA,NA,NA,NA,NA,NA,NA,NA,NA,NA,NA,NA,NA,NA,NA,NA,NA,NA,NA,NA,NA,NA,NA,NA,NA,NA,NA,NA,NA,NA,NA,NA,NA,NA,NA,NA,NA,NA,NA,NA,NA,NA,NA,NA,NA,NA,NA
953092.092983668,1039696.31322806,NA,NA,NA,NA,NA,NA,NA,NA,NA,NA,NA,NA,NA,NA,NA,NA,NA,NA,NA,NA,NA,NA,NA,NA,NA,NA,NA,NA,NA,NA,NA,NA,NA,NA,NA,NA,NA,NA,NA,NA,NA,NA,NA,NA,NA,NA,NA,NA,NA,NA,NA,NA,NA,NA,NA,NA,NA,NA,NA,NA,NA,NA,NA,NA,NA,NA,NA,NA,NA,NA,NA,NA,NA,NA,NA,NA
961241.317898402,1039696.31322806,NA,NA,NA,NA,NA,NA,NA,NA,NA,NA,NA,NA,NA,NA,NA,NA,NA,NA,NA,NA,NA,NA,NA,NA,NA,NA,NA,NA,NA,NA,NA,NA,NA,NA,NA,NA,NA,NA,NA,NA,NA,NA,NA,NA,NA,NA,NA,NA,NA,NA,NA,NA,NA,NA,NA,NA,NA,NA,NA,NA,NA,NA,NA,NA,NA,NA,NA,NA,NA,NA,NA,NA,NA,NA,NA,NA
969390.542813136,1039696.31322806,NA,NA,NA,NA,NA,NA,NA,NA,NA,NA,NA,NA,NA,NA,NA,NA,NA,NA,NA,NA,NA,NA,NA,NA,NA,NA,NA,NA,NA,NA,NA,NA,NA,NA,NA,NA,NA,NA,NA,NA,NA,NA,NA,NA,NA,NA,NA,NA,NA,NA,NA,NA,NA,NA,NA,NA,NA,NA,NA,NA,NA,NA,NA,NA,NA,NA,NA,NA,NA,NA,NA,NA,NA,NA,NA,NA
977539.767727869,1039696.31322806,NA,NA,NA,NA,NA,NA,NA,NA,NA,NA,NA,NA,NA,NA,NA,NA,NA,NA,NA,NA,NA,NA,NA,NA,NA,NA,NA,NA,NA,NA,NA,NA,NA,NA,NA,NA,NA,NA,NA,NA,NA,NA,NA,NA,NA,NA,NA,NA,NA,NA,NA,NA,NA,NA,NA,NA,NA,NA,NA,NA,NA,NA,NA,NA,NA,NA,NA,NA,NA,NA,NA,NA,NA,NA,NA,NA
985688.992642603,1039696.31322806,NA,NA,NA,NA,NA,NA,NA,NA,NA,NA,NA,NA,NA,NA,NA,NA,NA,NA,NA,NA,NA,NA,NA,NA,NA,NA,NA,NA,NA,NA,NA,NA,NA,NA,NA,NA,NA,NA,NA,NA,NA,NA,NA,NA,NA,NA,NA,NA,NA,NA,NA,NA,NA,NA,NA,NA,NA,NA,NA,NA,NA,NA,NA,NA,NA,NA,NA,NA,NA,NA,NA,NA,NA,NA,NA,NA
993838.217557336,1039696.31322806,-2.30694380507779,-1.59975841793738,0.296380844484597,-0.202012658193334,-0.656496131857689,-0.745535719032734,-0.140346621470272,-1.79479672905059,0.389646713946555,1.10202513527071,-0.950382619915109,0.213053460279076,1.82059777271489,-1.11183302843577,-0.114093427481176,0.650766357020621,1.46728211914564,0.640433774291147,1.38484274775407,-1.27231948214593,-0.578573030671006,1.0395761754146,0.361585003517638,1.22506889083367,0.964768532197512,0.0233368815815561,1.02837709519283,-0.0804792025412195,-1.55335524229182,-0.955651503306804,-0.488521183066795,-0.869926453900253,1.87837889181983,-0.414823687078021,0.388433914581538,-1.07350786480502,0.474664319839199,0.214804777799678,0.335787457899646,1.0955477731443,0.487532743873953,-1.1783543631827,0.561056970914631,-1.77699936193439,1.27347693897677,-1.21561623399293,1.50145006579996,0.803583354944385,-0.164602881458349,-0.306333473864863,-0.869886068973639,-0.493374448201579,-0.25296653434236,0.53046987347071,0.131828954054562,0.0860053214690863,0.0175404240565898,0.714547234635211,-0.443031220537803,-0.0582321464402391,0.0304850388739453,0.865321953696178,1.40109363063055,-1.37559153952018,0.334987767727624,1.65247714908593,-0.886451952340985,0.369921267474747,0.109568046903428,0.203310968193697,2.07894478304858,0.14309654260689,0.165352128235892,-2.09187017354865,-1.1916596378705,-0.976654856280703
1001987.44247207,1039696.31322806,-2.27982781570544,-1.61449088307857,0.330277876405087,-0.156056546687722,-0.647746026611216,-0.7168936020398,-0.11960982527522,-1.72122682843946,0.354898631973575,1.1773426470692,-0.955204359474434,0.149126230165763,1.71287286937252,-1.1065176060436,-0.0547424432156881,0.720999599940779,1.5672204955913,0.658557502206362,1.32134363741508,-1.21618102454952,-0.537445061861885,1.05684266246229,0.309317221652814,1.16677548152158,1.01757157874074,-0.00859421241208073,1.02696761006597,-0.0792406171753315,-1.49615525337636,-0.935027760043767,-0.514057957521171,-0.916308845342301,1.94192035552096,-0.433204092081071,0.360846541878107,-1.01915190354104,0.436603153782575,0.170662452309623,0.323243408153206,1.04057272400517,0.442167347617406,-1.2072480347355,0.509190354156002,-1.77059100393945,1.36729246032531,-1.21906276485899,1.4585285089402,0.848138073558546,-0.208942093176487,-0.281746535440752,-0.870281312223727,-0.543950818757371,-0.286011483572193,0.545389493200282,0.168381821590979,0.129097190780535,-0.0209054119617526,0.691578566604196,-0.477257334744808,-0.044427486831027,-0.0170581422972348,0.871642793207666,1.3740044941351,-1.34282854709939,0.391234125454683,1.6892246697627,-0.908841277341639,0.332126385725835,0.0925532239909203,0.175681994481151,2.08736125190389,0.121963074936329,0.193382004582516,-2.09263509091147,-1.19154644870309,-1.010221307303
1010136.6673868,1039696.31322806,-2.25725623464282,-1.60980790511919,0.369018203541048,-0.118733622409761,-0.636855253231988,-0.677076130281538,-0.116040206914754,-1.66128437527501,0.327682375708082,1.21827380351723,-0.947266240534466,0.0970755602847703,1.60358950461256,-1.09473091554149,-0.00583062402191023,0.786634434170917,1.63983819387228,0.668359845691815,1.2585904905574,-1.16976403517431,-0.504370904504558,1.07579206758636,0.275614103594538,1.11807971534517,1.07637894020632,-0.0362690904609148,1.02117293810641,-0.0838109967246374,-1.44261808090561,-0.910520890784712,-0.551210008534211,-0.989939997018816,2.00602067387315,-0.440618539023937,0.348490533243165,-0.967595981103551,0.406127117202415,0.132774175868511,0.310583024130486,1.01324550811289,0.40891074876028,-1.22816684886087,0.446990319841604,-1.74975794141531,1.44960413274282,-1.23337098716763,1.41589534376956,0.884667481685143,-0.266798415480344,-0.243207730354633,-0.870309628536991,-0.584580694771588,-0.312301136088929,0.564208755885635,0.204003745945069,0.168507364415181,-0.0634174985297252,0.669692744016021,-0.504026894664985,-0.0141716568490122,-0.0804698378392873,0.89139227568961,1.35928031303902,-1.30638505230634,0.437925672214823,1.70612485373262,-0.931926014382284,0.287854361578684,0.0593042086052129,0.1474431304345,2.07809303604263,0.113556454845092,0.224108312527314,-2.09056602154926,-1.19414176719405,-1.01370510495378
1018285.89230154,1039696.31322806,-2.22986894867403,-1.60060940539035,0.410979654175451,-0.0779062526832601,-0.62300926027623,-0.631403494406426,-0.112755908438553,-1.5943749723432,0.299670834039609,1.25748345738943,-0.93583291168419,0.0423903634030915,1.4805645491068,-1.07937408580792,0.0465534266185139,0.855452484761162,1.71275792410871,0.678881274505881,1.18823252844696,-1.12011017070667,-0.46811307610793,1.09504162839839,0.239481549767346,1.06415454948421,1.13840220062595,-0.0647934681079508,1.01353873434988,-0.0888648748859339,-1.38506742846985,-0.882185771468845,-0.591010119747874,-1.07347282798269,2.07226883353301,-0.44586753048464,0.336621175180611,-0.913213137451556,0.373875574482635,0.092816832485394,0.297801344326036,0.984558054384129,0.374199292259864,-1.2474642056764,0.378801695904584,-1.72471484272386,1.53404384555529,-1.24654207671643,1.36665599076453,0.92199576224252,-0.328975832002558,-0.200412777659174,-0.867896755894559,-0.626569313295583,-0.339982887484435,0.585668394807127,0.241417395308375,0.210657450919254,-0.108526896419967,0.646491717225994,-0.531130490392979,0.0202671746495023,-0.151219710027941,0.913635242027041,1.34271991247016,-1.26520822802275,0.486315063175619,1.72026563591926,-0.955288721500197,0.24014839997964,0.0220267067987547,0.116385904103735,2.06193278485711,0.101634561326761,0.256525134341159,-2.08763765941537,-1.19595606850131,-1.01641545702721
1026435.11721627,1039696.31322806,NA,NA,NA,NA,NA,NA,NA,NA,NA,NA,NA,NA,NA,NA,NA,NA,NA,NA,NA,NA,NA,NA,NA,NA,NA,NA,NA,NA,NA,NA,NA,NA,NA,NA,NA,NA,NA,NA,NA,NA,NA,NA,NA,NA,NA,NA,NA,NA,NA,NA,NA,NA,NA,NA,NA,NA,NA,NA,NA,NA,NA,NA,NA,NA,NA,NA,NA,NA,NA,NA,NA,NA,NA,NA,NA,NA
1034584.342131,1039696.31322806,NA,NA,NA,NA,NA,NA,NA,NA,NA,NA,NA,NA,NA,NA,NA,NA,NA,NA,NA,NA,NA,NA,NA,NA,NA,NA,NA,NA,NA,NA,NA,NA,NA,NA,NA,NA,NA,NA,NA,NA,NA,NA,NA,NA,NA,NA,NA,NA,NA,NA,NA,NA,NA,NA,NA,NA,NA,NA,NA,NA,NA,NA,NA,NA,NA,NA,NA,NA,NA,NA,NA,NA,NA,NA,NA,NA
1042733.56704574,1039696.31322806,NA,NA,NA,NA,NA,NA,NA,NA,NA,NA,NA,NA,NA,NA,NA,NA,NA,NA,NA,NA,NA,NA,NA,NA,NA,NA,NA,NA,NA,NA,NA,NA,NA,NA,NA,NA,NA,NA,NA,NA,NA,NA,NA,NA,NA,NA,NA,NA,NA,NA,NA,NA,NA,NA,NA,NA,NA,NA,NA,NA,NA,NA,NA,NA,NA,NA,NA,NA,NA,NA,NA,NA,NA,NA,NA,NA
1050882.79196047,1039696.31322806,NA,NA,NA,NA,NA,NA,NA,NA,NA,NA,NA,NA,NA,NA,NA,NA,NA,NA,NA,NA,NA,NA,NA,NA,NA,NA,NA,NA,NA,NA,NA,NA,NA,NA,NA,NA,NA,NA,NA,NA,NA,NA,NA,NA,NA,NA,NA,NA,NA,NA,NA,NA,NA,NA,NA,NA,NA,NA,NA,NA,NA,NA,NA,NA,NA,NA,NA,NA,NA,NA,NA,NA,NA,NA,NA,NA
1059032.01687521,1039696.31322806,NA,NA,NA,NA,NA,NA,NA,NA,NA,NA,NA,NA,NA,NA,NA,NA,NA,NA,NA,NA,NA,NA,NA,NA,NA,NA,NA,NA,NA,NA,NA,NA,NA,NA,NA,NA,NA,NA,NA,NA,NA,NA,NA,NA,NA,NA,NA,NA,NA,NA,NA,NA,NA,NA,NA,NA,NA,NA,NA,NA,NA,NA,NA,NA,NA,NA,NA,NA,NA,NA,NA,NA,NA,NA,NA,NA
1067181.24178994,1039696.31322806,-2.11343699668268,-1.5028115950341,0.580128153754693,0.223591001387598,-0.618730188892447,-0.330473774285076,0.000292308242801007,-0.876794834572505,0.471871510133658,1.49758117462135,-0.855049101964318,-0.0951879661192013,0.778965683503164,-0.910156957855405,0.315801123955841,1.15304435947836,1.88873035224626,0.91202131928534,0.956301093763578,-0.957937771747776,-0.251534087130502,1.08172241201698,-0.14675324755915,0.743977486146824,1.33145750165961,-0.151382430345545,0.908055997016329,-0.230839293298098,-1.31395895315973,-0.832786673914094,-0.724841916493631,-1.63831969103526,2.36244347092638,-0.409506539043879,0.199973341874858,-1.00759272552196,0.463690743475041,-0.105608531723798,0.345556684617778,0.619672711283054,0.267297706990605,-1.31626542328653,0.0722908031496496,-1.80648866548187,1.89044821185331,-1.22879535200595,0.869647847096328,1.07761981263495,-0.259410518531972,-0.130809824164966,-0.666299149512018,-0.724229439600333,-0.465594497612442,0.833759058172205,0.34147938452774,0.430103136062715,-0.147020682489673,0.515148649331816,-0.60646097808254,0.0370656884206535,-0.431959604176163,1.07941096803003,1.15055756360978,-1.19921208821604,0.514689228610565,1.61946637149208,-0.95695799846448,0.198305703368905,0.0468090037267046,-0.0310323179574769,1.98121473317835,-0.224180405961334,0.369928492312002,-2.05178109711979,-1.0902478635312,-1.23903973263051
1075330.46670467,1039696.31322806,-2.05098948088834,-1.47018353459993,0.585185563697011,0.271018615324778,-0.675345276406448,-0.288541231079449,0.0530869426317352,-0.767449161078088,0.51059968552273,1.54758582789791,-0.823294193644343,-0.135325841673908,0.702638979363928,-0.857498868307554,0.35671741214981,1.1987878238674,1.93123289562154,0.955819392304153,0.879278575739958,-0.909266347606947,-0.207546008441809,1.05693026877374,-0.185314372074327,0.700500181509615,1.36246772312953,-0.181497328821235,0.891338122809919,-0.292105090168624,-1.27936051334435,-0.827999713747814,-0.78980800206862,-1.70963466344414,2.41772921176591,-0.4271405140196,0.174662544122003,-1.0295944878931,0.50112948586044,-0.129024743618387,0.359519175937928,0.54513535469639,0.256397929724695,-1.30641375504929,-0.00408439262220671,-1.81317176208652,1.93956925045965,-1.2288818161133,0.788308320735923,1.10612967655334,-0.215149801888723,-0.123960083975451,-0.62574953861129,-0.722393656940051,-0.522276297049281,0.840276443249173,0.364936057604429,0.436775738353363,-0.139101381880225,0.419901427199255,-0.610703243182782,-0.0110017887330208,-0.453712498495283,1.10346305364233,1.11535006395884,-1.19670675017446,0.525406370212353,1.57970790806832,-0.916933480549155,0.20416342887644,0.0536305597222113,-0.0120996612300955,1.95906074550004,-0.290348348552022,0.374548099551722,-1.99871596302965,-1.07827353906067,-1.25428873203206
1083479.69161941,1039696.31322806,-1.98762367934007,-1.44132311688153,0.58985246723151,0.320577033547046,-0.727048898040624,-0.244420216256866,0.101736359342458,-0.659334216394576,0.545272558696731,1.59175356813598,-0.782758923546073,-0.173129443698863,0.62420272880907,-0.806022463334237,0.398885001673205,1.24524270357547,1.97338880645645,1.00012046225592,0.804087867984871,-0.857776615036773,-0.167088594544784,1.02560027344438,-0.220586425862525,0.660183183913861,1.39009001742691,-0.206708076474916,0.872973928321933,-0.355491588810692,-1.24134210552884,-0.821685946231816,-0.85014892718752,-1.78026370535389,2.46624500369631,-0.444721944232673,0.153925802792408,-1.03987412455561,0.538406189558886,-0.154513966690433,0.371498901506318,0.469651619966163,0.247357413214333,-1.29353232743977,-0.0844288710304809,-1.81898740701354,1.97883356120076,-1.22494669213729,0.702979423117082,1.13304170519662,-0.180601649590868,-0.113652538250457,-0.584801494039691,-0.720317096959751,-0.582914945224701,0.848943977640606,0.389989058958737,0.462412088024087,-0.134806003938245,0.332876581817882,-0.617061723034012,-0.0554825618585968,-0.478606087352158,1.12397798240035,1.07880377745603,-1.18847555765815,0.541685030368881,1.53678173240002,-0.872132885482194,0.204108975710564,0.0573949468864109,0.00680806136224311,1.92551424929022,-0.361490822015219,0.374010538622873,-1.95409608932827,-1.06969119889472,-1.25942840407204
1091628.91653414,1039696.31322806,-1.94390869229668,-1.44397513602625,0.595356658413179,0.370031429513413,-0.753549014432157,-0.204415711556792,0.125595971458228,-0.571993218453658,0.55905955089578,1.6138569391837,-0.723529926976796,-0.197302308651251,0.55835598984196,-0.773661644689034,0.438823373124519,1.29146788867899,2.01531320261643,1.04091523360437,0.758959588044018,-0.811006484880791,-0.150641940933751,0.978297489962778,-0.24008721094938,0.640260527565013,1.40580310573285,-0.212622964159092,0.854461300968819,-0.416890056857519,-1.2064506907802,-0.820350844773487,-0.884203223715254,-1.84138026984812,2.49408698889844,-0.463736395767834,0.15333914263594,-1.01122802582399,0.568605547669132,-0.186739314009616,0.372320491051321,0.408783755367362,0.245468572592704,-1.28280643118202,-0.163002389794661,-1.83427797675023,1.98230552764705,-1.21689825510327,0.62447760742288,1.15275834783106,-0.19292355876506,-0.0962267037100025,-0.555086196751333,-0.727063156845282,-0.652259295644312,0.86694957701397,0.417877601829992,0.556090088261568,-0.148514190006191,0.301246954466792,-0.638078355926313,-0.0793964390138888,-0.516968270223883,1.13087218373276,1.04705063771098,-1.16917653560011,0.577383318819787,1.49773812269458,-0.824565208833896,0.178844558122328,0.0459467274928009,0.0185616550536928,1.88996179508443,-0.424452408225685,0.379690896359087,-1.93103544801071,-1.05451129315489,-1.25253358646727
1099778.14144887,1039696.31322806,-1.91539618117677,-1.46529372889424,0.600047700105942,0.413852680664043,-0.759944237501565,-0.172140472490845,0.129948396499322,-0.50690199428837,0.558710847566195,1.61952967983419,-0.659671275507881,-0.210279410176447,0.509223269425455,-0.754801927447665,0.472960450855171,1.33221303190687,2.0510437045935,1.07242625516653,0.741363348691046,-0.772675752448115,-0.15399510315309,0.92436720241916,-0.246143408972958,0.631210187259465,1.41067380770077,-0.206057972492345,0.836246284395067,-0.473030799020969,-1.17714229393488,-0.822083661658913,-0.896626427151082,-1.8842225205655,2.50296612135126,-0.482894341789933,0.166014444687294,-0.95767882801969,0.593771493354292,-0.220034374508901,0.364455728010044,0.363998964900481,0.24894722782257,-1.2755358878647,-0.23173112788692,-1.85247844681682,1.95887972603841,-1.20845773585189,0.559353174035184,1.16451344055344,-0.237405566906782,-0.0745023752243813,-0.536507603968975,-0.738570974150253,-0.718840589305471,0.887619405640403,0.445611402496292,0.682576332034512,-0.170741162731509,0.309770983823865,-0.665085669581578,-0.087295485975786,-0.558684770405934,1.12772623866341,1.02068190494172,-1.14141154398031,0.622445138981269,1.46202077925589,-0.780184154663971,0.136768527524813,0.0260205723438945,0.0245668774107824,1.85881667658911,-0.469551654858392,0.394561005530006,-1.91744299066738,-1.02818940467414,-1.24367818550215
1107927.36636361,1039696.31322806,-1.88605151299604,-1.48582435823152,0.604584000344265,0.455958730435418,-0.764176487229436,-0.140710522893867,0.132497678765693,-0.444979690963949,0.557348495500289,1.62269671918519,-0.597502724595883,-0.221971798367292,0.460901300482812,-0.736708089886837,0.505219437930854,1.37052922518544,2.08303754643462,1.10052563263684,0.724980874835114,-0.735539820047638,-0.158786347283074,0.870280826483263,-0.250751723404452,0.621436432211496,1.41390326854478,-0.198741700348536,0.817369279355974,-0.528413481479486,-1.14811962788243,-0.822947239314556,-0.90701449398867,-1.92362338727941,2.50815939347512,-0.501778226396811,0.179797419732856,-0.904088549503892,0.617277357151138,-0.252967020337521,0.355600099512358,0.320789732069437,0.252739215354948,-1.26736706423365,-0.29912714657056,-1.86852394955368,1.93293311377047,-1.19927286050138,0.494761348241513,1.17479366865644,-0.283808473660388,-0.0522352369066282,-0.518546250272162,-0.749657460402346,-0.783930535180084,0.906848038180128,0.472220609470746,0.801521290240914,-0.19259324652401,0.320141546327683,-0.69134692326642,-0.0931573191836156,-0.599529195166598,1.12356907215636,0.993578337520377,-1.11162543059658,0.66664108431149,1.42550883279717,-0.736332941227838,0.0938454737002721,0.00573244187402671,0.0304489934372523,1.82503919464515,-0.50274513842224,0.413416566038368,-1.89748977731355,-0.995554432064874,-1.23367929080593
1116076.59127834,1039696.31322806,-1.85828976688383,-1.49540544981161,0.616766923972553,0.493583458292061,-0.775487733307924,-0.108178334094594,0.115002426063782,-0.397785792328973,0.556232343463898,1.61793715413243,-0.542403139472563,-0.22788769217995,0.415869082245401,-0.718999299285906,0.529438290109465,1.41893125549824,2.09976091190865,1.11812873499171,0.702975990333239,-0.712221032863394,-0.174476052737088,0.818377772857554,-0.251179286599804,0.613611750110835,1.42017041655091,-0.175302619684764,0.793389167311724,-0.592267889533857,-1.13714479102404,-0.831506490386228,-0.931354280752144,-1.96183033370342,2.50778086849328,-0.52955245631115,0.212347944313097,-0.863152897465128,0.631939299639467,-0.279241602005893,0.347342347108459,0.295867982124792,0.270467572454279,-1.23948668998958,-0.364423581865479,-1.88979353107796,1.92241712517406,-1.20532564582913,0.423935799379578,1.1865228049308,-0.342846635832591,-0.0158144080492691,-0.499507884383478,-0.752138358969995,-0.830185815998641,0.924760546927573,0.497570509454059,0.874077417449926,-0.210780862954505,0.349483896033822,-0.718354411314262,-0.0690760223556029,-0.636038132743127,1.1360595124001,0.967979965615319,-1.07970192541054,0.700179556398039,1.3868296208807,-0.687392130327084,0.047382513060979,-0.00799370604507119,0.0477439318542795,1.7729463188067,-0.513966004722073,0.439014086280487,-1.86576742055729,-0.966863860547223,-1.23356556558984
1124225.81619307,1039696.31322806,-1.83932813037459,-1.48438654053944,0.640756002344125,0.517192200401713,-0.799673450136654,-0.0776944716906232,0.0575698905018618,-0.385913308685143,0.554791960166624,1.5973347926057,-0.507234619677411,-0.220697133445881,0.385373859212609,-0.706848257198402,0.536159908677313,1.479734212995,2.08563718766764,1.11490581868356,0.67716046218859,-0.722113172446208,-0.2105360092784,0.780747495536785,-0.242572304900465,0.61635619156156,1.43194007729045,-0.124229665411333,0.763981916265111,-0.665104917447358,-1.16365142354852,-0.853500083603985,-0.981131317104304,-1.99872880244094,2.49652500223574,-0.573182769592901,0.278263071071151,-0.8536828932727,0.630655388664263,-0.289210693958145,0.341084310271803,0.312698041169213,0.315943756641982,-1.18088298685324,-0.414744060624444,-1.92121445271852,1.94252949524342,-1.24237801335999,0.352638649172475,1.19940682022818,-0.419732799736196,0.0439889154074628,-0.480800758511852,-0.738768411002407,-0.831681883539244,0.939320936542838,0.514138535780023,0.856330709151099,-0.220807989106173,0.412617844777142,-0.742866083957724,0.00927568592797963,-0.660255241699105,1.1792797215272,0.952390957014687,-1.04826220512154,0.710146790618238,1.35053746297133,-0.637672156942698,0.00181201900755556,-0.0102444181789003,0.0831143300469324,1.70246979053378,-0.498734212005415,0.471996070553986,-1.82594516892699,-0.953359075468862,-1.24032687006841
1132375.04110781,1039696.31322806,-1.82366373069817,-1.46317433452687,0.666653436330824,0.53147385909428,-0.824349703961201,-0.0511328276504497,-0.00949959323259528,-0.390788707480112,0.553929975877724,1.57206633179888,-0.483920574038971,-0.208300289753897,0.36410796513641,-0.696552037575255,0.532955533773566,1.53851753008504,2.05924240642696,1.10321397500166,0.649050278138048,-0.742828284164013,-0.249661125847937,0.752870817233497,-0.230281047504228,0.621830365520521,1.44479252957485,-0.065683167465118,0.735069225288103,-0.731426613357182,-1.20393383619853,-0.878016894540478,-1.03383451983248,-2.02596859928072,2.4797971981714,-0.615583590382813,0.349329006285526,-0.856837092649652,0.6204109855021,-0.287260182804152,0.337352659179536,0.345740776852488,0.367727453380883,-1.11303621258347,-0.449445864919358,-1.95269850548136,1.97437026167737,-1.28664488403609,0.289021992420332,1.21134709464351,-0.494957284612535,0.10632734072285,-0.464625120283504,-0.716451376993398,-0.809351904273902,0.94946447463456,0.522882194458602,0.79527283583423,-0.22407753050945,0.48258740572955,-0.76275070872355,0.102197506859344,-0.67243938567743,1.23077551801876,0.94248329353402,-1.01982965047126,0.706235523593212,1.31942041279988,-0.592739060945905,-0.0371758086099639,-0.00334755050801695,0.123603878837782,1.62803206089065,-0.484726818252591,0.497936065729675,-1.79176872385838,-0.957600634123609,-1.25671522128126
1140524.26602254,1039696.31322806,-1.80645382543516,-1.44175635030599,0.690391621084558,0.544873011228413,-0.844516461155677,-0.0252478234010356,-0.0734669676665679,-0.394860360871015,0.552061565817365,1.54669361097554,-0.460678251308574,-0.195991383014215,0.346421635336936,-0.68543917904927,0.528813120917882,1.59158123116938,2.03251261329301,1.09356934166894,0.625121765527052,-0.763013384786662,-0.284697658563169,0.725955482164598,-0.217173864778875,0.626898131177419,1.45646532127956,-0.0122437936929696,0.707531444480226,-0.793181907938011,-1.2411190999047,-0.899232597699545,-1.08149447751993,-2.0498560024968,2.46159280532273,-0.654462244149897,0.415150629409379,-0.859927220577019,0.611911816104918,-0.283004037164223,0.333671511371005,0.376176861871355,0.41699634880113,-1.05104077141536,-0.479151352585197,-1.97868567620313,2.00094585239509,-1.32701759562915,0.228205788130006,1.22161392050049,-0.565186827601273,0.165219245807029,-0.447929800569964,-0.694035366542019,-0.785524402817055,0.958483894641782,0.530241682697449,0.739418486108843,-0.226241498837149,0.544995578549318,-0.779145267656421,0.186377241648608,-0.681777029166703,1.27748006339139,0.933070047409818,-0.989673797817387,0.702651033512011,1.2888507157823,-0.549261787068856,-0.0720444946242781,0.00370001567601127,0.162498553527271,1.54624127085322,-0.475969259370047,0.516429666830385,-1.76321887884059,-0.959071689888244,-1.27883307126
1148673.49093727,1039696.31322806,-1.8009797901838,-1.4241323974302,0.715068251869504,0.565736119592389,-0.837880110015054,0.00431638162269958,-0.152937440197986,-0.408946698373528,0.537253795648939,1.51083787429852,-0.430600744770357,-0.181512031795646,0.369120593900622,-0.671587132880673,0.510943389937199,1.63972774747055,2.00965062044695,1.1156490051775,0.636553094775053,-0.803249459052216,-0.297492337688077,0.691237951654319,-0.191096243348643,0.626606541923988,1.46481237488944,0.0216129678872373,0.668611625672932,-0.846666192028006,-1.28837636487845,-0.920441705406486,-1.12582427484124,-2.10117978328511,2.44495078623868,-0.693727516907064,0.485849843160468,-0.894617008328428,0.608473611272669,-0.255880791031878,0.334360585396381,0.399634155468606,0.463733040253581,-1.01565332970791,-0.483290364788398,-1.99765514985088,2.00281534952805,-1.37104073917048,0.170441358673564,1.23087436121229,-0.630649845812607,0.239899142892394,-0.42234051801097,-0.669316671177808,-0.739394697200969,0.965428618054998,0.532515506335318,0.712408684680064,-0.247360032303228,0.581197173837852,-0.791700393142845,0.251788491085858,-0.688082232262882,1.31469287995812,0.923366470568674,-0.936467080327472,0.694968031170808,1.2563249287223,-0.495654448990129,-0.0876875963301984,-0.00738941982822513,0.204235663598607,1.44219353742742,-0.508416866181066,0.532473863315785,-1.73729334196893,-0.957536822336466,-1.28828406920484
1156822.71585201,1039696.31322806,-1.8119808477978,-1.41367336089962,0.739785091932389,0.595432800127949,-0.794979380054362,0.0366138128790183,-0.251082147154356,-0.435174723440067,0.50500666607698,1.46128118508062,-0.39471320568968,-0.16369808342981,0.446703792119307,-0.655138703035842,0.474028816684734,1.67621240769369,1.99376026655809,1.18002140098083,0.693027143875802,-0.868210577788223,-0.278602520770906,0.650564880382781,-0.1476485986769,0.618391391975292,1.46606300471985,0.0270483580598203,0.615494626407865,-0.883230074792204,-1.34563330280498,-0.940436006927154,-1.16273072659001,-2.19053572938274,2.43134900083499,-0.730876384694058,0.559077845410507,-0.972945242570388,0.609850365123777,-0.201255463930654,0.342317008201213,0.412344044038838,0.502413528886334,-1.01773974047582,-0.452419148545998,-2.00574044118475,1.97022596949655,-1.41697041591561,0.124718204968609,1.23724240273257,-0.684886245251538,0.331196505000064,-0.389564342821703,-0.644608154644387,-0.669757743244507,0.967526065335119,0.527615614834078,0.726960193173786,-0.29549311401354,0.58227990807734,-0.796821351972483,0.288015643674572,-0.692066697370704,1.33710623930136,0.913228187349547,-0.858710663288289,0.681268975609651,1.22363388439629,-0.43355209887103,-0.0750205614283333,-0.0453906320285793,0.24507778612508,1.32184816810856,-0.591494370067633,0.549435661008237,-1.71087937375828,-0.952233181298733,-1.26912623517619
1164971.94076674,1039696.31322806,NA,NA,NA,NA,NA,NA,NA,NA,NA,NA,NA,NA,NA,NA,NA,NA,NA,NA,NA,NA,NA,NA,NA,NA,NA,NA,NA,NA,NA,NA,NA,NA,NA,NA,NA,NA,NA,NA,NA,NA,NA,NA,NA,NA,NA,NA,NA,NA,NA,NA,NA,NA,NA,NA,NA,NA,NA,NA,NA,NA,NA,NA,NA,NA,NA,NA,NA,NA,NA,NA,NA,NA,NA,NA,NA,NA
1173121.16568148,1039696.31322806,NA,NA,NA,NA,NA,NA,NA,NA,NA,NA,NA,NA,NA,NA,NA,NA,NA,NA,NA,NA,NA,NA,NA,NA,NA,NA,NA,NA,NA,NA,NA,NA,NA,NA,NA,NA,NA,NA,NA,NA,NA,NA,NA,NA,NA,NA,NA,NA,NA,NA,NA,NA,NA,NA,NA,NA,NA,NA,NA,NA,NA,NA,NA,NA,NA,NA,NA,NA,NA,NA,NA,NA,NA,NA,NA,NA
1181270.39059621,1039696.31322806,NA,NA,NA,NA,NA,NA,NA,NA,NA,NA,NA,NA,NA,NA,NA,NA,NA,NA,NA,NA,NA,NA,NA,NA,NA,NA,NA,NA,NA,NA,NA,NA,NA,NA,NA,NA,NA,NA,NA,NA,NA,NA,NA,NA,NA,NA,NA,NA,NA,NA,NA,NA,NA,NA,NA,NA,NA,NA,NA,NA,NA,NA,NA,NA,NA,NA,NA,NA,NA,NA,NA,NA,NA,NA,NA,NA
1189419.61551094,1039696.31322806,NA,NA,NA,NA,NA,NA,NA,NA,NA,NA,NA,NA,NA,NA,NA,NA,NA,NA,NA,NA,NA,NA,NA,NA,NA,NA,NA,NA,NA,NA,NA,NA,NA,NA,NA,NA,NA,NA,NA,NA,NA,NA,NA,NA,NA,NA,NA,NA,NA,NA,NA,NA,NA,NA,NA,NA,NA,NA,NA,NA,NA,NA,NA,NA,NA,NA,NA,NA,NA,NA,NA,NA,NA,NA,NA,NA
1197568.84042568,1039696.31322806,NA,NA,NA,NA,NA,NA,NA,NA,NA,NA,NA,NA,NA,NA,NA,NA,NA,NA,NA,NA,NA,NA,NA,NA,NA,NA,NA,NA,NA,NA,NA,NA,NA,NA,NA,NA,NA,NA,NA,NA,NA,NA,NA,NA,NA,NA,NA,NA,NA,NA,NA,NA,NA,NA,NA,NA,NA,NA,NA,NA,NA,NA,NA,NA,NA,NA,NA,NA,NA,NA,NA,NA,NA,NA,NA,NA
1205718.06534041,1039696.31322806,NA,NA,NA,NA,NA,NA,NA,NA,NA,NA,NA,NA,NA,NA,NA,NA,NA,NA,NA,NA,NA,NA,NA,NA,NA,NA,NA,NA,NA,NA,NA,NA,NA,NA,NA,NA,NA,NA,NA,NA,NA,NA,NA,NA,NA,NA,NA,NA,NA,NA,NA,NA,NA,NA,NA,NA,NA,NA,NA,NA,NA,NA,NA,NA,NA,NA,NA,NA,NA,NA,NA,NA,NA,NA,NA,NA
1213867.29025514,1039696.31322806,NA,NA,NA,NA,NA,NA,NA,NA,NA,NA,NA,NA,NA,NA,NA,NA,NA,NA,NA,NA,NA,NA,NA,NA,NA,NA,NA,NA,NA,NA,NA,NA,NA,NA,NA,NA,NA,NA,NA,NA,NA,NA,NA,NA,NA,NA,NA,NA,NA,NA,NA,NA,NA,NA,NA,NA,NA,NA,NA,NA,NA,NA,NA,NA,NA,NA,NA,NA,NA,NA,NA,NA,NA,NA,NA,NA
1222016.51516988,1039696.31322806,NA,NA,NA,NA,NA,NA,NA,NA,NA,NA,NA,NA,NA,NA,NA,NA,NA,NA,NA,NA,NA,NA,NA,NA,NA,NA,NA,NA,NA,NA,NA,NA,NA,NA,NA,NA,NA,NA,NA,NA,NA,NA,NA,NA,NA,NA,NA,NA,NA,NA,NA,NA,NA,NA,NA,NA,NA,NA,NA,NA,NA,NA,NA,NA,NA,NA,NA,NA,NA,NA,NA,NA,NA,NA,NA,NA
879749.068751066,1031547.08831332,NA,NA,NA,NA,NA,NA,NA,NA,NA,NA,NA,NA,NA,NA,NA,NA,NA,NA,NA,NA,NA,NA,NA,NA,NA,NA,NA,NA,NA,NA,NA,NA,NA,NA,NA,NA,NA,NA,NA,NA,NA,NA,NA,NA,NA,NA,NA,NA,NA,NA,NA,NA,NA,NA,NA,NA,NA,NA,NA,NA,NA,NA,NA,NA,NA,NA,NA,NA,NA,NA,NA,NA,NA,NA,NA,NA
887898.2936658,1031547.08831332,NA,NA,NA,NA,NA,NA,NA,NA,NA,NA,NA,NA,NA,NA,NA,NA,NA,NA,NA,NA,NA,NA,NA,NA,NA,NA,NA,NA,NA,NA,NA,NA,NA,NA,NA,NA,NA,NA,NA,NA,NA,NA,NA,NA,NA,NA,NA,NA,NA,NA,NA,NA,NA,NA,NA,NA,NA,NA,NA,NA,NA,NA,NA,NA,NA,NA,NA,NA,NA,NA,NA,NA,NA,NA,NA,NA
896047.518580533,1031547.08831332,NA,NA,NA,NA,NA,NA,NA,NA,NA,NA,NA,NA,NA,NA,NA,NA,NA,NA,NA,NA,NA,NA,NA,NA,NA,NA,NA,NA,NA,NA,NA,NA,NA,NA,NA,NA,NA,NA,NA,NA,NA,NA,NA,NA,NA,NA,NA,NA,NA,NA,NA,NA,NA,NA,NA,NA,NA,NA,NA,NA,NA,NA,NA,NA,NA,NA,NA,NA,NA,NA,NA,NA,NA,NA,NA,NA
904196.743495267,1031547.08831332,NA,NA,NA,NA,NA,NA,NA,NA,NA,NA,NA,NA,NA,NA,NA,NA,NA,NA,NA,NA,NA,NA,NA,NA,NA,NA,NA,NA,NA,NA,NA,NA,NA,NA,NA,NA,NA,NA,NA,NA,NA,NA,NA,NA,NA,NA,NA,NA,NA,NA,NA,NA,NA,NA,NA,NA,NA,NA,NA,NA,NA,NA,NA,NA,NA,NA,NA,NA,NA,NA,NA,NA,NA,NA,NA,NA
912345.96841,1031547.08831332,NA,NA,NA,NA,NA,NA,NA,NA,NA,NA,NA,NA,NA,NA,NA,NA,NA,NA,NA,NA,NA,NA,NA,NA,NA,NA,NA,NA,NA,NA,NA,NA,NA,NA,NA,NA,NA,NA,NA,NA,NA,NA,NA,NA,NA,NA,NA,NA,NA,NA,NA,NA,NA,NA,NA,NA,NA,NA,NA,NA,NA,NA,NA,NA,NA,NA,NA,NA,NA,NA,NA,NA,NA,NA,NA,NA
920495.193324734,1031547.08831332,NA,NA,NA,NA,NA,NA,NA,NA,NA,NA,NA,NA,NA,NA,NA,NA,NA,NA,NA,NA,NA,NA,NA,NA,NA,NA,NA,NA,NA,NA,NA,NA,NA,NA,NA,NA,NA,NA,NA,NA,NA,NA,NA,NA,NA,NA,NA,NA,NA,NA,NA,NA,NA,NA,NA,NA,NA,NA,NA,NA,NA,NA,NA,NA,NA,NA,NA,NA,NA,NA,NA,NA,NA,NA,NA,NA
928644.418239468,1031547.08831332,NA,NA,NA,NA,NA,NA,NA,NA,NA,NA,NA,NA,NA,NA,NA,NA,NA,NA,NA,NA,NA,NA,NA,NA,NA,NA,NA,NA,NA,NA,NA,NA,NA,NA,NA,NA,NA,NA,NA,NA,NA,NA,NA,NA,NA,NA,NA,NA,NA,NA,NA,NA,NA,NA,NA,NA,NA,NA,NA,NA,NA,NA,NA,NA,NA,NA,NA,NA,NA,NA,NA,NA,NA,NA,NA,NA
936793.643154201,1031547.08831332,NA,NA,NA,NA,NA,NA,NA,NA,NA,NA,NA,NA,NA,NA,NA,NA,NA,NA,NA,NA,NA,NA,NA,NA,NA,NA,NA,NA,NA,NA,NA,NA,NA,NA,NA,NA,NA,NA,NA,NA,NA,NA,NA,NA,NA,NA,NA,NA,NA,NA,NA,NA,NA,NA,NA,NA,NA,NA,NA,NA,NA,NA,NA,NA,NA,NA,NA,NA,NA,NA,NA,NA,NA,NA,NA,NA
944942.868068935,1031547.08831332,NA,NA,NA,NA,NA,NA,NA,NA,NA,NA,NA,NA,NA,NA,NA,NA,NA,NA,NA,NA,NA,NA,NA,NA,NA,NA,NA,NA,NA,NA,NA,NA,NA,NA,NA,NA,NA,NA,NA,NA,NA,NA,NA,NA,NA,NA,NA,NA,NA,NA,NA,NA,NA,NA,NA,NA,NA,NA,NA,NA,NA,NA,NA,NA,NA,NA,NA,NA,NA,NA,NA,NA,NA,NA,NA,NA
953092.092983668,1031547.08831332,-2.46400611067934,-1.32518339974403,0.234499734036921,-0.430688366174703,-0.518589755802018,-0.673035768653261,-0.407011691546865,-2.15918576291268,0.547375604159595,0.428594015188867,-0.802011266981493,0.574315970331571,2.11008704651964,-1.12619995649888,-0.42217567477637,0.322249040248781,0.805353392993807,0.556135603815462,1.58508815662895,-1.58797290770719,-0.773000533867027,1.03833027988781,0.724618788279935,1.50511583788542,0.769176967004446,0.185456727209196,0.96355784773717,-0.126511395500803,-1.78129918904731,-0.965070131518864,-0.504541085520821,-0.982166982741036,1.59179535355567,-0.0789658991124882,0.745484345093369,-1.22373374609561,0.64359352048732,0.415036520473373,0.294559902908117,1.59327020262965,0.764026263304085,-1.01358932573416,0.638212872329288,-1.67309594656561,0.826688642963228,-1.33593153119433,1.67975355992593,0.5751583354529,-0.231258316454217,-0.219429966683895,-0.879252623118606,-0.202951968757959,-0.0588473660534768,0.502112600652832,0.0200304130388715,-0.0510520442651798,0.15460954015982,0.857414104910511,-0.313259239077618,0.0743650561952399,0.0163975040735132,0.939471085888527,1.59373906934721,-1.40416620902582,-0.034782695364483,1.31998502161034,-0.875896704852557,0.424062051551512,-0.137723861877401,0.347690868637948,1.86578135079413,0.368013815830175,0.04977718708859,-1.95277656813651,-1.18640891152277,-0.680261516442006
961241.317898402,1031547.08831332,NA,NA,NA,NA,NA,NA,NA,NA,NA,NA,NA,NA,NA,NA,NA,NA,NA,NA,NA,NA,NA,NA,NA,NA,NA,NA,NA,NA,NA,NA,NA,NA,NA,NA,NA,NA,NA,NA,NA,NA,NA,NA,NA,NA,NA,NA,NA,NA,NA,NA,NA,NA,NA,NA,NA,NA,NA,NA,NA,NA,NA,NA,NA,NA,NA,NA,NA,NA,NA,NA,NA,NA,NA,NA,NA,NA
969390.542813136,1031547.08831332,NA,NA,NA,NA,NA,NA,NA,NA,NA,NA,NA,NA,NA,NA,NA,NA,NA,NA,NA,NA,NA,NA,NA,NA,NA,NA,NA,NA,NA,NA,NA,NA,NA,NA,NA,NA,NA,NA,NA,NA,NA,NA,NA,NA,NA,NA,NA,NA,NA,NA,NA,NA,NA,NA,NA,NA,NA,NA,NA,NA,NA,NA,NA,NA,NA,NA,NA,NA,NA,NA,NA,NA,NA,NA,NA,NA
977539.767727869,1031547.08831332,NA,NA,NA,NA,NA,NA,NA,NA,NA,NA,NA,NA,NA,NA,NA,NA,NA,NA,NA,NA,NA,NA,NA,NA,NA,NA,NA,NA,NA,NA,NA,NA,NA,NA,NA,NA,NA,NA,NA,NA,NA,NA,NA,NA,NA,NA,NA,NA,NA,NA,NA,NA,NA,NA,NA,NA,NA,NA,NA,NA,NA,NA,NA,NA,NA,NA,NA,NA,NA,NA,NA,NA,NA,NA,NA,NA
985688.992642603,1031547.08831332,NA,NA,NA,NA,NA,NA,NA,NA,NA,NA,NA,NA,NA,NA,NA,NA,NA,NA,NA,NA,NA,NA,NA,NA,NA,NA,NA,NA,NA,NA,NA,NA,NA,NA,NA,NA,NA,NA,NA,NA,NA,NA,NA,NA,NA,NA,NA,NA,NA,NA,NA,NA,NA,NA,NA,NA,NA,NA,NA,NA,NA,NA,NA,NA,NA,NA,NA,NA,NA,NA,NA,NA,NA,NA,NA,NA
993838.217557336,1031547.08831332,-2.21296857922483,-1.61728793547277,0.237702684421815,-0.14281301083387,-0.635545511069943,-0.717063611816792,-0.126984940766713,-1.73999881881902,0.385188955209691,1.0943711283997,-0.956876191414782,0.206077159149512,1.82913493787762,-1.12664461709081,-0.153857227213863,0.617421303355951,1.52776065207459,0.638857620983191,1.40169937279136,-1.26907187340082,-0.596275930049176,1.11555413871539,0.419607103289154,1.27091698665216,0.917025774419044,0.0493985872997688,0.997016095098067,-0.0824560550680554,-1.53636864216105,-0.916206572821622,-0.473430899034577,-0.954334578589366,1.84794230005847,-0.407198450068915,0.444422167454926,-1.05861141616415,0.484811132120047,0.190729673649809,0.261949386759129,1.12096045052205,0.425882024647034,-1.20331032394913,0.552051008836773,-1.78869086890031,1.28733893888818,-1.20011274368386,1.53526079564357,0.784870202054023,-0.175073770933136,-0.267735355700993,-0.920655475653453,-0.496355092416064,-0.232662243227878,0.482531333860371,0.136699134320386,0.108051917562207,0.00300586822395772,0.732608966892658,-0.456224487555414,-0.0869012372366257,0.00172910104174168,0.859140683255143,1.39884062815962,-1.34024996786673,0.273298186760538,1.65501340958474,-0.866746908945623,0.380145604404117,0.0578936005743228,0.186657243695965,2.09656915032134,0.0902866103417216,0.141387391400626,-2.03315612464683,-1.17060824497598,-0.940592043981095
1001987.44247207,1031547.08831332,-2.17993088069245,-1.63614281531667,0.264380912871003,-0.0925661214669207,-0.631822556351714,-0.691941834224172,-0.100813289994532,-1.65224621380643,0.3528992341922,1.18758248152372,-0.96704515845876,0.142602632555641,1.72101218349049,-1.12004800960596,-0.0866277846575276,0.684320116018155,1.64066957358039,0.660921320101821,1.34624030978012,-1.21164890943268,-0.54958148359736,1.13225781014375,0.357636799839356,1.21450493158485,0.962554557847217,0.0150584049545742,0.995337702725185,-0.0806827053249433,-1.47552906836345,-0.897801752271838,-0.489916174995417,-0.984548136176508,1.9091318343204,-0.429573355011892,0.403184971366725,-1.00430510237278,0.451059178611188,0.140236538150962,0.24964045803457,1.04949364274771,0.36940943279846,-1.23936959447492,0.502516088066702,-1.78998578285551,1.39114073701636,-1.19816884963398,1.48891466524602,0.83432414886192,-0.209611905197576,-0.249034260155328,-0.922644714227159,-0.547340866910173,-0.268851413359928,0.492545205552719,0.174974877470544,0.152520419068795,-0.033220519175069,0.710298968689098,-0.489630072200845,-0.0870496379003565,-0.0367922774986767,0.855142601131045,1.36324716216593,-1.30793946988167,0.337840564771948,1.69834262107041,-0.888341025344917,0.346880849620349,0.0523498705523387,0.155472030952604,2.10575954648865,0.0540090823790418,0.161576999442997,-2.0376124618854,-1.16722321229102,-0.985530047657387
1010136.6673868,1031547.08831332,-2.15592856888117,-1.62924422355996,0.297122464525455,-0.0530356376774552,-0.626189871067584,-0.64845617869174,-0.102949293753064,-1.58626070472172,0.330699063591346,1.22761023516119,-0.960158959158161,0.0978503450365025,1.61252436383132,-1.10457555414706,-0.0315946678956871,0.745677948055511,1.71758118420515,0.670675224945778,1.2861105791732,-1.16873719664251,-0.515296648318452,1.15054045228138,0.31961689115657,1.16933956592598,1.02115912977946,-0.0153987834578883,0.987406169039697,-0.0881808688837766,-1.41741839150405,-0.873688473709368,-0.524930994984232,-1.05981150703027,1.97287134383452,-0.439240379130176,0.38556123518246,-0.95813855954739,0.423458343741447,0.0987873662652558,0.240056168648385,1.01878795683138,0.333879945930351,-1.26043358936252,0.442149747133943,-1.76999716140635,1.47483959264697,-1.21214824625537,1.44416839481723,0.873632472409807,-0.26555852406599,-0.210232092746967,-0.924668503651674,-0.584611352910215,-0.30303219664563,0.508467751847419,0.206476065172955,0.186775643548505,-0.0744774713582769,0.68929250290102,-0.514956750719736,-0.0603311293362331,-0.0993363927536847,0.872888823285413,1.34509394621193,-1.26964162393879,0.395004557716934,1.71513005012052,-0.914207241339067,0.305031337331653,0.0178032231027593,0.123237216581663,2.10263971310827,0.0444442675940188,0.195022115989707,-2.0359093747603,-1.16867173844401,-0.987556510728722
1018285.89230154,1031547.08831332,-2.12629165767522,-1.6160696317644,0.333205352282603,-0.00964252334856396,-0.617552697664469,-0.596671830759595,-0.108001873853132,-1.51528603456556,0.307750300455677,1.26201250258228,-0.948433792280523,0.0520891684998911,1.49028845369825,-1.08433008805195,0.0275517565687822,0.810610121649992,1.79485341277051,0.679713669555425,1.21586484016805,-1.12195015669769,-0.477953316804631,1.16981787213687,0.280765466199506,1.11920916090874,1.08558458239533,-0.047048965700035,0.977332833645717,-0.0963344325506612,-1.35255712484505,-0.844221853320073,-0.56361641428781,-1.14908406580874,2.03985227187708,-0.447070257066321,0.370658331553349,-0.90880683447329,0.392814221750865,0.0552880065348746,0.231086486249739,0.990144064519354,0.298553497511234,-1.27712259191566,0.375665530122139,-1.74210160026081,1.55896074735021,-1.22565587206727,1.39389822243173,0.914263092361692,-0.329055206754803,-0.164624098554417,-0.924321937840078,-0.622079473679982,-0.34104997912613,0.526513736597624,0.23818598639426,0.221631264865896,-0.118938262043309,0.666469072793969,-0.540430436781952,-0.0262904339483542,-0.171020982084563,0.894943731483875,1.32554487413474,-1.22440833589185,0.457138044625547,1.72880530657736,-0.940894814068333,0.259002962019297,-0.0248539761719897,0.0884516639556353,2.08961602512711,0.0287503303774215,0.233319353978724,-2.03516241949518,-1.17328734964823,-0.990652698575703
1026435.11721627,1031547.08831332,-2.10423332774145,-1.5998777160838,0.372699285586249,0.0435198328650693,-0.604463770138604,-0.534253817778458,-0.113611049130948,-1.40914365214991,0.305480494187089,1.29700544034068,-0.936517529202998,0.0186387526066268,1.350636799319,-1.05838546921764,0.0914972305787869,0.874985247824017,1.85858577752136,0.702122086507482,1.15393591769985,-1.0839092201664,-0.437366520360416,1.18454810106826,0.220878265282738,1.06156198397121,1.14551678851575,-0.0733670156917847,0.963214980843802,-0.10800427888401,-1.30473974318739,-0.818974488898876,-0.592879966813433,-1.25589856433501,2.10564127398509,-0.445477377051125,0.349526343800518,-0.883601319022809,0.37475478420495,0.00956563520444447,0.231473253305943,0.94729293253718,0.266409150088906,-1.29327650308983,0.313815067956827,-1.72925596434407,1.64210683739851,-1.23196300319771,1.32173527042392,0.95427010497395,-0.373332966522059,-0.126522370320233,-0.910035592944134,-0.655670018306091,-0.377227676255088,0.562714967322888,0.262826832002113,0.263282347015986,-0.152384070979289,0.653004433133329,-0.56297849944226,0.00754323988722088,-0.245018139909584,0.923087786674845,1.29800481425612,-1.18470179941208,0.507738696680473,1.73388014308757,-0.967850432498258,0.223788023089058,-0.0554134669492336,0.0459320563379754,2.07027985628794,-0.0129123674334215,0.276347907099526,-2.04552999402818,-1.17384475549588,-1.01659144715112
1034584.342131,1031547.08831332,-2.09617220120133,-1.58666394584319,0.407361357714202,0.0971739765889887,-0.591610873201266,-0.474861314018835,-0.117025604894661,-1.2911398169076,0.326909679445991,1.32634112427272,-0.926705153895989,-0.000180281368759683,1.22114042366522,-1.03245915034496,0.140884091194336,0.926795526269669,1.89288673179821,0.732717384994353,1.11892515035733,-1.06076437671927,-0.404346510104489,1.19329728223249,0.15112677005254,1.00428272730576,1.1865937031812,-0.084751684631216,0.947944495021674,-0.123546539005094,-1.29300351483578,-0.805717828813745,-0.607850763532287,-1.3583595725512,2.15669915413546,-0.433200705488597,0.326039654841564,-0.889420747071571,0.376444222227512,-0.0286954625012212,0.237989495141646,0.896633020074167,0.241638218786469,-1.30908016760884,0.265859705077876,-1.73609919363222,1.70396256235298,-1.23424887076892,1.24302582368313,0.986754537216776,-0.387812956386585,-0.106808052386225,-0.880307935364054,-0.67963809941263,-0.393622022168494,0.609720151899871,0.275707330923993,0.30851151234915,-0.167019441728353,0.64982450789348,-0.580950026176302,0.0349943165684593,-0.304818167049095,0.951516048439986,1.26617593587801,-1.16033144724274,0.532185449297372,1.72930950272619,-0.985912351196448,0.208376440353622,-0.0622271453154319,0.0060288497845534,2.05758144466803,-0.0659984927165393,0.308473858940061,-2.05616944834865,-1.1569390790543,-1.05631568114327
1042733.56704574,1031547.08831332,-2.09793393573892,-1.57717605514461,0.435595536710607,0.147523259192595,-0.581615908014412,-0.422277462688774,-0.118469859438836,-1.17804505083142,0.362593314415415,1.34903704047609,-0.918211262414812,-0.0104126382500286,1.10926265299373,-1.00807992905181,0.173764287306356,0.966695431734954,1.90442875158031,0.764962379452954,1.1067799751745,-1.04757835375067,-0.380108804969196,1.19861968410819,0.0812688599453088,0.950200221346715,1.21167652642525,-0.0832438806190792,0.933463322839587,-0.14202073133733,-1.30929817005817,-0.802050544704174,-0.613492544706624,-1.44900477775719,2.19417899282294,-0.414304614153933,0.303255885526759,-0.915197130941009,0.392100261700427,-0.0581530314992795,0.246280985960971,0.84487016636557,0.222511580917289,-1.3244194524311,0.228877942943646,-1.75471380600044,1.74470223213103,-1.23634916139012,1.16795735904367,1.01281279311933,-0.382283143815887,-0.101472047154928,-0.841221442954742,-0.695410182863793,-0.390424599695609,0.658737824886537,0.280247560115608,0.354288392376485,-0.16811198819719,0.652050651298921,-0.596037825522452,0.0571476361671113,-0.349578010462605,0.977853876214354,1.23355415642128,-1.14772631340189,0.537259428305633,1.71915233722384,-0.994213865597729,0.20792450697562,-0.0515648443126929,-0.0275595789101059,2.05019849602311,-0.119798009176043,0.329374139686299,-2.06524828707249,-1.13002597815701,-1.09983056621111
1050882.79196047,1031547.08831332,-2.09577317341629,-1.56501380620488,0.464336194942609,0.199390179432112,-0.571744573910368,-0.367747858943043,-0.118489807776923,-1.0640415267154,0.399694057930133,1.37169392095276,-0.90719689171634,-0.0213260381510663,0.989584804019072,-0.980898072150515,0.20787995475524,1.00731135877759,1.9156046803655,0.798089729015559,1.09214161423108,-1.03155338065191,-0.354115418585947,1.20298698864449,0.00818092755594852,0.892571831959539,1.23660152827828,-0.081494986579816,0.917617161874597,-0.161652143604448,-1.3236924180078,-0.796944332043229,-0.61928650006631,-1.54414002682117,2.23112466259243,-0.394390114417246,0.279516108273263,-0.941197828217475,0.408485361123279,-0.0883407200784289,0.25493147833901,0.789580511119345,0.202806164428833,-1.33857829057538,0.189257162216731,-1.77146106879234,1.7852274085335,-1.23649267328524,1.08773986947924,1.03931773598162,-0.3745629306274,-0.0954189091813216,-0.799715018104747,-0.710749021881015,-0.387135186553071,0.707948710441756,0.285147750935238,0.400472994626018,-0.168459636730386,0.652292891050081,-0.610435510383871,0.0792871103055359,-0.395510555117877,1.0043885608832,1.19809227382537,-1.13342096529229,0.542614056979753,1.70639124186198,-1.00010082084404,0.207912192345456,-0.0400451539711932,-0.0614568801182127,2.03645806236471,-0.173924839790955,0.354096557504158,-2.07617781213156,-1.10890054236082,-1.14010962402545
1059032.01687521,1031547.08831332,-2.06499697992726,-1.54427777661855,0.484509416965718,0.255598559305425,-0.595517516563739,-0.312153796065534,-0.0955928017265573,-0.941465124604775,0.44044105747195,1.40645498318177,-0.883222804027188,-0.0483773963457177,0.879814378322647,-0.939556058103781,0.246087623048552,1.0553863783567,1.94395905586303,0.837314772340193,1.04647010455919,-0.996502967632178,-0.318150544150547,1.19564164129781,-0.0544005037138988,0.835166357042319,1.26963163523772,-0.0938867404827591,0.901946652173856,-0.203491206996186,-1.31682332146353,-0.791914643642613,-0.654647519455511,-1.63736445492691,2.28329705424165,-0.391619802330454,0.253039231905512,-0.967774688296014,0.433931838690734,-0.118888112087299,0.265624389218778,0.721952597311318,0.183133980593772,-1.34354128621565,0.126930815651771,-1.78387070352206,1.83292590745962,-1.23841050941001,1.00266086796344,1.07221943820365,-0.351611984923319,-0.0885686189052349,-0.753569830033388,-0.721782939279398,-0.410186393531062,0.739753369163671,0.298472346608373,0.431528809368001,-0.166480617194131,0.60727746514315,-0.624267597873991,0.0723242859459213,-0.436066675314245,1.03232397290155,1.15746817566579,-1.12165277766527,0.557841223034178,1.68292528075516,-0.982647094492947,0.210715113651071,-0.0327796582806592,-0.0721227286538775,2.0194544899798,-0.236131663684042,0.375983678537161,-2.05618616249873,-1.09033431072575,-1.16911678180603
1067181.24178994,1031547.08831332,-2.01053821424733,-1.52107052925172,0.495691284122098,0.308354351233782,-0.649292121191627,-0.263896847170859,-0.0499175485701253,-0.823825015691233,0.477728825943802,1.45074248258704,-0.849132562044039,-0.0867767624773187,0.797474522610709,-0.894710393491261,0.284084217272232,1.10481683075937,1.98537971559615,0.879597083912291,0.971733452293183,-0.948148321709507,-0.275542208453994,1.17473554996301,-0.0969519457965266,0.790324453951868,1.30706877719541,-0.121230279642991,0.889084207477777,-0.259776237653369,-1.28586723639057,-0.788653155777875,-0.715591564991578,-1.7163286262968,2.34469736548555,-0.408371287232174,0.229228540048883,-0.99222050587357,0.462389005233072,-0.14741004691973,0.275894538598553,0.64936602264883,0.167092769161345,-1.33753236807104,0.0506716068371114,-1.79292505724227,1.88538614601448,-1.23623453751346,0.921289922302313,1.1056480197668,-0.313473759077218,-0.0827429997280989,-0.710575155884985,-0.728421263730405,-0.464412239135481,0.751421019089072,0.320174437376378,0.440717242889896,-0.162950146498958,0.520553275096603,-0.636246577936883,0.0321453330503852,-0.46695624528666,1.05716726883694,1.11704567840391,-1.11617076030712,0.578385970991221,1.65241525625451,-0.942042117764929,0.216501342871535,-0.0317212322981489,-0.0565240437229609,2.00390145096293,-0.301326266305274,0.388482010786248,-2.00433193296345,-1.07436338222036,-1.18321347746748
1075330.46670467,1031547.08831332,-1.95441860187977,-1.5001258253738,0.508387523844802,0.357838863528998,-0.701345313595477,-0.218732949219306,-0.00190982708558765,-0.712032718069903,0.510278088718877,1.49272895441754,-0.812502930008355,-0.122397904710942,0.7211876361064,-0.855629514261897,0.320241916651583,1.15097744802578,2.02330093077324,0.920725664240532,0.892282908652544,-0.899678029598599,-0.232478477595159,1.14983235270913,-0.134503002762211,0.75235953701226,1.34284920089817,-0.149668902410439,0.877290543622904,-0.311312753750555,-1.24836501847629,-0.785020882005479,-0.775014738050454,-1.78912771119926,2.40197400627789,-0.426531664817255,0.209671633340257,-1.01391658713797,0.485501145652578,-0.175559670317899,0.284226908400468,0.577680421150155,0.152954968585033,-1.32711268443204,-0.0229504541928618,-1.79982536060099,1.9362913807927,-1.22544250534287,0.839653294136543,1.13564201114009,-0.272930371660392,-0.0775509321859171,-0.669821276605447,-0.734977639984794,-0.525954354817681,0.761225484735665,0.343243810804447,0.444279082952623,-0.159741391732159,0.431375863684741,-0.647457137127983,-0.0128134392354019,-0.496636494065719,1.07831499514738,1.07653037585111,-1.11077113813908,0.597705750293842,1.62228547290897,-0.896492744723048,0.223288334341491,-0.0322995153531044,-0.0375594914706773,1.984164461365,-0.366650297147157,0.394404645985845,-1.95211311981506,-1.062938858957,-1.18804857439986
1083479.69161941,1031547.08831332,-1.89822567895315,-1.48478912471228,0.522037454834512,0.409416254308837,-0.746788528192479,-0.171820254312353,0.0414317315183897,-0.602481455982819,0.538165089314537,1.52856986448899,-0.767073724347374,-0.154561159207638,0.644467561378495,-0.81885922248081,0.357477764219348,1.19808131923191,2.06075625441614,0.961883584744789,0.817056846601232,-0.848784913765719,-0.193633423952565,1.11868916306435,-0.168331038861681,0.718443792357805,1.37545044565479,-0.172517627456343,0.864862929522023,-0.362861983765019,-1.20764539620313,-0.780154960115499,-0.827987030388535,-1.85929272108699,2.45271366805911,-0.444251517092823,0.195908948520175,-1.02247047398185,0.507644604394436,-0.205994337425055,0.290038646536991,0.50652706560505,0.14067229705538,-1.31397623987533,-0.098966323777109,-1.80538305331575,1.97689598351091,-1.21005595474025,0.755143515718796,1.16407914798453,-0.243457601416411,-0.068950375458661,-0.629321993823061,-0.742361775182577,-0.591618944371289,0.774001368299726,0.36993403757144,0.469089036953324,-0.160538221762273,0.352714340224477,-0.661427428486937,-0.0537897871312569,-0.529889138296073,1.09555609569704,1.03484101589772,-1.09933276948468,0.623866094600152,1.59080499979546,-0.845806486174232,0.223775192397603,-0.0361034183659095,-0.0185706232752341,1.94830934189639,-0.439678989005646,0.389221212943675,-1.91646245988691,-1.06255081276632,-1.17840709455785
1091628.91653414,1031547.08831332,-1.84964146748056,-1.48457640911134,0.537313519491828,0.462277249352989,-0.777149899441241,-0.128117140882595,0.069897105462297,-0.502925809968958,0.557915646925891,1.55552190048987,-0.71161240497084,-0.180728299752168,0.574469578425922,-0.787434301859427,0.395849070727422,1.248134412631,2.09680347149304,0.996803605966253,0.763698189076179,-0.800852634719295,-0.174009199175909,1.07563240392883,-0.193456989562568,0.683322078209613,1.40079792558126,-0.186653100667979,0.848925174218042,-0.419809625417478,-1.16807338469564,-0.777712726796423,-0.867291318380924,-1.91226418852884,2.48928905408626,-0.46555312509302,0.194821464768072,-1.0010697052575,0.533662890838688,-0.241735630527029,0.287194620564673,0.441454398215013,0.134134230803263,-1.30433288946682,-0.174048125035593,-1.81159655662056,1.99219609947679,-1.19649474647084,0.671883417168631,1.18799648056084,-0.247743298455153,-0.0521471577750735,-0.595578565380836,-0.754446738304606,-0.661753495946264,0.791349377046172,0.405332481961751,0.540124618973744,-0.166497875232752,0.302328965196083,-0.680933713385401,-0.0848040766348257,-0.56734536651685,1.10587549568276,0.993038538205007,-1.073817732936,0.665563928108539,1.55368452229152,-0.791434471423442,0.20368800639329,-0.046152206079304,-0.00204283066440683,1.90543473215762,-0.510457025582809,0.38750178798898,-1.89489150537647,-1.05570650630713,-1.16564428683474
1099778.14144887,1031547.08831332,-1.81759248724828,-1.50178829468659,0.552305004149941,0.508482461367854,-0.786917193952013,-0.0955097747157409,0.0771288313724603,-0.428472381186432,0.566683556414861,1.57018308400419,-0.655642409974239,-0.197175648858621,0.523663251413284,-0.766644769738456,0.429597619987817,1.29450884577939,2.12617508063841,1.01810989844022,0.745196555126574,-0.765037353991586,-0.180576057166115,1.0259223260235,-0.205457351516447,0.648441478937517,1.41489145605826,-0.190728874066564,0.83072735961818,-0.476599781672634,-1.13742222292925,-0.779634623580139,-0.886669119733631,-1.93501381951921,2.50569153117152,-0.489352877895723,0.207958554474244,-0.950653923186047,0.561402231923689,-0.278907862898138,0.273771645710271,0.393269063485331,0.134643261115649,-1.30264501940742,-0.236000059902513,-1.81862984179044,1.97742239323312,-1.18955130810039,0.603465722824253,1.20363414672475,-0.291266865320779,-0.0285681512702398,-0.57555534252716,-0.771322656277218,-0.726476725766033,0.810325237636911,0.445427598459578,0.648448648745689,-0.176477497812837,0.290994600092346,-0.703933476792271,-0.100523273304719,-0.603610014235185,1.10759901034815,0.956794364382919,-1.03615165144752,0.718658382275919,1.51490902307453,-0.742269157924688,0.161727738441691,-0.0618950300432662,0.00875091089465,1.86617858919349,-0.555117525425484,0.39990338781314,-1.88089595786445,-1.03057344996303,-1.16250887205674
1107927.36636361,1031547.08831332,-1.78634598483854,-1.51835510938487,0.566593620768681,0.552105262458029,-0.794954704661826,-0.0648125069384533,0.082525985733045,-0.359294672904966,0.574614293580818,1.58312967199207,-0.602424195718412,-0.212739527510697,0.475005802622568,-0.74698021339038,0.461379489977603,1.33803450341399,2.15267742150456,1.03615653001218,0.729589225355137,-0.731383398935082,-0.189021973137133,0.97699983010854,-0.215896277504049,0.612857682244136,1.42708312485969,-0.194419980292682,0.812281978226924,-0.532586237551473,-1.1083594099215,-0.781136647071106,-0.904104679727034,-1.95332330205596,2.51889683151238,-0.512815589752438,0.22160157365691,-0.90065999405551,0.588245615482193,-0.315161745303968,0.259598027118537,0.347145769010217,0.135506700047159,-1.30140134450394,-0.295770857512226,-1.82370698384039,1.96024022055083,-1.18298513474967,0.537053806169655,1.21771035878294,-0.336640211244995,-0.00499239943621847,-0.556940847818912,-0.787867028153224,-0.789042632383457,0.827790293158837,0.484086634080845,0.750680644819284,-0.185754801578783,0.28185500871673,-0.72581948783682,-0.114705284673208,-0.638188140762996,1.10837495254537,0.92069839356327,-0.997707201948309,0.770119221628709,1.47602385064105,-0.695314359703572,0.118994584786568,-0.077533775835315,0.0189339326304002,1.81958144726842,-0.577379133685613,0.416773661943703,-1.85882873572113,-0.997741254889339,-1.16622251671458
1116076.59127834,1031547.08831332,-1.75888639249133,-1.52534931485067,0.586397761726651,0.588643056866352,-0.808874595770997,-0.0344596293277242,0.0703910391637911,-0.306827578279631,0.582422606018085,1.59000293874435,-0.556723012596124,-0.22443754476534,0.428745902305863,-0.728102957147075,0.484251920565116,1.39073753404314,2.16538066341533,1.04599857469838,0.70915282296053,-0.713157582200575,-0.207328468783236,0.928864924797545,-0.223419842026476,0.57916086872036,1.44353412452259,-0.183211762365028,0.790223970433464,-0.597309085241386,-1.09901487742891,-0.790415845893626,-0.934265699390593,-1.97118286298494,2.52637089861848,-0.544200742215818,0.251663585101375,-0.863096618002741,0.608553315362052,-0.341933455957126,0.246022480823495,0.317440999311314,0.154287945413466,-1.28121387873741,-0.35027060289221,-1.83700199887709,1.9572912977238,-1.19197628539791,0.463569918064759,1.23243278283244,-0.392416592522607,0.0309880729723651,-0.53746191242016,-0.794407916291265,-0.831237007592175,0.844301212661272,0.516350198599549,0.809135810467566,-0.189651198630305,0.288552194329608,-0.748137128855008,-0.100900888728758,-0.665817248474813,1.1249654802256,0.888247935590197,-0.958135200635447,0.809715271253121,1.43511138768044,-0.645584231742265,0.0741609373057677,-0.0841499504578961,0.0410809771093968,1.75450610013631,-0.571977133807509,0.441193007734939,-1.82500774975863,-0.968229293107269,-1.18269076573562
1124225.81619307,1031547.08831332,-1.73959315389449,-1.5185391999081,0.609797939879957,0.609690274416185,-0.831522697456788,-0.00573955105627171,0.0293800278468186,-0.286382221890768,0.585952180162774,1.58385836297731,-0.521850836558509,-0.22932313629251,0.389944821886189,-0.711634207188206,0.490403577098225,1.454991497873,2.1562036372722,1.04665394788715,0.684325801939314,-0.721263206328748,-0.239278382710791,0.881100027632187,-0.224229294838098,0.560140762015988,1.46479942471533,-0.143260347121387,0.764478380661181,-0.673235460141932,-1.12517074028425,-0.81251737367667,-0.981112584961197,-1.99393295503318,2.52073387574441,-0.584729193767373,0.306748895623132,-0.844942687950856,0.618419286266649,-0.347008167026233,0.234784421891064,0.317558934128342,0.205994129466818,-1.22777550414514,-0.392852637731188,-1.86735899165951,1.97472339129807,-1.2264437270413,0.380737442959389,1.245258166098,-0.461615648978516,0.0851158250923164,-0.516572914018093,-0.78095067799209,-0.832852521641473,0.859711427874628,0.532000274882622,0.805325513856328,-0.18602048089037,0.325549253002742,-0.771478164341208,-0.0403877388168019,-0.679969831396913,1.16459558840272,0.867093208477944,-0.920059596965122,0.825185757925088,1.39423372120549,-0.593867408805665,0.0285155330863978,-0.073748395173769,0.0832608360953879,1.67655731457416,-0.553398939001638,0.471096329472385,-1.78739791377826,-0.957723687349313,-1.20577807708532
1132375.04110781,1031547.08831332,-1.72622393589142,-1.50355763796499,0.631385211974511,0.617636376610883,-0.85600168960374,0.0190711397219564,-0.0235089871939124,-0.28768189381266,0.58621649038697,1.57054210468567,-0.497188938372828,-0.229851127087302,0.360815128182508,-0.698091683790323,0.484640535276121,1.51725042249594,2.13387054276026,1.04246137755361,0.661646815507254,-0.744665751372291,-0.274745552972411,0.838060139894024,-0.220489175950018,0.553320328644629,1.48713120529607,-0.0905823192997896,0.740783752574571,-0.746348591898868,-1.17051152508824,-0.838750093535881,-1.03054651995818,-2.01540232605388,2.50583873376489,-0.624448300076984,0.369350320299363,-0.839662231372052,0.62244110828743,-0.33509564246953,0.226096980902453,0.335461427333585,0.27328553921202,-1.16077393855005,-0.419927847440228,-1.90378330867494,2.0011217698411,-1.27143903268871,0.300611380328515,1.25444792312535,-0.529250184105483,0.143482151915099,-0.496279765412118,-0.755425918436047,-0.806363648561122,0.872625966501688,0.533692445597801,0.765943090702428,-0.175801802971295,0.374436405074671,-0.791488615976536,0.0390646305333717,-0.681214301457348,1.21241714042378,0.855965502515013,-0.885853238528445,0.82356752342451,1.35823830048308,-0.547498023421089,-0.0108914739451221,-0.0520468910270821,0.133443533533886,1.59626169918359,-0.541467876378156,0.493890557217383,-1.7606933984462,-0.961854613449231,-1.23349184048386
1140524.26602254,1031547.08831332,-1.71151748308475,-1.48761036674604,0.651520798523371,0.625109900593814,-0.876128041559654,0.0429553312935402,-0.0737929560312751,-0.288907673715277,0.586240802800703,1.55624441455305,-0.473208062657862,-0.228984716584454,0.336130108609752,-0.68397076365957,0.478695164468555,1.57349528509081,2.11126726393895,1.03878383492396,0.641574286971189,-0.765765952324885,-0.306016360700565,0.798235749159906,-0.214915625866293,0.546958879183794,1.50680164825517,-0.0413892029878647,0.717923565820519,-0.813040625467573,-1.21169499775242,-0.861358293551669,-1.07514456030457,-2.03363325925392,2.4896862803698,-0.660036963797976,0.427983613024017,-0.83489098554526,0.625848983678858,-0.321516595213564,0.219033576325418,0.353062974637092,0.335764965093761,-1.09864134961335,-0.44233231837757,-1.93429289237325,2.02403034917888,-1.31186996197572,0.22585990484315,1.26217216452614,-0.591406645741268,0.198779151853228,-0.476254324931746,-0.729658566697342,-0.778841752507477,0.88381185961456,0.534812308195182,0.72785839598207,-0.166041253128701,0.41985407044757,-0.807974365535703,0.112441417926066,-0.680516408119918,1.25602130564832,0.84576088122945,-0.852152249993058,0.821242595952816,1.32373599388575,-0.50340585379935,-0.046127749094446,-0.0319901887671055,0.180828409093156,1.50739714814467,-0.536846365635865,0.507399571087023,-1.74156051164767,-0.962669560027538,-1.26925858610693
1148673.49093727,1031547.08831332,-1.70798821652314,-1.47593083043971,0.674583300478131,0.637784445837505,-0.875591711260484,0.0704546088458146,-0.144042489873132,-0.298330507951966,0.579269819024034,1.52922451697078,-0.446669513484767,-0.224337088650161,0.351715163301236,-0.666051609071754,0.462419906522719,1.62346571158571,2.09175004561596,1.05976509505911,0.647145336884719,-0.797339580684935,-0.317026746579409,0.757495313262065,-0.194685294643325,0.532928028916706,1.51715197588594,-0.00304348680072409,0.682226622847675,-0.868268166633915,-1.25644212543974,-0.883361532323882,-1.12098178199125,-2.08590350455716,2.47425203100671,-0.695153996596385,0.49640721251009,-0.859715030208614,0.629201626299915,-0.28824818411203,0.222801275281072,0.367764796735652,0.397328230686569,-1.05395188409701,-0.442417974620444,-1.95785092753111,2.02827497637752,-1.35447051381163,0.160511980049933,1.26474805268689,-0.649690563998058,0.272925251868081,-0.450735533453766,-0.70094156103199,-0.736299630612022,0.890281378587775,0.532501577046473,0.710848417048816,-0.17689352550812,0.454852228582026,-0.819284281447567,0.17301509035459,-0.680477361043216,1.29214358398295,0.834554653563026,-0.806808031866889,0.811633308922044,1.2877555102461,-0.454764932906364,-0.0659227003821457,-0.0378833110458785,0.230052292396156,1.40058174299142,-0.57676872350784,0.521587108683584,-1.72092437516989,-0.962378262604157,-1.28820109819792
1156822.71585201,1031547.08831332,-1.72257953388623,-1.4709270419601,0.701412394442843,0.65852724465971,-0.84411873404047,0.101976490571182,-0.24540403641466,-0.32137534540713,0.560184779819444,1.48184457708182,-0.417610479970817,-0.213567121187925,0.428504303638644,-0.644322195619138,0.429883612574259,1.66229195830685,2.07743969111017,1.11783093497051,0.692476587864395,-0.846072102852086,-0.297278481352901,0.717055270415072,-0.152949873428501,0.508620759823358,1.51235926978875,0.0171317519310055,0.626852878310512,-0.903357991444227,-1.30656117306637,-0.904285949816935,-1.16776220944448,-2.19160855696878,2.46050702141442,-0.729479444209356,0.57735487939885,-0.932112659808767,0.631169558533216,-0.227609262568285,0.242558268002885,0.378153641071799,0.454066426284104,-1.03758560626644,-0.409453505058799,-1.97086265289077,2.00305289159358,-1.39982004941631,0.113665046641221,1.25987866805808,-0.700804115850341,0.372212259591171,-0.41805046336804,-0.670072121506858,-0.673122445941634,0.889207022997261,0.525118103458087,0.725930295818563,-0.221205604328502,0.472999587758215,-0.823288940623407,0.213371472145477,-0.683122748084395,1.31580518807353,0.821932265499206,-0.746036769368188,0.790632865848295,1.25126117276119,-0.4010836585044,-0.0606159886000682,-0.0852219605722449,0.279168521607893,1.28045407256442,-0.677583646884355,0.542833432124703,-1.69317818946615,-0.961761300628556,-1.26915677177105
1164971.94076674,1031547.08831332,-1.7351515824012,-1.46679178755072,0.725444847825271,0.676975611147303,-0.811467641255783,0.130816518683007,-0.344343657829689,-0.34230281811536,0.542728955725637,1.4329926886181,-0.39255497876462,-0.202956454285443,0.506127755318328,-0.622391757901857,0.397769924273097,1.69216391857253,2.06336132853584,1.17240538753339,0.735157494169527,-0.887539021958792,-0.273696314059271,0.682224541172345,-0.1115030152763,0.480715665849737,1.50136582678466,0.0343825116263375,0.571273571819881,-0.928044388889807,-1.34796798707046,-0.920806476736335,-1.2095970867029,-2.29713244725093,2.44503313420799,-0.758130190882129,0.651466679693899,-1.0041237837786,0.63005508285903,-0.169575670512804,0.264903613119945,0.386175664458761,0.503629937774777,-1.0236338074182,-0.373905551428542,-1.9775029375178,1.97386059285613,-1.43820376594976,0.0767259593482384,1.25062302508777,-0.7441071708742,0.464511334719335,-0.388902758831221,-0.640912757605853,-0.615796480725414,0.883844409084835,0.517258575345859,0.741989069841902,-0.266933430987866,0.489759866975947,-0.823470898160027,0.245933834984759,-0.685739889689124,1.33300768082616,0.808085815572426,-0.691822675963302,0.767793484803879,1.21632988515591,-0.353986804995159,-0.0521378089232577,-0.137976408968497,0.323093460969471,1.17011399166324,-0.759319242979534,0.562129055810287,-1.66650037838,-0.952125184089691,-1.24325451919187
1173121.16568148,1031547.08831332,-1.74405526945409,-1.46120941453517,0.74503134360303,0.696018786875054,-0.78413359637973,0.157215198663164,-0.439144194530142,-0.362713549807445,0.527458246318264,1.38608375872964,-0.367872638575554,-0.193695588537934,0.57381487445322,-0.594758731604974,0.369424293987093,1.71762990693084,2.04320869965713,1.21339434037777,0.76869448657433,-0.923176352759625,-0.251534250866724,0.664127271466336,-0.0722649532896266,0.453089842962233,1.49042760714795,0.0460412613470168,0.52208674550639,-0.957585807391584,-1.3812752565409,-0.93742220727904,-1.24266114875679,-2.39413942254392,2.42630571110412,-0.780651414047106,0.71536951680452,-1.06576047760758,0.624246221865292,-0.117125976007801,0.281315274605226,0.393596695211446,0.551884753929725,-1.01123742418549,-0.334977816409888,-1.98205693141365,1.9439414345455,-1.47143334578033,0.0477261455444986,1.23695410602011,-0.782949460860722,0.556238749561978,-0.366194114947168,-0.615568891141015,-0.561078959951155,0.87576102930609,0.508986964088509,0.75312876367187,-0.305611988381732,0.502884368871421,-0.81676582808482,0.274745589884446,-0.687653507210296,1.35020925152166,0.799029106683864,-0.647391606289932,0.74875180203064,1.18006216134589,-0.311850267419063,-0.0431816831690594,-0.186871701752712,0.364148499544553,1.06606545763811,-0.81487617694895,0.573410385808814,-1.64151141488584,-0.942957354025429,-1.21869605612087
1181270.39059621,1031547.08831332,NA,NA,NA,NA,NA,NA,NA,NA,NA,NA,NA,NA,NA,NA,NA,NA,NA,NA,NA,NA,NA,NA,NA,NA,NA,NA,NA,NA,NA,NA,NA,NA,NA,NA,NA,NA,NA,NA,NA,NA,NA,NA,NA,NA,NA,NA,NA,NA,NA,NA,NA,NA,NA,NA,NA,NA,NA,NA,NA,NA,NA,NA,NA,NA,NA,NA,NA,NA,NA,NA,NA,NA,NA,NA,NA,NA
1189419.61551094,1031547.08831332,NA,NA,NA,NA,NA,NA,NA,NA,NA,NA,NA,NA,NA,NA,NA,NA,NA,NA,NA,NA,NA,NA,NA,NA,NA,NA,NA,NA,NA,NA,NA,NA,NA,NA,NA,NA,NA,NA,NA,NA,NA,NA,NA,NA,NA,NA,NA,NA,NA,NA,NA,NA,NA,NA,NA,NA,NA,NA,NA,NA,NA,NA,NA,NA,NA,NA,NA,NA,NA,NA,NA,NA,NA,NA,NA,NA
1197568.84042568,1031547.08831332,NA,NA,NA,NA,NA,NA,NA,NA,NA,NA,NA,NA,NA,NA,NA,NA,NA,NA,NA,NA,NA,NA,NA,NA,NA,NA,NA,NA,NA,NA,NA,NA,NA,NA,NA,NA,NA,NA,NA,NA,NA,NA,NA,NA,NA,NA,NA,NA,NA,NA,NA,NA,NA,NA,NA,NA,NA,NA,NA,NA,NA,NA,NA,NA,NA,NA,NA,NA,NA,NA,NA,NA,NA,NA,NA,NA
1205718.06534041,1031547.08831332,NA,NA,NA,NA,NA,NA,NA,NA,NA,NA,NA,NA,NA,NA,NA,NA,NA,NA,NA,NA,NA,NA,NA,NA,NA,NA,NA,NA,NA,NA,NA,NA,NA,NA,NA,NA,NA,NA,NA,NA,NA,NA,NA,NA,NA,NA,NA,NA,NA,NA,NA,NA,NA,NA,NA,NA,NA,NA,NA,NA,NA,NA,NA,NA,NA,NA,NA,NA,NA,NA,NA,NA,NA,NA,NA,NA
1213867.29025514,1031547.08831332,NA,NA,NA,NA,NA,NA,NA,NA,NA,NA,NA,NA,NA,NA,NA,NA,NA,NA,NA,NA,NA,NA,NA,NA,NA,NA,NA,NA,NA,NA,NA,NA,NA,NA,NA,NA,NA,NA,NA,NA,NA,NA,NA,NA,NA,NA,NA,NA,NA,NA,NA,NA,NA,NA,NA,NA,NA,NA,NA,NA,NA,NA,NA,NA,NA,NA,NA,NA,NA,NA,NA,NA,NA,NA,NA,NA
1222016.51516988,1031547.08831332,NA,NA,NA,NA,NA,NA,NA,NA,NA,NA,NA,NA,NA,NA,NA,NA,NA,NA,NA,NA,NA,NA,NA,NA,NA,NA,NA,NA,NA,NA,NA,NA,NA,NA,NA,NA,NA,NA,NA,NA,NA,NA,NA,NA,NA,NA,NA,NA,NA,NA,NA,NA,NA,NA,NA,NA,NA,NA,NA,NA,NA,NA,NA,NA,NA,NA,NA,NA,NA,NA,NA,NA,NA,NA,NA,NA
879749.068751066,1023397.86339859,NA,NA,NA,NA,NA,NA,NA,NA,NA,NA,NA,NA,NA,NA,NA,NA,NA,NA,NA,NA,NA,NA,NA,NA,NA,NA,NA,NA,NA,NA,NA,NA,NA,NA,NA,NA,NA,NA,NA,NA,NA,NA,NA,NA,NA,NA,NA,NA,NA,NA,NA,NA,NA,NA,NA,NA,NA,NA,NA,NA,NA,NA,NA,NA,NA,NA,NA,NA,NA,NA,NA,NA,NA,NA,NA,NA
887898.2936658,1023397.86339859,NA,NA,NA,NA,NA,NA,NA,NA,NA,NA,NA,NA,NA,NA,NA,NA,NA,NA,NA,NA,NA,NA,NA,NA,NA,NA,NA,NA,NA,NA,NA,NA,NA,NA,NA,NA,NA,NA,NA,NA,NA,NA,NA,NA,NA,NA,NA,NA,NA,NA,NA,NA,NA,NA,NA,NA,NA,NA,NA,NA,NA,NA,NA,NA,NA,NA,NA,NA,NA,NA,NA,NA,NA,NA,NA,NA
896047.518580533,1023397.86339859,NA,NA,NA,NA,NA,NA,NA,NA,NA,NA,NA,NA,NA,NA,NA,NA,NA,NA,NA,NA,NA,NA,NA,NA,NA,NA,NA,NA,NA,NA,NA,NA,NA,NA,NA,NA,NA,NA,NA,NA,NA,NA,NA,NA,NA,NA,NA,NA,NA,NA,NA,NA,NA,NA,NA,NA,NA,NA,NA,NA,NA,NA,NA,NA,NA,NA,NA,NA,NA,NA,NA,NA,NA,NA,NA,NA
904196.743495267,1023397.86339859,NA,NA,NA,NA,NA,NA,NA,NA,NA,NA,NA,NA,NA,NA,NA,NA,NA,NA,NA,NA,NA,NA,NA,NA,NA,NA,NA,NA,NA,NA,NA,NA,NA,NA,NA,NA,NA,NA,NA,NA,NA,NA,NA,NA,NA,NA,NA,NA,NA,NA,NA,NA,NA,NA,NA,NA,NA,NA,NA,NA,NA,NA,NA,NA,NA,NA,NA,NA,NA,NA,NA,NA,NA,NA,NA,NA
912345.96841,1023397.86339859,NA,NA,NA,NA,NA,NA,NA,NA,NA,NA,NA,NA,NA,NA,NA,NA,NA,NA,NA,NA,NA,NA,NA,NA,NA,NA,NA,NA,NA,NA,NA,NA,NA,NA,NA,NA,NA,NA,NA,NA,NA,NA,NA,NA,NA,NA,NA,NA,NA,NA,NA,NA,NA,NA,NA,NA,NA,NA,NA,NA,NA,NA,NA,NA,NA,NA,NA,NA,NA,NA,NA,NA,NA,NA,NA,NA
920495.193324734,1023397.86339859,NA,NA,NA,NA,NA,NA,NA,NA,NA,NA,NA,NA,NA,NA,NA,NA,NA,NA,NA,NA,NA,NA,NA,NA,NA,NA,NA,NA,NA,NA,NA,NA,NA,NA,NA,NA,NA,NA,NA,NA,NA,NA,NA,NA,NA,NA,NA,NA,NA,NA,NA,NA,NA,NA,NA,NA,NA,NA,NA,NA,NA,NA,NA,NA,NA,NA,NA,NA,NA,NA,NA,NA,NA,NA,NA,NA
928644.418239468,1023397.86339859,NA,NA,NA,NA,NA,NA,NA,NA,NA,NA,NA,NA,NA,NA,NA,NA,NA,NA,NA,NA,NA,NA,NA,NA,NA,NA,NA,NA,NA,NA,NA,NA,NA,NA,NA,NA,NA,NA,NA,NA,NA,NA,NA,NA,NA,NA,NA,NA,NA,NA,NA,NA,NA,NA,NA,NA,NA,NA,NA,NA,NA,NA,NA,NA,NA,NA,NA,NA,NA,NA,NA,NA,NA,NA,NA,NA
936793.643154201,1023397.86339859,NA,NA,NA,NA,NA,NA,NA,NA,NA,NA,NA,NA,NA,NA,NA,NA,NA,NA,NA,NA,NA,NA,NA,NA,NA,NA,NA,NA,NA,NA,NA,NA,NA,NA,NA,NA,NA,NA,NA,NA,NA,NA,NA,NA,NA,NA,NA,NA,NA,NA,NA,NA,NA,NA,NA,NA,NA,NA,NA,NA,NA,NA,NA,NA,NA,NA,NA,NA,NA,NA,NA,NA,NA,NA,NA,NA
944942.868068935,1023397.86339859,NA,NA,NA,NA,NA,NA,NA,NA,NA,NA,NA,NA,NA,NA,NA,NA,NA,NA,NA,NA,NA,NA,NA,NA,NA,NA,NA,NA,NA,NA,NA,NA,NA,NA,NA,NA,NA,NA,NA,NA,NA,NA,NA,NA,NA,NA,NA,NA,NA,NA,NA,NA,NA,NA,NA,NA,NA,NA,NA,NA,NA,NA,NA,NA,NA,NA,NA,NA,NA,NA,NA,NA,NA,NA,NA,NA
953092.092983668,1023397.86339859,-2.38168356246459,-1.35565371424174,0.198875916289317,-0.372529640252212,-0.465524538720409,-0.630470115700377,-0.389867862956032,-2.13505912015552,0.514738769070775,0.386084893146613,-0.800520140593632,0.554675032140584,2.10910029931884,-1.14131018629228,-0.449704105367134,0.31034811722706,0.859528130200092,0.543455950063372,1.56625981210809,-1.56247674556481,-0.787841327937257,1.09614821207701,0.76452885696535,1.51851218309118,0.734414745832915,0.19540481863067,0.940493090002991,-0.114340996041769,-1.74272117067336,-0.920371435038452,-0.4981440869931,-1.06560010428272,1.56294892558567,-0.0806140722726126,0.821690222060802,-1.21792249172784,0.613555211920073,0.408155403062179,0.253886887613084,1.62558615912713,0.735575671137985,-0.998313914922919,0.652997631602963,-1.66851015137791,0.822667845022526,-1.32048533121308,1.7026210718151,0.566940745959665,-0.253149313661588,-0.172703358927057,-0.905379006739348,-0.20815939203825,-0.0644627252366876,0.465783456218269,0.00248514915109603,-0.0454971765379809,0.167940385595126,0.86548939104735,-0.328519854477008,0.0824837726685831,-0.0309503737174214,0.957530985264537,1.59304554262448,-1.37429667445805,-0.0928484665919191,1.33831260261803,-0.878163482120085,0.433070592957478,-0.237139074445912,0.343712276332915,1.86954997153398,0.337716753411178,0.0597558238576704,-1.90626371608477,-1.1842192659351,-0.647526652363288
961241.317898402,1023397.86339859,-2.30501366808004,-1.42728809139555,0.179326269744173,-0.302070182375522,-0.531845865700148,-0.650424396025222,-0.327371956974101,-2.06082634171799,0.497398156944204,0.526029642526266,-0.837755259566407,0.47339580609553,2.09013677423112,-1.13256821889393,-0.421597177095155,0.369218285364069,1.02367289979922,0.539950361414658,1.54050519460739,-1.49707480648632,-0.775689316954632,1.12482288593756,0.728459047937707,1.49084852103229,0.778633409957614,0.179698886709781,0.947793963948058,-0.110221914673644,-1.70063386857856,-0.904043398780909,-0.491661068406499,-1.09898391991354,1.62748055282075,-0.194048551657249,0.75188731000719,-1.20457913133048,0.596765443240733,0.365175759280768,0.243077982120027,1.53416621907569,0.657316800525474,-1.03535565282787,0.638981022796243,-1.68461902342734,0.90492060000046,-1.27924489457226,1.68985260559125,0.593112708773564,-0.217425677955949,-0.180524913422199,-0.926999895378226,-0.273038581830448,-0.0932898772599826,0.455666507481818,0.016895477532825,-0.0240450386309592,0.117560154981706,0.83344284265762,-0.344417014366932,0.0416430441178025,-0.0286935863216268,0.95458491460075,1.56637028546184,-1.36162643687584,-0.0424082517233376,1.404642643298,-0.843837463980178,0.432200697602034,-0.161109029851976,0.298097991240341,1.92650849685475,0.26330220771896,0.0575767593376307,-1.92173506387671,-1.16138138621889,-0.675425988843039
969390.542813136,1023397.86339859,NA,NA,NA,NA,NA,NA,NA,NA,NA,NA,NA,NA,NA,NA,NA,NA,NA,NA,NA,NA,NA,NA,NA,NA,NA,NA,NA,NA,NA,NA,NA,NA,NA,NA,NA,NA,NA,NA,NA,NA,NA,NA,NA,NA,NA,NA,NA,NA,NA,NA,NA,NA,NA,NA,NA,NA,NA,NA,NA,NA,NA,NA,NA,NA,NA,NA,NA,NA,NA,NA,NA,NA,NA,NA,NA,NA
977539.767727869,1023397.86339859,NA,NA,NA,NA,NA,NA,NA,NA,NA,NA,NA,NA,NA,NA,NA,NA,NA,NA,NA,NA,NA,NA,NA,NA,NA,NA,NA,NA,NA,NA,NA,NA,NA,NA,NA,NA,NA,NA,NA,NA,NA,NA,NA,NA,NA,NA,NA,NA,NA,NA,NA,NA,NA,NA,NA,NA,NA,NA,NA,NA,NA,NA,NA,NA,NA,NA,NA,NA,NA,NA,NA,NA,NA,NA,NA,NA
985688.992642603,1023397.86339859,-2.16481795739094,-1.58845668778629,0.167275006680981,-0.133255792301108,-0.61495949276627,-0.681158066484561,-0.168955400626335,-1.78869133150636,0.421957758382572,0.935673906738386,-0.942046691219902,0.270470785448007,1.932235730071,-1.14097825792524,-0.265629587578055,0.521369046506346,1.43956738776022,0.60016043552064,1.45209773039528,-1.32736921428711,-0.667041326689243,1.17599745897304,0.554295233827207,1.36912308119965,0.847977952001423,0.107901466268525,0.965404759923759,-0.0899257487911794,-1.57073010800684,-0.881148630312444,-0.461403123107058,-1.07784598136173,1.76841470609613,-0.37358187500155,0.565111813202072,-1.10121872618299,0.52671633927245,0.224592985844946,0.198214619799512,1.25630954492686,0.444386556246514,-1.16684023793404,0.57989268181725,-1.76734914396393,1.18169246263273,-1.19887937662466,1.61485955255514,0.71012278016596,-0.183045530354598,-0.214922777107768,-0.963068290658921,-0.440982411940025,-0.186830137627457,0.439096237809731,0.0972242837536835,0.0792586375739968,0.0220723210361168,0.771595519577936,-0.428713735217342,-0.0752675461354371,-0.0215875155418533,0.888391278770524,1.44804307068446,-1.31644374319769,0.11764100704105,1.59342249009182,-0.833731013242865,0.405230989459447,-0.023873034474258,0.206499489893494,2.07667600218614,0.0941387351882512,0.108684756399735,-1.95939130216551,-1.15580483931559,-0.820167089085082
993838.217557336,1023397.86339859,-2.12156165374599,-1.63140619654746,0.178359029951749,-0.0763681058787633,-0.62156479206473,-0.682971482808211,-0.113077508526988,-1.67002168049138,0.388832284322632,1.0936082495637,-0.973550106387401,0.196943245931045,1.83421706224103,-1.14386260335399,-0.187397003725463,0.581613661383207,1.58590893970531,0.636490783748969,1.42323878732754,-1.26378385712732,-0.60850128135651,1.18880323293313,0.468629586338321,1.3139093388694,0.863043082634558,0.070113454687881,0.968474222188783,-0.0818991722025815,-1.51623914918754,-0.874988248163695,-0.454668707937979,-1.04176574598067,1.8174265665282,-0.405629639659502,0.488220283799714,-1.04239173217524,0.502489036268678,0.165410300094374,0.181977303368622,1.13781889171477,0.360805369687204,-1.22900023614123,0.542312314878016,-1.80204787824612,1.31282555113303,-1.18007530180725,1.56560034826906,0.767747443369367,-0.181720184276637,-0.222492417024959,-0.968133416037862,-0.49917199691605,-0.218167072557507,0.438051064992915,0.14635140124134,0.136981592789006,-0.00348879301330355,0.751764107302929,-0.463154497929229,-0.119769269822907,-0.0274746579899004,0.851859951576549,1.39527486559796,-1.29670582536207,0.180455405122395,1.65992462040183,-0.848947942658466,0.386076793219258,0.0165939093863991,0.172918001455897,2.10657933837318,0.0266169987222207,0.113335848434653,-1.970224424057,-1.14565348237625,-0.90883468947362
1001987.44247207,1023397.86339859,-2.0852841682071,-1.64654652106117,0.19968206091118,-0.0258454581685938,-0.62368933732743,-0.658467755473618,-0.0883073694768265,-1.57256359711452,0.362486000043802,1.19222986742241,-0.985374693562395,0.138375162436719,1.72604323232363,-1.13464690539237,-0.11647865513366,0.642941432070965,1.70016832658334,0.660270823173899,1.37889612633691,-1.2105180048118,-0.560029527018861,1.20444114962708,0.403305667840301,1.26336462914484,0.901058821269354,0.0340021843617271,0.964531619950185,-0.0835887049121345,-1.45654046504457,-0.858404503240741,-0.469254329296453,-1.06368527533348,1.87552930579559,-0.426252122565324,0.436276572689774,-0.988817256059093,0.478258890720392,0.112347116787595,0.169202111301055,1.05799618209098,0.296872952250089,-1.27292392753892,0.490650903240372,-1.80909307458919,1.42467914870251,-1.17772418012994,1.5143230279537,0.818191390481496,-0.208934978686404,-0.204541379605022,-0.972283889539577,-0.546839213426013,-0.253505491372299,0.445193135138817,0.187887274632909,0.18420089314841,-0.0375201766259737,0.731130944462174,-0.492476267744899,-0.13005899285659,-0.0637466017838343,0.841334328078672,1.35745363062859,-1.26508645341069,0.244927610939748,1.70045012083712,-0.871028689878166,0.355048882906121,0.0190341464558716,0.136542742609292,2.12072603288666,-0.0134703789293369,0.132384758871821,-1.97211711513023,-1.13819557067886,-0.954657366637801
1010136.6673868,1023397.86339859,-2.05756833198154,-1.63926059518222,0.225035386428873,0.0176689602725216,-0.624318958029383,-0.612437012365659,-0.0931005067480901,-1.49660433495952,0.344994397278943,1.23490656079129,-0.980973152791704,0.100963713331029,1.62071450035015,-1.11494680153935,-0.0528393221073333,0.699304091510063,1.78455421154461,0.672778010150626,1.32188343075875,-1.17120610513509,-0.522681613037944,1.22077631163898,0.357815182849421,1.22081908484645,0.95671916859141,0.00139221082832165,0.956071108193932,-0.0943739398601182,-1.39517179894956,-0.83482417174289,-0.499048180846458,-1.13387673141931,1.93800606316965,-0.437829869133922,0.409578617548365,-0.947914757188575,0.454369181290169,0.0688070893621199,0.164706259964175,1.01863362290892,0.256154613320089,-1.29478272964,0.435675458677054,-1.79458829252862,1.51092746856743,-1.18779036302397,1.46534374484978,0.860485184315502,-0.257451218656205,-0.167928059130866,-0.976127799089003,-0.581222842209367,-0.297046562699019,0.458105818112032,0.21556023370242,0.214588960895707,-0.0745188997273808,0.712222034324279,-0.51542246536348,-0.110715652661951,-0.122018838972426,0.854505053240734,1.33451667680793,-1.225391157809,0.314321416095045,1.71881880574749,-0.899511911462466,0.318834814154656,-0.0133552619535488,0.0996197373176533,2.12125450938941,-0.0338646096286487,0.16643718881174,-1.97367000060964,-1.14082939415038,-0.966511438355522
1018285.89230154,1023397.86339859,-2.02652932520942,-1.62245548224385,0.254493757991677,0.0642813804598574,-0.621343088473322,-0.553923359426004,-0.106387130995159,-1.41984712231143,0.328652755893491,1.26151317649988,-0.968868113389316,0.0675051187967986,1.50428636543595,-1.08828315229116,0.0139670600530191,0.75878061834411,1.86454401156769,0.683010637310483,1.25187918799354,-1.13025121702419,-0.484523818458707,1.23855163691431,0.31547543840582,1.17524923113033,1.02236477721219,-0.031441117175923,0.945162413853436,-0.107314169615369,-1.32632594921012,-0.804256681376142,-0.534257602762986,-1.2280512659338,2.00487450058641,-0.446237076241845,0.39167261006857,-0.906814766821298,0.427024107545677,0.0255027689728961,0.163207034256499,0.989764327385369,0.220748602826436,-1.30679991172206,0.376109027416611,-1.76861910777752,1.59225712107618,-1.19920819354378,1.41217593460288,0.903006191097421,-0.316866655247055,-0.121472801465239,-0.977492891735255,-0.613184400016688,-0.347205341258596,0.474554484258138,0.240157526420134,0.241779754893423,-0.11464169552651,0.692553906293182,-0.537570145450608,-0.0780740870609782,-0.192724785550672,0.877192684673102,1.31322846898657,-1.17739621888398,0.390615305772736,1.73087177850223,-0.930348821155917,0.278713222391497,-0.0612635920122296,0.0605814466357383,2.10486496024872,-0.0621115259092522,0.21293909571177,-1.98089822331003,-1.15438440790212,-0.976656184534753
1026435.11721627,1023397.86339859,-1.9934586491931,-1.59953093668609,0.287903239497512,0.121066062472828,-0.616479680548037,-0.4829120370994,-0.122269495647066,-1.31765358146742,0.321390922164138,1.28868591863706,-0.953473985415959,0.0369457008813268,1.36338717713963,-1.05304041236035,0.0898421112067611,0.823093607415595,1.94419049066426,0.699874904171574,1.17604915067351,-1.08754341015008,-0.440226473661173,1.25444066960913,0.257100214507451,1.11892566749761,1.09180179955081,-0.0649940343394589,0.930370010242748,-0.12449140603688,-1.25846771239337,-0.771688009394918,-0.568221948438446,-1.34098308797461,2.07614820174207,-0.450007288414081,0.367408350103797,-0.873224469641768,0.402856336427811,-0.0235922008246291,0.167684646977718,0.949394091223101,0.182919124819092,-1.31734799955647,0.311293155587479,-1.74440183838813,1.67821202043558,-1.20731235178302,1.3404543814402,0.949646683356355,-0.372963401795283,-0.0738848294235826,-0.969812141800186,-0.645117870376581,-0.402164128089084,0.501057418070257,0.262954844502898,0.274622682059744,-0.153009868741785,0.674088210314533,-0.560091118481116,-0.041279538739611,-0.272192871257968,0.904449469620188,1.283530788884,-1.12482590315614,0.470739171136958,1.73811851741217,-0.963043150475511,0.240079465403847,-0.108584750463088,0.0130138949166389,2.08255284080588,-0.105847021271974,0.267117024701678,-1.99103055994557,-1.16457544210177,-0.996888759616295
1034584.342131,1023397.86339859,-1.9821687402702,-1.58427546635566,0.316462188661465,0.177888655485352,-0.615568205472106,-0.41849649638127,-0.133953666117042,-1.20605416826006,0.344507949033194,1.30859305183062,-0.939512382352826,0.0168421168303713,1.23938764446928,-1.01888561275575,0.137653582035093,0.873846701463998,1.98344308527713,0.724582397385352,1.13910839882383,-1.06122156949626,-0.409920313879367,1.26533521136306,0.19006509840228,1.0591508414896,1.13618253118537,-0.0745192520026714,0.916113482221904,-0.1497996206068,-1.24888730364991,-0.758149195014729,-0.588421797819653,-1.44366371305607,2.12986349997431,-0.438960901836385,0.341676260527849,-0.879729045514109,0.405366784856979,-0.0610793101069825,0.176330695466089,0.901118729385122,0.153359645924012,-1.33178559094319,0.258579719114169,-1.74570835571065,1.73123045609747,-1.21864841592138,1.26730753097446,0.989151895597569,-0.394061565789786,-0.0531789524376241,-0.936458337087976,-0.667382043409439,-0.41819366346951,0.540806649548258,0.271458259707444,0.317664011568283,-0.168226110686601,0.664612878469192,-0.580984784068425,-0.0097096763214054,-0.331602053678698,0.932684377121947,1.24845001590453,-1.09443238419102,0.514157533724614,1.73484389866296,-0.97980435345581,0.226538407965564,-0.120491555501819,-0.0260824185551215,2.07442662732282,-0.157394983448897,0.303831137766625,-1.99821864138503,-1.14493074896662,-1.03123985655017
1042733.56704574,1023397.86339859,-1.97899504811518,-1.5727590762995,0.339455545041869,0.230937889401204,-0.620110229668062,-0.361528903178938,-0.143041666932407,-1.10474630961103,0.378949970876493,1.32098061473957,-0.923942827827466,-0.0015881007194264,1.13377068750742,-0.985040883623712,0.164640182292794,0.914850279654231,2.00095401024559,0.747466497833086,1.12389436233648,-1.03954108401367,-0.389733891954661,1.2749872211154,0.127847288928248,0.999488914639825,1.16576390153878,-0.0689765435400103,0.90405335715928,-0.179566305979164,-1.26859818926288,-0.753884919369314,-0.603330795704131,-1.52933352162244,2.17097078093884,-0.421140645610131,0.318437251831338,-0.900911897627328,0.420177482985905,-0.0883633811160425,0.183729971512597,0.854356350700371,0.12759357603861,-1.34691718572184,0.211339396433986,-1.75372055491998,1.75992871067073,-1.23471679222126,1.20349782648814,1.0247607314119,-0.400683269206721,-0.0462181350806175,-0.890992568902301,-0.683100444609645,-0.407169135095657,0.579527434478097,0.273759702390888,0.363955435060412,-0.172438035637857,0.655977198596483,-0.601558201953812,0.0197446021341344,-0.375697139830518,0.958559370750945,1.21261347980286,-1.07394890428522,0.541191767394649,1.72774531352017,-0.983033033709734,0.225669119407239,-0.114778893206289,-0.0546572600697265,2.06661239565752,-0.206222197071422,0.331818494892343,-2.00552210076594,-1.11989228209564,-1.06598651595787
1050882.79196047,1023397.86339859,-1.97079583044392,-1.5581784952146,0.362131232155424,0.285024907174081,-0.627016413591359,-0.303484188009868,-0.14961440148191,-1.0026314528445,0.414615975810632,1.33354700896529,-0.905593140478762,-0.0214687706442741,1.02353599495411,-0.948091126677483,0.192291057653653,0.956303063156974,2.01818047085837,0.771081444389879,1.10556085935525,-1.0144431386072,-0.367575986915933,1.28302302267924,0.0643955433574137,0.937072022704015,1.19509783758441,-0.0638642864926016,0.890980673969968,-0.21158247646104,-1.28578149961063,-0.74844459965351,-0.62011170438408,-1.61734106543622,2.21168199254054,-0.403308263095261,0.294471558157522,-0.922097318662033,0.436241031254538,-0.115661325089377,0.191620807834216,0.804237529040192,0.101258045714651,-1.36006856458962,0.16053207222573,-1.75950992910833,1.78784998483082,-1.24940952576035,1.13634251918513,1.0605432894237,-0.404892721053944,-0.0387683575771891,-0.843342685283471,-0.697543769090196,-0.396787007960824,0.616896834070589,0.277050433635262,0.409466212689057,-0.175831680834757,0.642957871853336,-0.621791139232153,0.0474780980844137,-0.419891699415789,0.984301000782318,1.17434275547401,-1.05206605980684,0.568536571688103,1.71808799742355,-0.982216882385378,0.225496921723943,-0.108706861999879,-0.0815248797935574,2.05299119131823,-0.254939645274787,0.362391261430013,-2.01237793808124,-1.10000914386263,-1.09713807662916
1059032.01687521,1023397.86339859,-1.944865193924,-1.54241171717476,0.383714388165814,0.343540527849541,-0.65293599585653,-0.243265747967514,-0.139095723869156,-0.887693942074694,0.451391603540483,1.35494147477482,-0.876577123431872,-0.0499168759843244,0.91382665901011,-0.907890472217743,0.223821367879813,1.00415859174902,2.0454309822962,0.801689248669322,1.06310830611887,-0.977019988436685,-0.336562736440755,1.28083580269244,0.00439548801797325,0.876465641236287,1.23159816063886,-0.0691085773183791,0.878062572024518,-0.254623800383572,-1.28563530974349,-0.743363622671311,-0.654808768898098,-1.70985442042369,2.26402326812952,-0.397156302699997,0.270576745818543,-0.945038940033752,0.453433353581368,-0.147053603291661,0.199069768823559,0.743008549930546,0.0741802401664804,-1.36625692833693,0.0947583316185369,-1.7648484210028,1.8254408012882,-1.25785389850419,1.0592179422427,1.10002735719892,-0.396701074490559,-0.0316606211177249,-0.792751760775247,-0.712505151734504,-0.410651612731038,0.646453793781276,0.287874048370399,0.444194466682287,-0.179501640526173,0.601185423604563,-0.643744305079411,0.0533874035653695,-0.465477643834219,1.01032735313752,1.12980741026161,-1.03268402605893,0.601208304750366,1.7023425242326,-0.962895412290325,0.2275984301884,-0.106754761491462,-0.0941401286601899,2.03908673161369,-0.311388393272007,0.392780177351183,-1.99438529520179,-1.07895850636638,-1.11987686346653
1067181.24178994,1023397.86339859,-1.90095223687527,-1.53420445717177,0.404496412249508,0.398287266096762,-0.696783451414812,-0.190915201325229,-0.104263126502892,-0.77064265675129,0.480427010176504,1.38609136954051,-0.836973280120368,-0.081696109100509,0.827263872694817,-0.878566779552827,0.255823195059456,1.05313819418745,2.08040668927813,0.839101063344524,0.991447680190663,-0.93072546404105,-0.297013555945033,1.26207955104816,-0.0393376153702614,0.836464498266657,1.27299083316108,-0.0894158894999603,0.869213094626447,-0.298766133990599,-1.25686121995752,-0.741003061454814,-0.706083302727077,-1.7919969235651,2.3244785906525,-0.409849548361457,0.254837069629395,-0.967267443488876,0.463651176817812,-0.181324272516532,0.202648679453474,0.676544298840185,0.0519315091375367,-1.3605539302726,0.0231748309947612,-1.77229332774921,1.87505424273408,-1.24682898934574,0.978467349468542,1.13624789025318,-0.369785494265222,-0.0273942245660331,-0.748672444463164,-0.728483963709525,-0.464763980613831,0.663425980891541,0.309602455051947,0.455476976265674,-0.184373582498256,0.528046738486364,-0.665915115860696,0.0241090727538539,-0.507703510216308,1.03103884088603,1.08450628255391,-1.02223818224791,0.633402813209717,1.68384800579109,-0.918406269543647,0.233429886317504,-0.112743665727187,-0.0834455526404006,2.0268994798692,-0.37419827607273,0.409864961691379,-1.94685232461658,-1.06198777784361,-1.12533490113103
1075330.46670467,1023397.86339859,-1.8512553513451,-1.52776135861076,0.426569499090327,0.4493176168864,-0.740430821521219,-0.142738179534301,-0.061339927852526,-0.657284378808348,0.505334313667877,1.41885477021485,-0.793801919108454,-0.11017515312666,0.751148649686284,-0.855025399840074,0.28757877216659,1.09973930009739,2.11383597821964,0.878094600823911,0.911831978468746,-0.882814773318505,-0.25455152247132,1.23736465591152,-0.075317900368182,0.807241823626656,1.31337837801279,-0.113029378706999,0.862479660825582,-0.337266638506004,-1.21619641519691,-0.737653608721053,-0.757489464953933,-1.86598410843345,2.3824810754378,-0.42658604034701,0.244664217613032,-0.986424935885872,0.469887232464538,-0.214748485497514,0.205061839253916,0.610417224952298,0.0338794576967149,-1.34810369085013,-0.0450883270628264,-1.77836523376316,1.92673069846561,-1.22361779358293,0.897368281227529,1.16821987099996,-0.335335839143555,-0.0233743638118353,-0.707480397131113,-0.743175641244875,-0.531766469507183,0.677658358436324,0.335265711616797,0.458614497435747,-0.188342500534487,0.448938873618042,-0.685498619488922,-0.0157458085715362,-0.546854738006383,1.04854701288844,1.04048103937702,-1.0135630396809,0.662469197059206,1.66506315286982,-0.865597958280661,0.241590826661914,-0.120175523740034,-0.0652833973752885,1.99968849528289,-0.445585264006547,0.406332266577438,-1.90789599616991,-1.0638078204659,-1.11311454883396
1083479.69161941,1023397.86339859,-1.79768462266791,-1.52252335025605,0.451849435690522,0.502906534024772,-0.780751839438418,-0.0912851157592803,-0.0188710190686308,-0.541244620154803,0.528179837515004,1.4477192694237,-0.744005994098364,-0.13708446875725,0.669525085630955,-0.832326071234273,0.319921223150114,1.14743768808616,2.14486391314391,0.917107412770642,0.82791588941987,-0.831448773042074,-0.211396153949032,1.20830712612328,-0.111608505775016,0.778044071109735,1.35384925571699,-0.135002153941182,0.855348676601454,-0.374058886850991,-1.17075485129225,-0.732482591411478,-0.806624822246752,-1.94030502328022,2.43773479259312,-0.442482177924289,0.237516388094055,-1.00059015160582,0.472587123804204,-0.250575089313657,0.205965216971075,0.541393309924793,0.0156661184617474,-1.33173624236013,-0.11615069368407,-1.78101235424174,1.9750519963823,-1.19364953557744,0.809484914791213,1.2002034474599,-0.303263296799625,-0.0178960977317763,-0.664000410294018,-0.758741065520059,-0.603838892928151,0.69367977093338,0.363361209123863,0.467022603972099,-0.194090307915636,0.369718433375968,-0.706856378691285,-0.0550263152495517,-0.589408915605855,1.06395621657774,0.991949082283815,-1.0001045608587,0.695855743975147,1.64512402499365,-0.806580533139677,0.248323983366164,-0.12930334754956,-0.0459064254282177,1.96217453362631,-0.523547870643579,0.396593433206325,-1.87232576411344,-1.07072767215006,-1.09057310517315
1091628.91653414,1023397.86339859,-1.75204017190593,-1.52860099411396,0.478294527181932,0.556655119407585,-0.806051203699375,-0.0474378582176152,0.00630784812287396,-0.438700743953116,0.548440311736367,1.4741627641355,-0.690436464351062,-0.160504472474778,0.59893476280639,-0.808822284614852,0.355186008194552,1.20057937062183,2.17373771260186,0.9433359277304,0.774607886148678,-0.787569950249346,-0.196799117157996,1.16780580076744,-0.138286813110277,0.732792874398936,1.38619017612215,-0.152397428157204,0.841135358760186,-0.424648390633695,-1.13001630319772,-0.730921004291559,-0.844185657149719,-1.98142195517916,2.47669594273646,-0.466187586245571,0.243309649021694,-0.979213559216428,0.490852732457293,-0.291416531061129,0.195943447158416,0.479531338883604,0.00703190717659414,-1.32502385650328,-0.182441599508919,-1.78170874403858,1.99351228290494,-1.17555332295348,0.725734297873737,1.22667117472603,-0.314039255146967,2.96730699958743e-05,-0.630880404186831,-0.778099178829162,-0.675575356848223,0.711974362468522,0.404357180332387,0.524642854446892,-0.196969302689432,0.316490991012714,-0.728892323976292,-0.0851080998413715,-0.628600385435466,1.07514747887325,0.943282630226257,-0.966395913048282,0.7470373780253,1.61168815021579,-0.74765152200576,0.227796112052705,-0.141443430892705,-0.0279944407896212,1.91861158318042,-0.592694191079493,0.396420494575029,-1.84993555708802,-1.06214081680193,-1.07813474462463
1099778.14144887,1023397.86339859,-1.7175576716251,-1.53904471448836,0.507177803538858,0.604281694273198,-0.818735340793052,-0.0151815473673623,0.0169885009839807,-0.354886932443998,0.569883776215303,1.50145462071454,-0.646039986213248,-0.180452762210872,0.54450252443927,-0.786540061787695,0.388497815650483,1.25445857424992,2.19519723250889,0.952018836950171,0.751333512218751,-0.757590794538715,-0.207585815120591,1.12506112341031,-0.157444243915902,0.666736450499345,1.41352519343505,-0.170128208398868,0.822949981260325,-0.482267903447319,-1.09902841254975,-0.732935023253038,-0.873609803458872,-1.98063580357656,2.50289631636403,-0.49615734129684,0.258899291892214,-0.936854079419846,0.521373345282563,-0.332584046391414,0.176582779236455,0.429263973335985,0.00693575881027159,-1.33027897258293,-0.233148820702159,-1.77797110107685,1.99225422228456,-1.17110324842352,0.653802476577275,1.24816836001872,-0.356045766623313,0.0263688820420411,-0.609457252002651,-0.799929010973054,-0.736784797152333,0.728793893786065,0.453643151685064,0.599389911902059,-0.190950755332511,0.280700578510153,-0.745858852207702,-0.106951442661956,-0.656084917060734,1.08583380432296,0.896816549883006,-0.918169073347179,0.808752485065878,1.56953570294291,-0.695643326632532,0.188313306938686,-0.151919427832092,-0.0112525331756931,1.86539736833797,-0.629070723431825,0.406159513781838,-1.83409440554611,-1.03724233931753,-1.08722207910241
1107927.36636361,1023397.86339859,-1.68595035401511,-1.54915667781971,0.532969718836885,0.648121703577404,-0.829631256176484,0.0136779156582034,0.0242241859467467,-0.28042886485508,0.589355854883289,1.52596312242401,-0.604910274636362,-0.199137169003105,0.494904930717532,-0.765399982899299,0.419174875298915,1.30441624974347,2.21494115756986,0.958090692558783,0.733639544678265,-0.730965082355761,-0.221510033213094,1.08372752065262,-0.174053323291386,0.601990948633425,1.43698171033826,-0.186036084732522,0.804362307852519,-0.5399817410384,-1.07181314022327,-0.73516263722166,-0.90080713956971,-1.97593755025803,2.52448020164838,-0.525839655341289,0.274615694976885,-0.894163320820039,0.551838016664646,-0.371769026592745,0.15695475160895,0.38293681643347,0.00762462681560882,-1.33669722816551,-0.281228855095626,-1.77459786619916,1.9870161302348,-1.16922885320492,0.586533794624717,1.26723834784046,-0.401678118077466,0.0526065297470415,-0.591162731078646,-0.820416731441585,-0.79437056811057,0.743777678836523,0.499893359097535,0.672636509557273,-0.185147569555199,0.250512739186393,-0.761782677137792,-0.126016627305951,-0.681332229997508,1.09530671239219,0.852863054152684,-0.871632095743503,0.866645026966845,1.52768612850536,-0.647875060707955,0.147201037211296,-0.162340028752551,0.00378622700196535,1.80122291635599,-0.629579754311999,0.423001057655628,-1.80699062644511,-1.00077555934107,-1.10882362280811
1116076.59127834,1023397.86339859,-1.6559724518321,-1.55521763989709,0.559494437085194,0.686218032548325,-0.84309170511835,0.0423498054648428,0.0248799652010772,-0.214982899772212,0.607899825377712,1.54853292948703,-0.566520875609998,-0.218754549410944,0.444092967752406,-0.743438896202449,0.444063483134932,1.3587723661927,2.22713952723113,0.96188817778444,0.715067548900412,-0.713034595962803,-0.239844836470234,1.03795163900952,-0.190751028648308,0.536080931824712,1.46375100313609,-0.19463787402709,0.784860073429528,-0.604697825963725,-1.05579842274691,-0.741642615892803,-0.933413904667471,-1.97005566735065,2.54125100675337,-0.559215673896464,0.297115605738153,-0.85536344551141,0.582304721979825,-0.403181008521819,0.13622742737891,0.341174384001266,0.023040079489041,-1.33184875933967,-0.325479802530267,-1.77644782140767,1.9861718979427,-1.17549175477547,0.510210922965932,1.28482307373393,-0.451353524837445,0.0848030944367552,-0.570675242480277,-0.834212587487261,-0.84021086927807,0.758912137287129,0.539848854621147,0.729869588021396,-0.173489800852507,0.223782427701544,-0.77787665187126,-0.133430248193721,-0.700184430685158,1.11136795315821,0.810411994844251,-0.822943410932524,0.917756719261816,1.48237227119607,-0.598056453893459,0.104477268873118,-0.164347332073326,0.027650519253402,1.72508062452911,-0.612114197275406,0.445070173636969,-1.77211118809126,-0.964807240567969,-1.13764673398541
1124225.81619307,1023397.86339859,-1.63866911863374,-1.54974895235851,0.582336300390503,0.700409975837321,-0.866510357997338,0.0683721892568521,-0.00662892829880538,-0.193106638465493,0.615360635093795,1.55401531634986,-0.536321477088482,-0.233923862919011,0.401175737374603,-0.724331360098509,0.446437680623304,1.42570541844668,2.21597092810417,0.96340648295646,0.696615381726002,-0.72833822235294,-0.271285514100525,0.983849473068576,-0.199553851781165,0.49997110133773,1.4953272045687,-0.162818721237648,0.763943360657036,-0.685049621473784,-1.08752517353976,-0.765132728178049,-0.981056197553049,-1.98037928360562,2.53787987392682,-0.599863348791738,0.346767310983502,-0.835623823460127,0.604906754766794,-0.399794560672953,0.118870296208343,0.331735498463015,0.0907242963726494,-1.28045616854285,-0.355881345077117,-1.80657993871242,2.00302165721642,-1.21320819326109,0.416597366280976,1.29551728171691,-0.513221173711996,0.136782812053418,-0.546118287721796,-0.818786319523048,-0.832819147497046,0.775437353304071,0.550671771169646,0.731218626601838,-0.153352939731208,0.236662669834815,-0.797624494549833,-0.0846647197687931,-0.700708167954137,1.15080031080899,0.787039154061371,-0.778724142962998,0.935333997187138,1.43751469536039,-0.546578496867172,0.0606883806823258,-0.139907765352392,0.0797063572855892,1.64367740549431,-0.5968397473565,0.471271735174484,-1.7417107990019,-0.959060756559185,-1.16768088535379
1132375.04110781,1023397.86339859,-1.62741704970839,-1.54285356842472,0.597088070129423,0.700145504293081,-0.890432301277502,0.091445968921011,-0.0422088689162717,-0.190590826244487,0.616495227434076,1.5549460200703,-0.510218525349749,-0.250057658735445,0.364657517067911,-0.706762791400598,0.437345164677387,1.4900224424985,2.1975000807378,0.969086629851774,0.685659022237237,-0.756794798735262,-0.301862232322845,0.924800421655887,-0.205580689234739,0.481487576367668,1.52893514603491,-0.117819102161062,0.748493276589658,-0.765580277907593,-1.13790761809163,-0.792067674191333,-1.02534434999583,-1.99625795509685,2.52427152222648,-0.636054450231245,0.399182935119785,-0.82091848844455,0.629320264766208,-0.375118357365254,0.103165449406137,0.331961712273626,0.180286409122845,-1.21563272831128,-0.372817100493797,-1.84705448202968,2.02121485376319,-1.25884932920352,0.317584618164253,1.2999534770663,-0.568657752757977,0.190266750336648,-0.519586394634914,-0.789879915040132,-0.799684329807005,0.792289267017471,0.542829435449919,0.724589642086046,-0.12587561739872,0.257106832921444,-0.815823357659719,-0.0241166383984115,-0.687940028345855,1.19276622187542,0.775734629355294,-0.737393874448418,0.937517789457123,1.39635274073022,-0.499107024327835,0.0224644197596808,-0.100613524773862,0.142223165087498,1.54968347328605,-0.592656690826703,0.484474135562217,-1.72884905117943,-0.963058624757702,-1.21589221793914
1140524.26602254,1023397.86339859,-1.61635702061632,-1.53424766885317,0.611527914268373,0.701107958306544,-0.908181301008604,0.113525307200442,-0.0793533777210865,-0.1894939825517,0.616622699554129,1.5511239838861,-0.48532509779712,-0.261476744115962,0.337839759524311,-0.689398522108302,0.42790112688975,1.54626304087188,2.17876897796588,0.975561155558164,0.677102307843231,-0.781789976304601,-0.327041828033143,0.872250250944011,-0.206708077197004,0.465440200051335,1.55591350634067,-0.0758909333345426,0.731464076667865,-0.836132699137416,-1.18279950483691,-0.815197789657801,-1.0652901825882,-2.01367886411997,2.50917946710859,-0.668293284583144,0.449808349953132,-0.811162355093558,0.648498929769667,-0.349889452672877,0.0921392602690548,0.33492900358931,0.259076579431415,-1.15695745866717,-0.385255622297425,-1.88034638995345,2.03549901938233,-1.29917609711544,0.229327164731245,1.30263438667066,-0.619260867696661,0.242531308349972,-0.494949327102498,-0.761680527156554,-0.766804318158697,0.805852602736027,0.535579603576485,0.715754112707341,-0.104754401283534,0.27955196518023,-0.830409308896431,0.0327092762452869,-0.676509902127634,1.23031142091538,0.765352976803224,-0.698796608622581,0.936988714237331,1.35797117933566,-0.455277003619469,-0.0103565480290462,-0.0699813947113984,0.198214508056795,1.45246826062706,-0.59681519867636,0.492444573186045,-1.71869308156271,-0.963946970434719,-1.26265061809687
1148673.49093727,1023397.86339859,-1.61552724569457,-1.53073160220558,0.631080504740318,0.705615023982501,-0.911835151832693,0.138642490279121,-0.139308685218767,-0.194084812441138,0.615888638023425,1.53389557368454,-0.46259770836801,-0.267987366021825,0.348232948519145,-0.667146225228628,0.4113622821116,1.59604327904217,2.16338402748642,0.998926553360162,0.68067500309799,-0.806734007013743,-0.334650052858486,0.824893303890391,-0.192621191356726,0.437123950299307,1.56855278071667,-0.0362674361328389,0.699846960389012,-0.892733253097602,-1.22549044474875,-0.838055500432918,-1.11116442711474,-2.06917012045381,2.49496136171132,-0.699013044613541,0.513666729194489,-0.827666159594548,0.660881194679367,-0.309591213276135,0.0982976219435458,0.338053247976808,0.336155669643164,-1.10603782723247,-0.380136908611643,-1.9078947682138,2.03888585736259,-1.34017456191874,0.155830114375343,1.2973197177266,-0.667635783589943,0.315055895029288,-0.47014045795276,-0.730263142400723,-0.727369408174501,0.811471407274682,0.527025490772029,0.716590104462336,-0.10535656989578,0.308012301471807,-0.839513199466719,0.083104853609177,-0.669568165641779,1.26318438585196,0.752103518970382,-0.659870550871165,0.926406724703163,1.31859799719625,-0.412058960486429,-0.0325038734451296,-0.0710643349308149,0.254753702744725,1.34627827476167,-0.641490425547302,0.506215815229958,-1.70221586004839,-0.964173030137332,-1.28614048228538
1156822.71585201,1023397.86339859,-1.62958652131377,-1.53301334569789,0.660372612253906,0.716518445019155,-0.89550273586161,0.168800351694725,-0.240499670805302,-0.208375829832853,0.613250072014342,1.4925650725149,-0.442982787425624,-0.264962307115653,0.416020185700232,-0.637385864959709,0.383959350865955,1.63765376345859,2.15187876434509,1.04691255046762,0.700157780948444,-0.831213633307273,-0.316726440299539,0.786969594973376,-0.153727526987588,0.389800728846232,1.55739034168504,0.00346975840131294,0.642642715892795,-0.927861951203665,-1.26550658360771,-0.860939703783191,-1.16926046986666,-2.1880223314686,2.48119011385153,-0.728894914978944,0.600673951708316,-0.886671244299597,0.659753163451093,-0.247549572579626,0.132568901838779,0.3438400500937,0.411737720249257,-1.06273441003123,-0.350523681669463,-1.92725706927695,2.02697499588408,-1.38324735639606,0.107508319229472,1.27992001542341,-0.715964786117439,0.420126980378729,-0.444865697940563,-0.693787280145255,-0.678218398762828,0.804560861664899,0.517648075641356,0.726730609324142,-0.142176356665374,0.351958184423291,-0.840848436643678,0.129147930920721,-0.672195892305242,1.29111438005504,0.733619611423105,-0.621439860766954,0.898593580136841,1.27698908245332,-0.368266077636703,-0.0387552505688469,-0.123908734328054,0.312678802243254,1.23015854545917,-0.746837925416742,0.533176908010582,-1.67158571429489,-0.964229834270565,-1.26766181593267
1164971.94076674,1023397.86339859,-1.6442564372238,-1.53570479306862,0.689215636583455,0.72750018902065,-0.873600703557346,0.197690386609606,-0.347982408007006,-0.223076750566705,0.611016011980559,1.44455151397235,-0.426515066759026,-0.258891920784857,0.494690269781152,-0.606663425938843,0.355382095721959,1.66987850027826,2.14033030391317,1.09581289485414,0.720654264481243,-0.849435667978997,-0.291411651726221,0.755994514104406,-0.110410135852068,0.337650146757016,1.53634655198747,0.0404713198330285,0.580411902822332,-0.950064744756659,-1.29743762513996,-0.879856774219368,-1.22475645449442,-2.31791990127142,2.46529080929823,-0.753717602920196,0.685492730163726,-0.95304312059819,0.652814412002004,-0.185056290177852,0.173231802562831,0.349480557876676,0.478528067733901,-1.02352956822766,-0.315056281548308,-1.93882309712819,2.00888168367556,-1.42025970226759,0.073562412214534,1.25750076397983,-0.758108900202598,0.523946813421163,-0.422071003216474,-0.658193802710077,-0.631172526429993,0.79207241710191,0.508250306663234,0.737413871300799,-0.187329835862797,0.397476750702528,-0.837834956702634,0.168727022684113,-0.676771421503707,1.31297514639769,0.713632149628971,-0.587189726894708,0.86600210608921,1.23654550352521,-0.328851427093758,-0.0391714028344886,-0.191066223140466,0.365020422820854,1.12073427860101,-0.850480202377254,0.561110959733817,-1.63789470062746,-0.957692145055602,-1.23516066405308
1173121.16568148,1023397.86339859,-1.65353292380299,-1.53481385071678,0.713883656063627,0.742255599960551,-0.857248261073976,0.219977843374673,-0.447046105147989,-0.236756628132598,0.607148370500201,1.39948708030701,-0.408330361091581,-0.254549249383005,0.56274115241869,-0.573359937936603,0.328770686914013,1.69675537979646,2.12610388678851,1.13497312091999,0.737108481355601,-0.865172000674991,-0.267442649459863,0.734167866294707,-0.0709244858279624,0.292146118880819,1.51791022477031,0.0679075624960919,0.525068420353977,-0.96765671784578,-1.32145098382509,-0.898963926518157,-1.2713070689461,-2.43344722963151,2.44833952110761,-0.773838921283139,0.757043925407501,-1.01105360352251,0.642801631709535,-0.133809194004406,0.202914306370904,0.356557906913803,0.534090502819386,-0.990530587937335,-0.283093050019092,-1.94676949101673,1.98868933764915,-1.45040767201849,0.0471859577848067,1.23505490606259,-0.793850192343432,0.614883882222544,-0.401560653369363,-0.62925279258502,-0.587948572097936,0.78018336831752,0.496495069515306,0.745585707270884,-0.232357391242201,0.432997767575121,-0.831657691578228,0.204614713991312,-0.682834674141022,1.33261689590645,0.695893986088283,-0.558469558953109,0.83830478529747,1.19822641618252,-0.291586332110449,-0.039191505361994,-0.254470747913932,0.411417872352508,1.02268841034908,-0.912597395008525,0.582226999934042,-1.60685111375425,-0.943821490454263,-1.20403721093678
1181270.39059621,1023397.86339859,-1.65668911493941,-1.52454323084877,0.733165417918886,0.777377461926453,-0.850241118127658,0.233640011195356,-0.551522424804432,-0.261244744878997,0.596452678782399,1.35430530210889,-0.374633268420434,-0.251824063135333,0.62342906196593,-0.515818983390025,0.3056325210987,1.72339802313186,2.09419335572709,1.15483271450976,0.750975408594891,-0.888040524505088,-0.239835827543832,0.756570614289002,-0.0269304943466438,0.261855755760665,1.51025744597445,0.067076454317042,0.483371522655264,-1.00196355189051,-1.33698056814206,-0.930368960527284,-1.29771720846218,-2.53603254858721,2.42657156637358,-0.78618216430134,0.811819730980332,-1.06011205712555,0.618591612380127,-0.092415465480734,0.204937310393964,0.372436250032755,0.586118947895738,-0.974849432370858,-0.238410825580166,-1.95395487463795,1.95788097404529,-1.4775185105969,0.0393999460215463,1.20781026750172,-0.825676198087585,0.719140414656586,-0.386270492794809,-0.612542840004935,-0.532062865315695,0.769490442544625,0.477790029775048,0.748326965368416,-0.281395279019219,0.445294487843783,-0.807068724936045,0.240645671792539,-0.693414613996516,1.36128629133644,0.696677785193326,-0.540321294291415,0.824972620682819,1.15443422190285,-0.249028165370228,-0.0328371000637235,-0.316154980836625,0.457185831016813,0.920120770815404,-0.954603471676934,0.584590254941753,-1.57245585239388,-0.951381297471217,-1.17058983621044
1189419.61551094,1023397.86339859,NA,NA,NA,NA,NA,NA,NA,NA,NA,NA,NA,NA,NA,NA,NA,NA,NA,NA,NA,NA,NA,NA,NA,NA,NA,NA,NA,NA,NA,NA,NA,NA,NA,NA,NA,NA,NA,NA,NA,NA,NA,NA,NA,NA,NA,NA,NA,NA,NA,NA,NA,NA,NA,NA,NA,NA,NA,NA,NA,NA,NA,NA,NA,NA,NA,NA,NA,NA,NA,NA,NA,NA,NA,NA,NA,NA
1197568.84042568,1023397.86339859,NA,NA,NA,NA,NA,NA,NA,NA,NA,NA,NA,NA,NA,NA,NA,NA,NA,NA,NA,NA,NA,NA,NA,NA,NA,NA,NA,NA,NA,NA,NA,NA,NA,NA,NA,NA,NA,NA,NA,NA,NA,NA,NA,NA,NA,NA,NA,NA,NA,NA,NA,NA,NA,NA,NA,NA,NA,NA,NA,NA,NA,NA,NA,NA,NA,NA,NA,NA,NA,NA,NA,NA,NA,NA,NA,NA
1205718.06534041,1023397.86339859,NA,NA,NA,NA,NA,NA,NA,NA,NA,NA,NA,NA,NA,NA,NA,NA,NA,NA,NA,NA,NA,NA,NA,NA,NA,NA,NA,NA,NA,NA,NA,NA,NA,NA,NA,NA,NA,NA,NA,NA,NA,NA,NA,NA,NA,NA,NA,NA,NA,NA,NA,NA,NA,NA,NA,NA,NA,NA,NA,NA,NA,NA,NA,NA,NA,NA,NA,NA,NA,NA,NA,NA,NA,NA,NA,NA
1213867.29025514,1023397.86339859,NA,NA,NA,NA,NA,NA,NA,NA,NA,NA,NA,NA,NA,NA,NA,NA,NA,NA,NA,NA,NA,NA,NA,NA,NA,NA,NA,NA,NA,NA,NA,NA,NA,NA,NA,NA,NA,NA,NA,NA,NA,NA,NA,NA,NA,NA,NA,NA,NA,NA,NA,NA,NA,NA,NA,NA,NA,NA,NA,NA,NA,NA,NA,NA,NA,NA,NA,NA,NA,NA,NA,NA,NA,NA,NA,NA
1222016.51516988,1023397.86339859,NA,NA,NA,NA,NA,NA,NA,NA,NA,NA,NA,NA,NA,NA,NA,NA,NA,NA,NA,NA,NA,NA,NA,NA,NA,NA,NA,NA,NA,NA,NA,NA,NA,NA,NA,NA,NA,NA,NA,NA,NA,NA,NA,NA,NA,NA,NA,NA,NA,NA,NA,NA,NA,NA,NA,NA,NA,NA,NA,NA,NA,NA,NA,NA,NA,NA,NA,NA,NA,NA,NA,NA,NA,NA,NA,NA
879749.068751066,1015248.63848386,NA,NA,NA,NA,NA,NA,NA,NA,NA,NA,NA,NA,NA,NA,NA,NA,NA,NA,NA,NA,NA,NA,NA,NA,NA,NA,NA,NA,NA,NA,NA,NA,NA,NA,NA,NA,NA,NA,NA,NA,NA,NA,NA,NA,NA,NA,NA,NA,NA,NA,NA,NA,NA,NA,NA,NA,NA,NA,NA,NA,NA,NA,NA,NA,NA,NA,NA,NA,NA,NA,NA,NA,NA,NA,NA,NA
887898.2936658,1015248.63848386,NA,NA,NA,NA,NA,NA,NA,NA,NA,NA,NA,NA,NA,NA,NA,NA,NA,NA,NA,NA,NA,NA,NA,NA,NA,NA,NA,NA,NA,NA,NA,NA,NA,NA,NA,NA,NA,NA,NA,NA,NA,NA,NA,NA,NA,NA,NA,NA,NA,NA,NA,NA,NA,NA,NA,NA,NA,NA,NA,NA,NA,NA,NA,NA,NA,NA,NA,NA,NA,NA,NA,NA,NA,NA,NA,NA
896047.518580533,1015248.63848386,NA,NA,NA,NA,NA,NA,NA,NA,NA,NA,NA,NA,NA,NA,NA,NA,NA,NA,NA,NA,NA,NA,NA,NA,NA,NA,NA,NA,NA,NA,NA,NA,NA,NA,NA,NA,NA,NA,NA,NA,NA,NA,NA,NA,NA,NA,NA,NA,NA,NA,NA,NA,NA,NA,NA,NA,NA,NA,NA,NA,NA,NA,NA,NA,NA,NA,NA,NA,NA,NA,NA,NA,NA,NA,NA,NA
904196.743495267,1015248.63848386,NA,NA,NA,NA,NA,NA,NA,NA,NA,NA,NA,NA,NA,NA,NA,NA,NA,NA,NA,NA,NA,NA,NA,NA,NA,NA,NA,NA,NA,NA,NA,NA,NA,NA,NA,NA,NA,NA,NA,NA,NA,NA,NA,NA,NA,NA,NA,NA,NA,NA,NA,NA,NA,NA,NA,NA,NA,NA,NA,NA,NA,NA,NA,NA,NA,NA,NA,NA,NA,NA,NA,NA,NA,NA,NA,NA
912345.96841,1015248.63848386,NA,NA,NA,NA,NA,NA,NA,NA,NA,NA,NA,NA,NA,NA,NA,NA,NA,NA,NA,NA,NA,NA,NA,NA,NA,NA,NA,NA,NA,NA,NA,NA,NA,NA,NA,NA,NA,NA,NA,NA,NA,NA,NA,NA,NA,NA,NA,NA,NA,NA,NA,NA,NA,NA,NA,NA,NA,NA,NA,NA,NA,NA,NA,NA,NA,NA,NA,NA,NA,NA,NA,NA,NA,NA,NA,NA
920495.193324734,1015248.63848386,NA,NA,NA,NA,NA,NA,NA,NA,NA,NA,NA,NA,NA,NA,NA,NA,NA,NA,NA,NA,NA,NA,NA,NA,NA,NA,NA,NA,NA,NA,NA,NA,NA,NA,NA,NA,NA,NA,NA,NA,NA,NA,NA,NA,NA,NA,NA,NA,NA,NA,NA,NA,NA,NA,NA,NA,NA,NA,NA,NA,NA,NA,NA,NA,NA,NA,NA,NA,NA,NA,NA,NA,NA,NA,NA,NA
928644.418239468,1015248.63848386,NA,NA,NA,NA,NA,NA,NA,NA,NA,NA,NA,NA,NA,NA,NA,NA,NA,NA,NA,NA,NA,NA,NA,NA,NA,NA,NA,NA,NA,NA,NA,NA,NA,NA,NA,NA,NA,NA,NA,NA,NA,NA,NA,NA,NA,NA,NA,NA,NA,NA,NA,NA,NA,NA,NA,NA,NA,NA,NA,NA,NA,NA,NA,NA,NA,NA,NA,NA,NA,NA,NA,NA,NA,NA,NA,NA
936793.643154201,1015248.63848386,-2.43694252834167,-1.24337778983194,0.219976552544215,-0.421050511473723,-0.268355752675766,-0.557996689835359,-0.487560602320098,-2.25580126404665,0.526355042713035,0.127828726808073,-0.735643326230645,0.705442952923104,2.10851113411736,-1.16657167607523,-0.437380369412172,0.216143497441762,0.633828100105544,0.547539748829198,1.59850942103387,-1.62812494785701,-0.806902623829638,1.11443543962726,0.811053673575941,1.53153274255575,0.622699152932712,0.218882954511301,0.908679662992561,-0.17233926321206,-1.79066181346379,-0.924816126457135,-0.480036973680128,-1.06267529448917,1.4208140481989,0.085061101903825,1.00183426739613,-1.23840519972327,0.614900513791895,0.457131806319099,0.245217033061066,1.77013382265191,0.852997200504939,-0.940839083763211,0.687100323985715,-1.60453388694867,0.686120747429169,-1.36268524493638,1.69149526330223,0.515999738640679,-0.319936492764651,-0.13541477367677,-0.888708420103389,-0.0990808576611963,-0.0189829798168494,0.481360284153885,-0.0289457707216084,-0.0649378050944935,0.25443888248409,0.934327925991281,-0.318378439036196,0.130768307731445,-0.0762285151172082,0.953345521592762,1.63226869507809,-1.36787480532429,-0.216736478376509,1.23270253814772,-0.933706551173209,0.425920529038784,-0.395792061259822,0.407171245622811,1.7729947428049,0.440381004028413,0.0614114692516993,-1.85179502212754,-1.22195372089012,-0.6016204488133
944942.868068935,1015248.63848386,-2.36510074113807,-1.32057207757169,0.188006599091606,-0.374012726836166,-0.351571451684366,-0.574815630022354,-0.423730761694711,-2.17517411698419,0.498865050835937,0.232523218484713,-0.764077656638765,0.607109568824722,2.1132132952392,-1.15785185672894,-0.480287519748908,0.256001047270669,0.772585222748079,0.535397064261794,1.57240769210432,-1.5833563754667,-0.806717115656924,1.12496987714254,0.818621342140947,1.542928662086,0.66274198092358,0.212844597815052,0.912338054289329,-0.116169025641121,-1.73924953396445,-0.894830599882892,-0.493211548039968,-1.10314690998934,1.47869806605836,0.00533591945303452,0.943739218565649,-1.22160393826544,0.598773492334897,0.435383111264412,0.232468398592412,1.71673001974801,0.775328856003814,-0.955846590554951,0.678831273298851,-1.64126926106872,0.755594763502486,-1.33531990037071,1.71905537152245,0.539788969581526,-0.296535901762509,-0.127071719412641,-0.907340032538879,-0.157760182073461,-0.0439815595714307,0.445436776197806,-0.0229648220623576,-0.0528790215434456,0.222553651642959,0.898107110838227,-0.327284481218947,0.118190764031946,-0.0775399514333197,0.971438313523789,1.61286527201877,-1.35824362760823,-0.183727280853784,1.29769062884479,-0.907112063125429,0.440198385420524,-0.383282657434366,0.372877557423566,1.82206777869943,0.361660695442354,0.0638316215965432,-1.85354795624369,-1.2079427511288,-0.603909836862132
953092.092983668,1015248.63848386,-2.30389628956295,-1.38175595019411,0.165525030562777,-0.316417089855527,-0.414599469649031,-0.590705116220121,-0.374543237251398,-2.10952581590803,0.486466423726404,0.346306007138556,-0.798812490809764,0.53867668630102,2.10583801204097,-1.15473577045694,-0.473001180430399,0.298077194342801,0.908765357224363,0.533102211566922,1.54892532042152,-1.53709918565572,-0.800064959358333,1.14966510380156,0.799906908055071,1.52996200919554,0.701102855749457,0.205046206603429,0.91869579161884,-0.104558631998273,-1.70568608121471,-0.878769412875102,-0.488863284456411,-1.14572586189341,1.53360792871344,-0.0811509142903096,0.890841289722446,-1.2116849939713,0.586659475468813,0.401244924765695,0.214734642135537,1.65318179336823,0.709274427894251,-0.984478498757401,0.667485172202291,-1.66161895888838,0.817316575899675,-1.30277305386986,1.72313076820042,0.558350684018751,-0.273523059314603,-0.131497012960108,-0.929989336675551,-0.211887810048143,-0.0694439120931408,0.431678318199938,-0.0137044738749007,-0.0386489562734855,0.179638953493657,0.873423685927387,-0.342649117552937,0.0882841538032553,-0.0737460880214995,0.971912063803884,1.59191013105395,-1.34464483461585,-0.148137803520642,1.35355832915825,-0.878364118245758,0.441155469467621,-0.329569878143474,0.339304384323809,1.87431647480385,0.304509199479543,0.066145357000634,-1.8620370909065,-1.18755529289376,-0.617814168365724
961241.317898402,1015248.63848386,-2.22932624401812,-1.4493300610173,0.141134762337275,-0.240982238024511,-0.484774573761542,-0.607606063238738,-0.316430206258626,-2.02742914559647,0.475104744388635,0.48796466338949,-0.841621569713599,0.461493940232589,2.08829246193773,-1.15016065093945,-0.446257055434052,0.35057416768988,1.07268529835651,0.534536337838966,1.51674117166571,-1.47621880782606,-0.785538617061912,1.18298223552454,0.767018493284836,1.50355048363194,0.747408300302174,0.195542726162993,0.926604406095159,-0.100761831916022,-1.66484145607473,-0.860059814859066,-0.475518279246844,-1.19564474975262,1.59807412082757,-0.189911837611893,0.824995832550518,-1.19671817430948,0.571637644554987,0.354262829057335,0.190632925053108,1.56710567151298,0.628471267526951,-1.02152373025045,0.651852067668917,-1.67781655658135,0.890534067219682,-1.25772212028661,1.71933588992642,0.580471453139478,-0.245308401028537,-0.139948654579236,-0.956930851023192,-0.277666396312814,-0.101085119535832,0.421243249334088,0.000147385125317771,-0.0186142165990264,0.122897911444961,0.845761093413349,-0.362974313668665,0.0462917377248266,-0.0654126377640896,0.965243444268525,1.56173974002766,-1.32135035460658,-0.101545753094655,1.41886441067607,-0.840465558132085,0.438301610831529,-0.252269478943362,0.298945258426844,1.93414383780568,0.228911874993944,0.0649176092193222,-1.87333930007161,-1.16745973601298,-0.640816238127854
969390.542813136,1015248.63848386,-2.15998484227927,-1.51279692008044,0.121556001817426,-0.168450129764643,-0.545300239977509,-0.62187036983237,-0.25806320644457,-1.93367367965849,0.460413036750567,0.634121883378028,-0.884012053076572,0.384062991460924,2.0559910777058,-1.14709428555679,-0.408610717100773,0.402923467260108,1.23148746635664,0.54351363577526,1.48380030737302,-1.41434860838521,-0.760915961238995,1.21223209956266,0.72412648068282,1.4711515545939,0.786145662288313,0.181692649627554,0.933255199303098,-0.0959161309299683,-1.62025231792665,-0.843161471453544,-0.461018898442575,-1.22821028103655,1.65755988476841,-0.287035221226736,0.755579190930183,-1.17151059232462,0.555143876378872,0.30361098213366,0.165370686054239,1.4729668983368,0.544372538085865,-1.06345223818374,0.632130149051334,-1.6975628775964,0.974112334870946,-1.21575430357861,1.70761038636244,0.60865321843482,-0.221723001485656,-0.149141172803829,-0.980028935853864,-0.343015754540279,-0.133019441731707,0.411592234509048,0.0209706270004939,0.00908330238000085,0.0705302730558094,0.819575929688802,-0.386460764982127,0.00175780792242432,-0.0573994724323882,0.9508961343597,1.52518433518872,-1.29672133340436,-0.0523614205416935,1.48402345035596,-0.811293224815359,0.432502573125154,-0.180690304699721,0.26018288877251,1.99165055277976,0.153586719319576,0.0684839153967924,-1.88259732291335,-1.1510857938836,-0.672225756058365
977539.767727869,1015248.63848386,-2.11576553048155,-1.55932684123114,0.115149822135319,-0.116118149305799,-0.576806593885914,-0.632776616235171,-0.209712194460905,-1.83767434310878,0.442877300691432,0.771013428175961,-0.919250337821465,0.322441667690598,2.00483771357515,-1.15031016053225,-0.359680654331378,0.446705210238587,1.36099513428704,0.564673115743438,1.46599080830089,-1.36560939712438,-0.72550558938523,1.23020590927443,0.6703012846602,1.43885341726848,0.802566729622575,0.159391445763728,0.937034432000887,-0.0921102729260766,-1.58320985559441,-0.837711940122833,-0.451669320402048,-1.21861073803315,1.70128689313885,-0.340000940997349,0.690966975499043,-1.13549868363893,0.543054868261412,0.256277695054106,0.144516365083768,1.38308894988372,0.470892503637063,-1.11461162427768,0.606970438042274,-1.72807998614082,1.07169169117778,-1.19299570973908,1.68317817435756,0.645248585393373,-0.20908661785571,-0.159039184936488,-0.994961001530633,-0.394614127986449,-0.157418053698013,0.405350419010844,0.0535015909768224,0.0483176344648424,0.0381120693600089,0.802051212077159,-0.410963530858987,-0.0424028506794648,-0.054260337617993,0.925529781231123,1.48823357420841,-1.2818039743803,-0.00996331210357536,1.53987978054372,-0.807284815519555,0.422480568379803,-0.128087831429466,0.228998727089983,2.03878042864113,0.097634222693065,0.0786084644983191,-1.8912113661823,-1.14277054535268,-0.719019880634166
985688.992642603,1015248.63848386,-2.07903861809313,-1.60003600955017,0.116572941126253,-0.0693982713373698,-0.592403263379348,-0.642050583890161,-0.160768153739783,-1.73260722439376,0.421037896506599,0.915769099327555,-0.952440932106731,0.262908980927706,1.93519183826831,-1.15602481001539,-0.298940019734747,0.491146153699901,1.48757863481834,0.594740397120763,1.45582652335024,-1.31763949050101,-0.679963519940958,1.24358372990935,0.603523247237685,1.40275566383224,0.807462598094963,0.12930352717504,0.939401762969079,-0.0877365463652119,-1.54542749641881,-0.837246913925844,-0.44427289266508,-1.18192292133919,1.74035052439039,-0.371701915075906,0.621901652719249,-1.08915214002477,0.532193310179876,0.20616530478357,0.125761436229238,1.28391007522063,0.395190187926176,-1.17610369851323,0.575987429984084,-1.76686128605165,1.1879031913328,-1.17789959659627,1.64710432689989,0.691227432694894,-0.199837568059555,-0.169210895450468,-1.00549763478502,-0.44290582750884,-0.178974432608463,0.400633463125971,0.0968544971035876,0.098916600473089,0.0154503215912105,0.787365169448991,-0.437471809654201,-0.0909392644132741,-0.0543290172395219,0.891076146396104,1.44688421473708,-1.27081905909194,0.0332243421905141,1.59633546607884,-0.816634085349084,0.409523673184547,-0.0806784371069628,0.198267334701365,2.07735243631261,0.0405509916576023,0.0841758109027601,-1.90099221315092,-1.13430566515033,-0.786379271831849
993838.217557336,1015248.63848386,-2.03277152864295,-1.64072493266764,0.122715364938847,-0.013953920964417,-0.605030759277963,-0.649206617223602,-0.102315786747522,-1.60269705592241,0.394056899775782,1.08773582776052,-0.987601194325344,0.190584525832344,1.83586257873709,-1.15923016846885,-0.220677017269347,0.545725258717865,1.63491880412886,0.633221745630363,1.44476711118414,-1.25797925660002,-0.619941603724384,1.25684515664772,0.515936574539798,1.35529150743317,0.809826209049007,0.0898623324114455,0.939742395279143,-0.0823225320892704,-1.49613462513991,-0.835152765851482,-0.436516386010756,-1.1288416899849,1.78498173750538,-0.400590949788447,0.532536342920808,-1.02664045423926,0.52125872990759,0.143276558795966,0.103777111123937,1.15471993654525,0.299864865792919,-1.25390561435715,0.532070465169891,-1.81084034860495,1.33393636771351,-1.16052800500019,1.59366950163906,0.749409696532869,-0.189660231814927,-0.178271738723876,-1.01382620389738,-0.499049348171632,-0.202016863568972,0.396146616415425,0.155145135321362,0.165767237448451,-0.00946951074695958,0.769029337250955,-0.467677792023507,-0.150568196029105,-0.056916170306344,0.845215037330719,1.39285434183781,-1.25417518643261,0.0856032251358839,1.66032311358721,-0.830177416087604,0.391000956454688,-0.0240383386814409,0.15972021725857,2.11356881147075,-0.0317535656111794,0.085712927953462,-1.90785317920849,-1.11827722957765,-0.876049163422217
1001987.44247207,1015248.63848386,-1.9886512979156,-1.65887528099061,0.135882948899631,0.0401104600190436,-0.613893112426638,-0.631434094682835,-0.0690548043448726,-1.48708365684237,0.371490883066451,1.2096666009094,-1.00608667309949,0.13085494488863,1.72578755492769,-1.1492221657131,-0.142807318676451,0.602008015704942,1.76056689555567,0.662445067411889,1.41474370537301,-1.20391188474556,-0.56525559291642,1.27067522304596,0.439397057244493,1.30740333294935,0.833341761976253,0.0508877422730551,0.934641043464929,-0.0844102528616195,-1.43641810453981,-0.822244460776077,-0.44292186147271,-1.123632767071,1.83723617075426,-0.422189542405267,0.460830509005183,-0.969574835195035,0.506604375342307,0.0842431018543194,0.0886012696173103,1.05137314929398,0.219353505981698,-1.31235786774168,0.480177569336221,-1.83041967442922,1.46111717425951,-1.15218040435538,1.53562543413873,0.803602179634811,-0.201515236549223,-0.167064049865403,-1.01952841573943,-0.546897423036869,-0.234990920650734,0.397968908427021,0.203583673877039,0.220512372843113,-0.0398338644907736,0.749526810716106,-0.494143106771271,-0.181689293454539,-0.0824862716409535,0.819717966774874,1.3465557445617,-1.2238271561708,0.14990520070255,1.7052668231874,-0.849754618716548,0.364749199393286,-0.00133425939825782,0.118169567227444,2.13421121038816,-0.0886597729708737,0.102609807056551,-1.9095450560952,-1.10770420292332,-0.937253699408503
1010136.6673868,1015248.63848386,-1.96018145093864,-1.64603946561985,0.155150543171295,0.0862361253294568,-0.619241111578596,-0.575856490814416,-0.0845315220108835,-1.40906312349728,0.360227858789194,1.2376918052321,-0.999412227106544,0.106133489312923,1.62703188410618,-1.12271593275804,-0.0734289505068714,0.652944553649254,1.84448725439063,0.674081834159912,1.35571987127778,-1.17074725359716,-0.52885724697114,1.28664474207214,0.394729513817803,1.26982702069701,0.89267326329267,0.0183578486872899,0.924931751045698,-0.100290228482412,-1.37017956855608,-0.796283209711757,-0.471713272382916,-1.2059865612165,1.90040796038104,-0.433498509403297,0.435982940830665,-0.937658814375992,0.484948979457972,0.0418574895533077,0.0914440618295415,1.01819599337428,0.181573144047595,-1.32669841031897,0.430911367304616,-1.81431218759971,1.54112855583377,-1.1619450872827,1.48580876375915,0.846480937392565,-0.249728724727038,-0.126631591325266,-1.02497662550855,-0.575067229405349,-0.290251628197416,0.409714379106476,0.222986564016423,0.241610657747633,-0.0735633231300449,0.733810223504249,-0.513893434999575,-0.159213091536062,-0.142955847977312,0.836670626951068,1.32424811319301,-1.17954151112427,0.233352521418813,1.71999976728119,-0.882474846069195,0.333201903185998,-0.0440190571038736,0.0776845176282762,2.12967646388058,-0.119350854000099,0.144681759994666,-1.91760449606452,-1.11939868931395,-0.951246892869439
1018285.89230154,1015248.63848386,-1.92710125704517,-1.62617475486412,0.177106907851865,0.135919336712494,-0.622582909396731,-0.511288516832144,-0.105622812017368,-1.32740738686292,0.349278911863839,1.25699262099697,-0.987506266660607,0.0831789522915686,1.51599852209276,-1.09018594702575,0.000477943158876483,0.706796382938022,1.92790980681935,0.684758565801521,1.28561739688832,-1.13502848991027,-0.490135191693783,1.30292185565517,0.348919279836508,1.22800206149427,0.959138320103679,-0.0158699953661206,0.912987751140423,-0.118108505660502,-1.29718037644884,-0.764849253888872,-0.504093961633727,-1.30539124312771,1.96701414075027,-0.443381714711069,0.414017413516131,-0.9040358748966,0.460216149558429,-0.00214599111240196,0.0968034136658462,0.988319947115536,0.145030951195814,-1.33468324949054,0.376974306225135,-1.79015183176942,1.62006167416295,-1.17186270262156,1.42977224624835,0.890751775448403,-0.305666834341403,-0.0792738477005203,-1.02845125117059,-0.602317211882663,-0.352549953246188,0.423333749347633,0.240974239812214,0.261378390545203,-0.110128355349282,0.716673351323274,-0.533460589030092,-0.128424751944011,-0.212851084751748,0.858842576787467,1.30053943338892,-1.12838664479496,0.324015397680623,1.73071982870963,-0.917517297547407,0.298415351584762,-0.0973140063982586,0.0340841318715547,2.11609465029212,-0.153920847778232,0.195786523722524,-1.92663031417317,-1.1352272273783,-0.962748037808344
1026435.11721627,1015248.63848386,-1.89008378571192,-1.600426238267,0.202553951378763,0.196195816943357,-0.627408149584848,-0.434380637907562,-0.129759549254925,-1.22588894345016,0.345166895866851,1.27548500767867,-0.969982511786588,0.0574093917512916,1.38098831715707,-1.04766568555231,0.0794015873168181,0.76718798571146,2.01248635317736,0.698469854350056,1.20854541825102,-1.09302816437242,-0.44677191372376,1.31948977563019,0.290649663689549,1.17282589023565,1.03049271410388,-0.0492398857606687,0.897798621973225,-0.142604489984598,-1.22699878489458,-0.731067901168161,-0.539064518863969,-1.4219750937623,2.03912634051347,-0.449010562194184,0.386522444550584,-0.873497630366112,0.437608257681312,-0.051566050959796,0.105098037859712,0.94849906763402,0.102999588787893,-1.34229276479296,0.312713736537998,-1.76343612041526,1.70060564952226,-1.18342718571906,1.35933753581579,0.941800616914851,-0.363779767190257,-0.0301229870409144,-1.02072090009353,-0.630783964306727,-0.414499548790353,0.443319691481831,0.258472333758431,0.289090450079908,-0.147288116258346,0.696344858642799,-0.555992156288083,-0.0907923490251595,-0.291995709038699,0.885119345685395,1.26762794663598,-1.07061202615948,0.421892538331037,1.73800653602301,-0.951777365569013,0.263372402940047,-0.151233394770102,-0.0155120923391803,2.0979393239317,-0.198126001890832,0.254395611901328,-1.93468687208131,-1.14544082298422,-0.978576962974018
1034584.342131,1015248.63848386,-1.86915913259196,-1.58024860618953,0.225177223528821,0.256426857184253,-0.638793321034834,-0.362952887006675,-0.150481090947466,-1.12276934490787,0.36325215293338,1.28669454981971,-0.949995118860878,0.0330026995836008,1.25818288267285,-1.00377906831505,0.130859650561675,0.819391765395758,2.06494726391438,0.714658467253042,1.16070125367785,-1.05822545111441,-0.416039235192891,1.33374645565255,0.22899520621926,1.1104231746216,1.08322744111634,-0.0610476191872193,0.884195149446251,-0.176348145855251,-1.20621813099667,-0.712490789269604,-0.567660134412623,-1.52656692988366,2.09845383280481,-0.442017270987212,0.358863859667846,-0.87061631359178,0.435024219649717,-0.0906037790215084,0.114273437084951,0.904007077021107,0.065605105868931,-1.35376362323055,0.251635607442963,-1.75158041018714,1.75060772848243,-1.20305696429774,1.29209972282501,0.990186523479054,-0.399773208868954,-0.002286832086253,-0.987741589382817,-0.652818047581931,-0.437140602341833,0.471497102237257,0.266287930120558,0.328112309749591,-0.168229246396729,0.677847701557808,-0.580182416336159,-0.0532384348001107,-0.355301110116409,0.912320376610597,1.22955704402732,-1.02839924699264,0.493388043457263,1.73818059020657,-0.969025153585402,0.246328676300536,-0.176378402888543,-0.0546374768777385,2.08687175692589,-0.245211178173772,0.301073410059442,-1.94072464602238,-1.13428774369537,-1.0025585166165
1042733.56704574,1015248.63848386,-1.86036258542671,-1.56621981047006,0.243411016738012,0.311676596574185,-0.65635113457395,-0.301946510992104,-0.166578211481994,-1.03147185933728,0.395258211365304,1.29043310260362,-0.928491134553194,0.00778509921889643,1.1571939752316,-0.961656864458045,0.154519233081057,0.862037507684933,2.08963631044058,0.729096325963269,1.14048385491371,-1.02859018624921,-0.398437466461276,1.34691735613936,0.173387067275428,1.04647563875352,1.11813018751146,-0.0535668487108876,0.873859688833647,-0.215941931829687,-1.22535879920654,-0.706683906232403,-0.591382770623019,-1.60907649214182,2.14364156424347,-0.425988845744069,0.334843353395055,-0.886070535763306,0.447489285361402,-0.117109121285389,0.120911266219921,0.8615786678654,0.03313278608229,-1.36830745226117,0.195125410128038,-1.74895274716359,1.7711335392458,-1.23058558317285,1.23734452865871,1.03403262283549,-0.418709811958014,0.00779673732518316,-0.937883078349892,-0.668779677733056,-0.422211653884556,0.50042115918073,0.267280523605182,0.373845537766831,-0.176186906609987,0.659675417556286,-0.60562093748345,-0.0172361307171833,-0.400004747739705,0.937644404320904,1.19087112764858,-0.999939118073012,0.541546238232269,1.73438411739188,-0.968961004825358,0.244025265261788,-0.177210181562813,-0.0795705485029427,2.07827038726002,-0.289107419225846,0.336315130111654,-1.94651093485262,-1.11270498818111,-1.0289926142128
1050882.79196047,1015248.63848386,-1.84934115490246,-1.55039586271788,0.261159767785429,0.367440002507463,-0.675806455740887,-0.240741656603947,-0.1814622377716,-0.940342435304936,0.42925057223222,1.29275751761554,-0.904504437911934,-0.0189590213609452,1.0534789584208,-0.9173443531969,0.175967086506148,0.903938298362824,2.11120548214907,0.743459706108063,1.12078634233588,-0.996874400827692,-0.380876658369992,1.35921495311178,0.116984324445438,0.978979846983127,1.15139488476476,-0.0439647014435557,0.863088634952204,-0.257920207221724,-1.24735229439022,-0.700953140292491,-0.615649182488225,-1.69178609441286,2.18699767212808,-0.4085936206484,0.310456155071767,-0.902721332355193,0.461837311945005,-0.142496557070948,0.127473951583823,0.817073887535436,0.000144011401989166,-1.38163989831661,0.135756955415643,-1.74473589888915,1.78759354624401,-1.2587589877816,1.18129567260813,1.07783854463376,-0.43543105846686,0.0167290084186474,-0.884591014362897,-0.683320716892022,-0.403057017420468,0.528806396318738,0.267889256436244,0.420237720496624,-0.182629521618969,0.638799247979424,-0.631299020988146,0.0186599371893368,-0.44379108688696,0.962702492909689,1.14965647195572,-0.970856620925001,0.588317841201392,1.72834971296471,-0.964510584703709,0.243412451807246,-0.175360617586358,-0.102467554819835,2.06651904970159,-0.333092281301921,0.372115879151247,-1.95101912471742,-1.09120672029144,-1.05336471652686
1059032.01687521,1015248.63848386,-1.82607085935524,-1.53829217579162,0.283355648452026,0.428428581805806,-0.704757800821912,-0.175883157541163,-0.182660437017523,-0.832492082180788,0.462510030597475,1.30131489344926,-0.869920241549299,-0.0493472354072754,0.944684483042302,-0.876613489802669,0.201342366337508,0.951866707725264,2.1383584030663,0.76540276921215,1.08090317123792,-0.956110929884312,-0.354498374087645,1.3622158640206,0.0602445427140077,0.914579613103747,1.19179188548113,-0.0420876102758227,0.853027787265399,-0.303024772074621,-1.25332203480843,-0.69538918246916,-0.650146247698924,-1.78271380906807,2.23997962786005,-0.399355943710894,0.288740107642504,-0.921284469156403,0.471821956204189,-0.174328196140812,0.131882824653232,0.762392763837166,-0.034208234173445,-1.38855105893443,0.0661992510710595,-1.74181347945648,1.8152827351792,-1.27432833274606,1.1121973070002,1.12408346712454,-0.441567489720867,0.0249369272331929,-0.828916910812804,-0.701224175549691,-0.407188866912648,0.555597058175773,0.276081334731552,0.458472111923436,-0.191117806282586,0.599124582096912,-0.660642532137121,0.037446266147122,-0.493568297067769,0.987251160733712,1.1011358529587,-0.943255523607992,0.63862459830183,1.71963396407926,-0.942799967956576,0.245175999931187,-0.178094617772377,-0.115723467719924,2.05146621977434,-0.387674262332048,0.404716485766168,-1.93873867780647,-1.07102307913259,-1.06818427796903
1067181.24178994,1015248.63848386,-1.78731610200913,-1.54434173129785,0.313893024452447,0.485382818706917,-0.740636713470228,-0.119581618096891,-0.154403955417052,-0.713793057367132,0.483448275023513,1.32122231107736,-0.822531554924833,-0.0748015705838137,0.858030450256113,-0.861768128839195,0.228326222322433,1.00112002860556,2.16912091258529,0.799306249036622,1.00897113981776,-0.909648617325583,-0.315964469143312,1.34412946348522,0.0183758361623405,0.881569457586885,1.23800901094655,-0.0572791797274159,0.848980214851692,-0.335171511176276,-1.221684286685,-0.693132927265482,-0.693526694216957,-1.86583462915385,2.30079310557978,-0.40994943743454,0.282313495386083,-0.940300052176932,0.464847245323587,-0.214034502444826,0.128842181851923,0.701716205976006,-0.0615416568448412,-1.38070788929003,-0.000969496543410841,-1.74681754577555,1.86414124711302,-1.25123086517102,1.03216116185561,1.16287496577015,-0.422911837003548,0.0285413825059692,-0.784004803478827,-0.725130527406702,-0.465385259725011,0.576208046898564,0.299918938242784,0.469468522340037,-0.203414726198754,0.534899705145532,-0.69221811321123,0.0145475803010437,-0.545476794401934,1.00378572911483,1.05122749964769,-0.927752444965165,0.682458811904691,1.7121636014459,-0.890097318234007,0.252206774580463,-0.191774286830362,-0.105649617331493,2.03140638437627,-0.455126551527323,0.415027025237723,-1.90221806591154,-1.06543720114736,-1.05676773128463
1075330.46670467,1015248.63848386,-1.74375836200197,-1.55270986852398,0.345176341113283,0.537965092369542,-0.774934215156412,-0.0681009446013469,-0.119168557102524,-0.599716771534131,0.500041449531823,1.34215081452039,-0.772910065638076,-0.0966529390113245,0.780345247471985,-0.853297804651723,0.254571736331024,1.04712318148219,2.19717200581417,0.834333783550515,0.929982072901302,-0.862689610359799,-0.275427243284646,1.32038765517249,-0.0168988405939711,0.858500597426089,1.28200957288393,-0.0757400543367638,0.846318159957786,-0.36096537480371,-1.17968489032402,-0.690261666467849,-0.735900924505894,-1.94187895598942,2.35776638789413,-0.424354756793306,0.28077546997201,-0.956735144237605,0.453530947255581,-0.25340530718689,0.124284774929197,0.641408664895387,-0.0852143021677187,-1.36689218932582,-0.0640590176904746,-1.75112038601127,1.91426020996667,-1.21664060045063,0.951256597035941,1.19638703961262,-0.397333954492906,0.0315038264512862,-0.742704546607409,-0.748173462507284,-0.535991347389244,0.594247112134982,0.326637287488733,0.472749303568361,-0.215019574756967,0.466495187795898,-0.721446258097706,-0.0182561818578906,-0.595005380075362,1.01674112602221,1.00241840809863,-0.914560886276458,0.721435541520565,1.70385609172221,-0.830708967248239,0.260810884869044,-0.206865074631229,-0.0896792062747907,2.00521165543698,-0.526644387813919,0.412627074288161,-1.86548439304714,-1.06860713869417,-1.0338222055823
1083479.69161941,1015248.63848386,-1.69711760095626,-1.56022219110084,0.37923501271936,0.591195199709913,-0.807076285019579,-0.0168167968603631,-0.0836990016959302,-0.485500966122699,0.517339012843011,1.36376647343302,-0.721494807433945,-0.118164649405024,0.70075295954887,-0.843746022062079,0.281954707125372,1.0948060443132,2.22238741290965,0.866701763255854,0.849599761592999,-0.815278916625272,-0.237601176531006,1.29267937641424,-0.0518642493669767,0.829899673271761,1.32589374895416,-0.0957674286065009,0.84216018565785,-0.388096179483518,-1.13442230924129,-0.686553035669377,-0.778209535660325,-2.0112219007585,2.41186212080135,-0.440646680339757,0.282053802379172,-0.967804279478239,0.443746838867334,-0.294743638395298,0.117428104538605,0.578854277358817,-0.107155652659862,-1.35212816496745,-0.127164888149376,-1.75193109653372,1.96110014319945,-1.17973730011152,0.865604989600649,1.22898258746969,-0.375321284749681,0.036999770722607,-0.701514205423816,-0.771776829176748,-0.610706353782119,0.612296709589348,0.357469870525475,0.478485766187993,-0.224237608302825,0.39543715230612,-0.749640249255216,-0.0528145041254174,-0.643885845178565,1.02921444768316,0.949897549223503,-0.895783617785173,0.763852729863621,1.69128970743713,-0.767605279831963,0.266040793821401,-0.221854146579362,-0.0713270292706368,1.97048266229563,-0.597219309422515,0.407975430019143,-1.82782203630651,-1.0705658369748,-1.00976810944814
1091628.91653414,1015248.63848386,-1.65059971752993,-1.56923876733841,0.418584746497777,0.647275920289042,-0.833240020907702,0.0315849656861668,-0.0551871777581429,-0.37194520368599,0.539489073900522,1.39079790159804,-0.669291347036738,-0.141013795954003,0.621682487413245,-0.82849720545081,0.313948939472889,1.15098124164392,2.24507784948127,0.88878569676666,0.782885711687461,-0.771538531373228,-0.217573034363658,1.25659173150605,-0.0851665807129706,0.777425994592143,1.3694824656868,-0.118908416146181,0.831897702509646,-0.429018714307865,-1.08968593244748,-0.684494954338455,-0.820120868059263,-2.0527741245489,2.45995983294262,-0.464976280415525,0.290964226709495,-0.958044356195033,0.448617642888655,-0.341816003607266,0.102478661746853,0.514829175451169,-0.122459727329944,-1.34466978887544,-0.188762847247558,-1.74767051708015,1.99380562076685,-1.15136259659456,0.775149386360066,1.26078615765414,-0.378687503528078,0.0523745888385356,-0.664197108836972,-0.798710394603778,-0.687674166668847,0.631403032564789,0.401323464530596,0.507467255877086,-0.225329293435786,0.327589630346981,-0.775609520241666,-0.0861822866831656,-0.688298021534694,1.04298216604296,0.891314670241725,-0.859518734882022,0.821042861688285,1.66487719043149,-0.701237540966908,0.253656722170996,-0.236086487996954,-0.0502914320697934,1.92086546902492,-0.657151546691573,0.409267973995621,-1.79298442689314,-1.0595796170154,-0.998390991252218
1099778.14144887,1015248.63848386,-1.61604196029236,-1.57359635206089,0.459805094826427,0.695066167585855,-0.848669667225551,0.0621508849851655,-0.0422527822577989,-0.28230982526286,0.57242760463829,1.43029709115313,-0.636353392093134,-0.164337197181858,0.565116932013319,-0.804469834195301,0.346632083231559,1.21193694371886,2.26019978392384,0.885613383980701,0.7574010209913,-0.748177407115024,-0.233772533746414,1.22035766610328,-0.110510968428908,0.683293739076457,1.40830156285222,-0.148901034111249,0.813657023809926,-0.488884593781396,-1.06002840589582,-0.687388343783723,-0.859236810497362,-2.02778105239424,2.49472072645154,-0.500996983354356,0.308742066063133,-0.922555097988092,0.483355722989502,-0.38670927173178,0.0771792957648499,0.463482075131508,-0.122544882020433,-1.35752890620488,-0.228942068222882,-1.7359344759667,2.00391844625195,-1.1516644783209,0.701173067700135,1.28703341206421,-0.421305522901475,0.0813116933611394,-0.642901073011031,-0.825283271076527,-0.74503364749368,0.646057794402701,0.458494279122024,0.553774965648914,-0.204401976200747,0.270783980467116,-0.786998266411978,-0.113433867717031,-0.707354978454116,1.06195227078112,0.836462348790414,-0.80329655191516,0.889678581097316,1.61937562405076,-0.647251367784548,0.215406783013049,-0.241095235018843,-0.0283742137325589,1.84945836684331,-0.668709504174413,0.420116242777413,-1.77050679266792,-1.02926571001061,-1.02571020874151
1107927.36636361,1015248.63848386,-1.58320739737164,-1.57521386138338,0.49767546089344,0.738383796056188,-0.861179032472281,0.0891630529964984,-0.0318484171415198,-0.202415239311229,0.603599845041923,1.46683842832921,-0.606741182326175,-0.185958631632791,0.51375395238748,-0.780538982183161,0.376702288512381,1.2678241313151,2.27192582330343,0.879152668186767,0.73740593778395,-0.727539762430521,-0.252452564522467,1.18569356381577,-0.133268990537018,0.588335087858663,1.44260851604505,-0.177511576647581,0.794816357062545,-0.547614459216296,-1.03321558071255,-0.689616695224191,-0.895266091639892,-1.99553085672161,2.52374134214359,-0.535591480369843,0.326062786961946,-0.886392273369113,0.518306718232269,-0.428272725974328,0.052165574404805,0.41618318173676,-0.12130793921309,-1.37088848702239,-0.264501974334903,-1.72247323613367,2.00958445857768,-1.15349309487822,0.632245559751421,1.31005749475509,-0.465354138856998,0.109742366481587,-0.623975558722288,-0.849420895359587,-0.796629708212233,0.658404496107576,0.512245505186899,0.597279846457462,-0.182277768740761,0.217999895895806,-0.795270342279628,-0.138067408397426,-0.721774397451115,1.079364816196,0.784082948339415,-0.748390344012433,0.953505800757668,1.57349463138205,-0.59787622020296,0.176587911650024,-0.244415148957235,-0.00763710146666347,1.77362429761233,-0.662765670444954,0.43325778029166,-1.74459773609048,-0.994538556768779,-1.05792072991532
1116076.59127834,1015248.63848386,-1.55363252040301,-1.57519186503187,0.530486007721952,0.772293338206905,-0.875369194057456,0.11540911149541,-0.0273087309098169,-0.136798514815659,0.629571184989848,1.49878627739778,-0.577318085271607,-0.209367256824552,0.462838593979233,-0.756417681503111,0.398719670301669,1.32552515642729,2.27720718230878,0.875390259313088,0.720266879955925,-0.716581627439672,-0.273110048863911,1.14367816197643,-0.155010086685025,0.501300869038105,1.47842872196057,-0.194395006532618,0.777126815216247,-0.612435065062341,-1.0210265286117,-0.696306544325001,-0.932753138414116,-1.96888494184433,2.54424923684849,-0.570724446896104,0.348512646505019,-0.85247810338651,0.554389894183773,-0.455666047006938,0.0270362562986629,0.373841346354514,-0.0987249503244707,-1.36904779093964,-0.295031612082387,-1.71812586442955,2.015977145883,-1.1631160713977,0.553572755745586,1.32855910628035,-0.510152791600631,0.142684773375509,-0.601913509488828,-0.862962391232314,-0.831985207637385,0.67171710965958,0.553001377629822,0.634723607266182,-0.155272989413877,0.171892758550678,-0.804541437251082,-0.150140106474776,-0.727969239141346,1.10048478409851,0.737525919958936,-0.693900746980366,1.00606936904623,1.52625664228122,-0.548135580881424,0.137361823468276,-0.236201005809184,0.0236632750009327,1.69039022754937,-0.653044757336588,0.446888520792652,-1.71909901131571,-0.965215209468084,-1.09463709395644
1124225.81619307,1015248.63848386,-1.53546874307541,-1.57482009187323,0.552104195430462,0.78393856370055,-0.8971829246503,0.14037830255774,-0.0403866754726749,-0.104849812761446,0.64312096937645,1.52120955768396,-0.547800598062415,-0.237940870051855,0.413549233846363,-0.732739502777524,0.401314935331899,1.3939238700771,2.26967973926923,0.881276542873421,0.711043364109384,-0.732787594226764,-0.300525889341439,1.08180188385349,-0.173887228458227,0.442025526582314,1.52143750421559,-0.178119048365887,0.762996839048819,-0.696007002400095,-1.05021814107014,-0.717559966997958,-0.976939940611588,-1.96399731501964,2.54674867542049,-0.609450099116225,0.387075094639556,-0.824837014354777,0.594911024514679,-0.446356636596162,0.00206457830582882,0.346480757201979,-0.0192089284008349,-1.32749947866293,-0.314913108502632,-1.743334557341,2.02782655503157,-1.1975707932286,0.448168412227871,1.33789248163802,-0.560355821990858,0.189484368612345,-0.572619972591139,-0.84942810931084,-0.824515537492911,0.690009095277645,0.56251912079162,0.6604237702643,-0.1175574375771,0.148885798595619,-0.819632831461158,-0.126376104857389,-0.715821128244515,1.1345549820658,0.708802843472685,-0.640900528174071,1.03278341301331,1.47692881895651,-0.496097582028733,0.0952337021472203,-0.19927765458949,0.0831763303908827,1.59277402943133,-0.648684304021532,0.459689030612282,-1.70332694877438,-0.955494777302049,-1.14387917739768
1132375.04110781,1015248.63848386,-1.52564543584058,-1.57465968199114,0.562108523378936,0.779375137555797,-0.920154676780919,0.162163441229496,-0.0607447560727983,-0.0967778348571225,0.646744486886327,1.53499905708349,-0.520571410992792,-0.267086561348061,0.37074681331738,-0.711435509188098,0.390803037488172,1.45926843562118,2.25507415391748,0.894243348623175,0.709525896417113,-0.763513582433233,-0.327222634109402,1.0117529494127,-0.188614572217585,0.409663955146054,1.56372229555661,-0.142769980333031,0.753880410754821,-0.781889687875119,-1.1016909411169,-0.74457232415723,-1.017095481234,-1.97350281015856,2.53567315536841,-0.643626085156592,0.429793118667499,-0.802145745259495,0.635278058302736,-0.413176518699896,-0.0203010357263088,0.330478814944793,0.0859030974953838,-1.26689758710228,-0.324542188523576,-1.78436316435549,2.03902716069978,-1.24182383620982,0.335015794760532,1.33919331076323,-0.605756591934792,0.238526372058969,-0.541393470774987,-0.819656033506084,-0.789951066129875,0.709358399214357,0.549264609786687,0.681646163002815,-0.07683808005587,0.141875733161354,-0.836008068027893,-0.0847575650865813,-0.692136189905224,1.17094507456514,0.695177004620151,-0.594177524815944,1.04005882755338,1.43133241218914,-0.448746327913887,0.0569673433263806,-0.147750004376864,0.153340692959515,1.49043893694998,-0.648842704988769,0.467522469170773,-1.69830235091168,-0.957766227964678,-1.20330625351877
1140524.26602254,1015248.63848386,-1.51746955242095,-1.57423002113086,0.570288139881719,0.773397484070423,-0.938307964407948,0.182227602825331,-0.0840819866570265,-0.0927205640376373,0.648738021017761,1.54262924113234,-0.496239443022984,-0.292059870966829,0.338652618523213,-0.690785991748426,0.378445671575655,1.51545593132059,2.23982586360705,0.908340071169479,0.70955535509899,-0.79079999825533,-0.34807517634009,0.947349928113397,-0.197962947941931,0.381477465727987,1.59782093261509,-0.107148367260905,0.743253217013794,-0.857299753008675,-1.1492915413267,-0.768527210990527,-1.05313512095756,-1.98893157384938,2.52156033140629,-0.672711763176563,0.471559189047495,-0.785319218264404,0.669269380263004,-0.377459663086567,-0.036373972817043,0.318110871192523,0.18193969853295,-1.20958445395059,-0.328691628695958,-1.82055109952554,2.04656235926604,-1.28169705028602,0.232395640944525,1.33668412252692,-0.645313983155647,0.286885976485234,-0.513076899646568,-0.789135262418562,-0.754246513643095,0.724542318156493,0.533851301295081,0.70027816595258,-0.043167059803483,0.141060117372825,-0.849053968538441,-0.0451562030836893,-0.669835829850437,1.2026802067016,0.683787369743574,-0.553134948446946,1.04160385248928,1.38917609439325,-0.40684599781008,0.0242831110830115,-0.105707148959811,0.217444646965247,1.39161761766003,-0.655510731736045,0.474066256288318,-1.69313690995572,-0.959568889644293,-1.25545635849602
1148673.49093727,1015248.63848386,-1.51583683869631,-1.57702998668369,0.584135449041553,0.770072102312228,-0.94829146454096,0.204250140812807,-0.127615307806562,-0.0918243862081003,0.652368872217235,1.5377701693013,-0.475800963833875,-0.310987429476486,0.334930316976205,-0.666100113581229,0.362425145817934,1.56549751414855,2.22659819830569,0.930718216987037,0.711266753046941,-0.811588426869102,-0.356466963602285,0.891049735989954,-0.193914779714637,0.342143540962309,1.61694606903758,-0.0684337360855718,0.719617100211513,-0.919368450579472,-1.19119121886324,-0.791461314601787,-1.09592393550316,-2.03532327069006,2.50744792609043,-0.699772580930327,0.525700631502645,-0.787909522414544,0.692649681669469,-0.333544903328117,-0.0345968208458972,0.308813646882084,0.273101174342373,-1.15357217561683,-0.321983558937034,-1.85140683094813,2.04933124311628,-1.32050447388658,0.145571739795874,1.32672871262792,-0.684282763932669,0.351543919567784,-0.487691120000775,-0.756408543257575,-0.717907383634542,0.73130206727551,0.519473007882788,0.717964307102964,-0.0283103126965462,0.156173872368598,-0.857253150847496,-0.006223177740867,-0.654466711413,1.23191639004221,0.669029781801008,-0.517626223694816,1.03375338974137,1.34673370221707,-0.36781974770018,-0.00174506646238739,-0.0931923988589469,0.279620953737041,1.29005653522062,-0.689718414935028,0.487125534309945,-1.68020227761591,-0.959726754048633,-1.285800712708
1156822.71585201,1015248.63848386,-1.5331606441829,-1.58948313319811,0.616708088144673,0.773181610556363,-0.943767065091231,0.233620387687454,-0.234331099676854,-0.0991117161000309,0.664402648530678,1.49934355829025,-0.466361891396788,-0.315030204224911,0.40357666805122,-0.628147194111759,0.337184816124308,1.60789773877702,2.21959440112813,0.973080167674026,0.709461022682064,-0.813380185345032,-0.336023079681393,0.856655600999681,-0.154166776123959,0.26762530042157,1.59719585814224,-0.0113380599289764,0.657458075886315,-0.951323918919252,-1.22131214336468,-0.816678055283873,-1.16654671387117,-2.17716335037119,2.49481335791983,-0.725479779429567,0.621283876640059,-0.841994792899303,0.687112151671127,-0.266814310125317,0.0174762747242672,0.309372152599791,0.366293981470348,-1.08692176911339,-0.290839540681225,-1.87680275371951,2.04662460888476,-1.36240327584135,0.10009172774761,1.29616658223673,-0.729221042853173,0.467044344609907,-0.469997741952339,-0.715155022135385,-0.680396323257048,0.716278531716943,0.507869406066233,0.726968961018683,-0.0631626644532916,0.226232089569027,-0.855235704121863,0.0428148681363529,-0.658960729631236,1.26236862305174,0.643176398926173,-0.498529552966815,0.998299633352084,1.30045688877616,-0.333447078313029,-0.0158229003496447,-0.16003589846091,0.345555386365567,1.17975469608855,-0.797008630200611,0.521439382975338,-1.64569194379372,-0.956271127896681,-1.26114939713542
1164971.94076674,1015248.63848386,-1.54986514024255,-1.60050584260314,0.650399400386854,0.776959553837401,-0.933756644183679,0.262551485889508,-0.350704795473214,-0.106888872542787,0.677312257781166,1.45253785971325,-0.459447877906854,-0.314181988556641,0.483240543048872,-0.588815108685576,0.311695277047034,1.64201138028567,2.21133065485342,1.01524012054077,0.706164082767048,-0.807546270409319,-0.308872871754234,0.829991359295477,-0.108681543283194,0.188151254484195,1.56626328838057,0.0454033423187597,0.588673476005403,-0.970457916709584,-1.242917002007,-0.837950197982343,-1.23638842336329,-2.33299860696163,2.47908375143226,-0.746472924899284,0.716829940397904,-0.902979708277987,0.673784221855154,-0.200531508278004,0.0773209828570458,0.312197333550076,0.450123532661162,-1.02216915810172,-0.255257978062699,-1.89422828375229,2.03923179385521,-1.39841414661138,0.0697309367924965,1.26051639691952,-0.770126912246462,0.582433390011263,-0.45455416986664,-0.674046689636491,-0.644768871983561,0.69562364057065,0.497370107317699,0.732315700752678,-0.107463758317348,0.302421381134929,-0.848845044271294,0.0893447790353906,-0.666391289317936,1.28858181427419,0.61572373791636,-0.48355293164839,0.95717883971424,1.25471279206808,-0.302285090952133,-0.0251590083417344,-0.242896075915018,0.405996153113857,1.0728000833625,-0.913397964118883,0.557629249342375,-1.6063252444866,-0.949281621399076,-1.22215915636612
1173121.16568148,1015248.63848386,-1.5568422545303,-1.6022257026508,0.678645074618375,0.792120459848234,-0.930242106977882,0.280095079516366,-0.454265896394307,-0.115969573017778,0.683234388908846,1.40945935473413,-0.443853478434602,-0.314886564356242,0.549736755758518,-0.543479952031645,0.288343800785775,1.66992502303779,2.19786723203115,1.04670595291114,0.704191237539663,-0.804713771253246,-0.281800897992418,0.816587532760527,-0.0673632178352822,0.126663419756167,1.54323095098207,0.0818776345432789,0.531475666517156,-0.981714312479854,-1.25512780362306,-0.861140965701932,-1.29023369306566,-2.4621193077288,2.46190102037784,-0.761544863266331,0.791984609229035,-0.953478260367702,0.656332643852256,-0.151848741952077,0.114061529293126,0.320766510776248,0.513345692962366,-0.972374410970615,-0.224992737047909,-1.90455944907877,2.02524018510232,-1.42418864467229,0.0505831060822157,1.22823724625672,-0.80140419057922,0.678021669983084,-0.437915525018248,-0.644087933464173,-0.608999277010743,0.679542163163292,0.481466012657978,0.736170597598136,-0.156662228108715,0.355072045103214,-0.837702002493007,0.132042756008766,-0.6765023289842,1.31283933017525,0.594249658654869,-0.471243506210927,0.925787252316733,1.21266591774741,-0.268486587785937,-0.0317100431240099,-0.319255283250709,0.4575885974345,0.977461162717389,-0.995216053251667,0.583826077148382,-1.56654498607317,-0.942679502559884,-1.18297565320937
1181270.39059621,1015248.63848386,-1.5541591224667,-1.59113789421181,0.703628560111019,0.829741363608834,-0.936955349814305,0.282576264435099,-0.554331214168061,-0.132052547229008,0.677829406938866,1.36741313897763,-0.411016447120257,-0.317943315398427,0.608832815797555,-0.481269000001405,0.264837614990067,1.6960983923954,2.17502575425895,1.06843919367176,0.706927252524269,-0.811504012137967,-0.250783221366751,0.826158416439788,-0.024919724481921,0.0888810272761172,1.5329420783333,0.0901473722940263,0.486052925665491,-0.987963722167217,-1.25875061453914,-0.894791150825393,-1.32737089508077,-2.56830498375366,2.44346013220151,-0.771871783151687,0.849146208215529,-0.998475270097624,0.629561463777325,-0.120876759699192,0.119677635482557,0.340884918581088,0.557894380599305,-0.941040833338678,-0.196621779826335,-1.90989922555046,2.00017752412023,-1.4421577623265,0.0464183234866813,1.19848831496951,-0.824848338386342,0.764032405761848,-0.417602778666625,-0.627935453181046,-0.565066776570677,0.670273568910402,0.454840583692795,0.739181674189419,-0.222797347876016,0.379141070275371,-0.817445689072269,0.176744043784622,-0.693910362765958,1.34105183041078,0.582855619734877,-0.46231160163576,0.90711219668688,1.17109397185199,-0.224941743169205,-0.0339241422011074,-0.396036501714221,0.504704839669328,0.885472512375947,-1.04535218962576,0.597851811764126,-1.5213679778244,-0.944127932797409,-1.13934883010566
1189419.61551094,1015248.63848386,-1.53975861342798,-1.56332137337329,0.728633016082813,0.90056789795762,-0.959172961594055,0.263891152990381,-0.661525286886092,-0.158813534822902,0.657210620880417,1.32303354008422,-0.353220991530607,-0.325968600457214,0.66656623118826,-0.392469423714178,0.237172669493476,1.72418647821162,2.14078694937591,1.08356723807052,0.716847458714075,-0.831526597534994,-0.210751064482953,0.861731558210373,0.0232736128512477,0.0780745766578652,1.53893059976829,0.0642125378837287,0.449505339538811,-0.983329647156048,-1.25345848028105,-0.947881573271087,-1.35026168316304,-2.65713932227545,2.42372771227823,-0.779131475331842,0.891941211334558,-1.04433105308301,0.587808310514169,-0.110542643060769,0.0864713539337453,0.378657947797061,0.581846945303807,-0.928415058645242,-0.171960595104171,-1.91057591011393,1.95921037565292,-1.45362536929407,0.0604396118783111,1.17053995486785,-0.841265057102955,0.844699492286184,-0.389119466582885,-0.628802511353374,-0.508508306158578,0.670246026300263,0.410090380693152,0.742825040245192,-0.324989181962938,0.370689802201787,-0.785984938198463,0.230377671998507,-0.725692273985324,1.37760063215753,0.580818748309072,-0.457032048849294,0.902492906488104,1.12694838715537,-0.163560209094769,-0.0326663033043171,-0.485060490110531,0.551539492739048,0.791999838986086,-1.05588322395234,0.604067705700607,-1.46336908923244,-0.951091165276779,-1.08331715151756
1197568.84042568,1015248.63848386,NA,NA,NA,NA,NA,NA,NA,NA,NA,NA,NA,NA,NA,NA,NA,NA,NA,NA,NA,NA,NA,NA,NA,NA,NA,NA,NA,NA,NA,NA,NA,NA,NA,NA,NA,NA,NA,NA,NA,NA,NA,NA,NA,NA,NA,NA,NA,NA,NA,NA,NA,NA,NA,NA,NA,NA,NA,NA,NA,NA,NA,NA,NA,NA,NA,NA,NA,NA,NA,NA,NA,NA,NA,NA,NA,NA
1205718.06534041,1015248.63848386,NA,NA,NA,NA,NA,NA,NA,NA,NA,NA,NA,NA,NA,NA,NA,NA,NA,NA,NA,NA,NA,NA,NA,NA,NA,NA,NA,NA,NA,NA,NA,NA,NA,NA,NA,NA,NA,NA,NA,NA,NA,NA,NA,NA,NA,NA,NA,NA,NA,NA,NA,NA,NA,NA,NA,NA,NA,NA,NA,NA,NA,NA,NA,NA,NA,NA,NA,NA,NA,NA,NA,NA,NA,NA,NA,NA
1213867.29025514,1015248.63848386,NA,NA,NA,NA,NA,NA,NA,NA,NA,NA,NA,NA,NA,NA,NA,NA,NA,NA,NA,NA,NA,NA,NA,NA,NA,NA,NA,NA,NA,NA,NA,NA,NA,NA,NA,NA,NA,NA,NA,NA,NA,NA,NA,NA,NA,NA,NA,NA,NA,NA,NA,NA,NA,NA,NA,NA,NA,NA,NA,NA,NA,NA,NA,NA,NA,NA,NA,NA,NA,NA,NA,NA,NA,NA,NA,NA
1222016.51516988,1015248.63848386,NA,NA,NA,NA,NA,NA,NA,NA,NA,NA,NA,NA,NA,NA,NA,NA,NA,NA,NA,NA,NA,NA,NA,NA,NA,NA,NA,NA,NA,NA,NA,NA,NA,NA,NA,NA,NA,NA,NA,NA,NA,NA,NA,NA,NA,NA,NA,NA,NA,NA,NA,NA,NA,NA,NA,NA,NA,NA,NA,NA,NA,NA,NA,NA,NA,NA,NA,NA,NA,NA,NA,NA,NA,NA,NA,NA
879749.068751066,1007099.41356912,NA,NA,NA,NA,NA,NA,NA,NA,NA,NA,NA,NA,NA,NA,NA,NA,NA,NA,NA,NA,NA,NA,NA,NA,NA,NA,NA,NA,NA,NA,NA,NA,NA,NA,NA,NA,NA,NA,NA,NA,NA,NA,NA,NA,NA,NA,NA,NA,NA,NA,NA,NA,NA,NA,NA,NA,NA,NA,NA,NA,NA,NA,NA,NA,NA,NA,NA,NA,NA,NA,NA,NA,NA,NA,NA,NA
887898.2936658,1007099.41356912,NA,NA,NA,NA,NA,NA,NA,NA,NA,NA,NA,NA,NA,NA,NA,NA,NA,NA,NA,NA,NA,NA,NA,NA,NA,NA,NA,NA,NA,NA,NA,NA,NA,NA,NA,NA,NA,NA,NA,NA,NA,NA,NA,NA,NA,NA,NA,NA,NA,NA,NA,NA,NA,NA,NA,NA,NA,NA,NA,NA,NA,NA,NA,NA,NA,NA,NA,NA,NA,NA,NA,NA,NA,NA,NA,NA
896047.518580533,1007099.41356912,NA,NA,NA,NA,NA,NA,NA,NA,NA,NA,NA,NA,NA,NA,NA,NA,NA,NA,NA,NA,NA,NA,NA,NA,NA,NA,NA,NA,NA,NA,NA,NA,NA,NA,NA,NA,NA,NA,NA,NA,NA,NA,NA,NA,NA,NA,NA,NA,NA,NA,NA,NA,NA,NA,NA,NA,NA,NA,NA,NA,NA,NA,NA,NA,NA,NA,NA,NA,NA,NA,NA,NA,NA,NA,NA,NA
904196.743495267,1007099.41356912,NA,NA,NA,NA,NA,NA,NA,NA,NA,NA,NA,NA,NA,NA,NA,NA,NA,NA,NA,NA,NA,NA,NA,NA,NA,NA,NA,NA,NA,NA,NA,NA,NA,NA,NA,NA,NA,NA,NA,NA,NA,NA,NA,NA,NA,NA,NA,NA,NA,NA,NA,NA,NA,NA,NA,NA,NA,NA,NA,NA,NA,NA,NA,NA,NA,NA,NA,NA,NA,NA,NA,NA,NA,NA,NA,NA
912345.96841,1007099.41356912,NA,NA,NA,NA,NA,NA,NA,NA,NA,NA,NA,NA,NA,NA,NA,NA,NA,NA,NA,NA,NA,NA,NA,NA,NA,NA,NA,NA,NA,NA,NA,NA,NA,NA,NA,NA,NA,NA,NA,NA,NA,NA,NA,NA,NA,NA,NA,NA,NA,NA,NA,NA,NA,NA,NA,NA,NA,NA,NA,NA,NA,NA,NA,NA,NA,NA,NA,NA,NA,NA,NA,NA,NA,NA,NA,NA
920495.193324734,1007099.41356912,NA,NA,NA,NA,NA,NA,NA,NA,NA,NA,NA,NA,NA,NA,NA,NA,NA,NA,NA,NA,NA,NA,NA,NA,NA,NA,NA,NA,NA,NA,NA,NA,NA,NA,NA,NA,NA,NA,NA,NA,NA,NA,NA,NA,NA,NA,NA,NA,NA,NA,NA,NA,NA,NA,NA,NA,NA,NA,NA,NA,NA,NA,NA,NA,NA,NA,NA,NA,NA,NA,NA,NA,NA,NA,NA,NA
928644.418239468,1007099.41356912,-2.48444071620013,-1.15508057541477,0.251641729140303,-0.407399445403644,-0.111157326741917,-0.530750015372903,-0.570076279180292,-2.37177818099924,0.566916275465312,-0.0180063609281081,-0.708816146953894,0.831663420032687,2.06670141862094,-1.19374114776017,-0.344212760121447,0.157498770131325,0.51257797128948,0.576275355724183,1.63366692365132,-1.65091579790747,-0.809152345762735,1.16085962665261,0.781912057678767,1.50318679021041,0.541005239251543,0.220104759178946,0.878682844014526,-0.318504221368372,-1.8452828460437,-0.96438863054201,-0.435332587277568,-1.0524233183424,1.29974130045676,0.170808463257888,1.12889331477491,-1.26769269186496,0.623622518260874,0.457890235485272,0.229018012235478,1.81141486981068,0.942537555927709,-0.941415593379901,0.7281718454139,-1.53475873698278,0.58931561357027,-1.37131941926392,1.6277301117326,0.47204658893816,-0.345417170589772,-0.150980333286522,-0.894821262947086,-0.0226419182510751,0.00380673375536685,0.510610647890824,-0.0344589250862906,-0.0531930250321842,0.290392077869199,0.975469897942049,-0.325087937788413,0.101215416849581,-0.0896187504759837,0.912716084931504,1.67056751635412,-1.37469360553235,-0.313192792417382,1.14100870574856,-0.952242255147121,0.399918403289401,-0.401145929638205,0.412661855113771,1.76371754250534,0.601875881646311,0.0910670637180471,-1.81567651293569,-1.1786110171467,-0.577040121723365
936793.643154201,1007099.41356912,-2.39455289089187,-1.24310435145022,0.204531317005711,-0.365578107179445,-0.194381762583078,-0.544502855283959,-0.495993845986925,-2.26610028423458,0.527883003497942,0.0727475322167949,-0.732872047200391,0.722103743942074,2.08959142134696,-1.18129010141558,-0.428516528083466,0.191448273426016,0.652115531062406,0.553217893489403,1.61182924792952,-1.60851678710478,-0.817921330336078,1.16539109926552,0.818514658937885,1.53783991495807,0.576176182485952,0.216930774652363,0.883284890935671,-0.21240989575325,-1.78109875700768,-0.919068254081292,-0.456883932615009,-1.10205567506375,1.35581815782499,0.0951554142803975,1.06592018667107,-1.24931111843933,0.605758728680581,0.448788539574231,0.218875576956403,1.77489351790783,0.852582696532048,-0.949139534741895,0.721247724530604,-1.58031248517035,0.662758581577248,-1.3413753044812,1.69024381090318,0.496901359650773,-0.327970078576536,-0.134399270613271,-0.913740067812665,-0.0846940716282688,-0.0204424072431874,0.451479982570774,-0.0418065554065992,-0.0417819772473902,0.264625205659302,0.940276337398652,-0.331406987533308,0.102456796763323,-0.10016613367344,0.943054875525898,1.65269968144219,-1.36526360884127,-0.281147227198712,1.21923920698758,-0.930733471097789,0.427939946075801,-0.430926302774964,0.37936027172511,1.80650713535803,0.4860249648889,0.084908565074065,-1.81403678012834,-1.17841795920282,-0.574657727659358
944942.868068935,1007099.41356912,-2.31100533545322,-1.31885064051845,0.167279563129894,-0.31448524997356,-0.269698058430314,-0.555117038071088,-0.431916925555232,-2.16781945892165,0.500753532705807,0.173573517928411,-0.75964706698721,0.629765841069467,2.09931743773237,-1.1698918467087,-0.47674512035787,0.228273782728772,0.789559486133186,0.539537354683239,1.58932644951347,-1.56284146693911,-0.816704629676054,1.17934073341005,0.834657758731478,1.55541551144438,0.613554670592187,0.214374827474712,0.889578209330917,-0.141382242491942,-1.72609899153109,-0.881623581887527,-0.46356312647828,-1.14876362844555,1.41284398697479,0.0173292610473987,1.00918196479227,-1.23195244548108,0.592523456537191,0.431714568741679,0.205419693501624,1.72919534096671,0.771820352145234,-0.962625153677202,0.712569971068646,-1.61545658210127,0.73204193648236,-1.30697282992241,1.73158590383347,0.519864348329589,-0.308611611692739,-0.12326610255183,-0.933387372641005,-0.142268585097588,-0.0438700986490688,0.411990103163467,-0.0407116073222665,-0.0278477380054446,0.233945755495023,0.91101921091827,-0.338273223806494,0.0939896725731779,-0.103781199807102,0.962314861682712,1.63242086706982,-1.34891603703651,-0.246292581701601,1.28903927572788,-0.904133560789575,0.446642464897076,-0.428683951343409,0.348240911843675,1.83483111387216,0.361498505185524,0.0622830960996026,-1.82483661763073,-1.18412325260534,-0.594152547192145
953092.092983668,1007099.41356912,-2.2452875417768,-1.3788839583156,0.142095286489385,-0.253859930216243,-0.33553992813165,-0.566614520890083,-0.384388497028769,-2.08957432505656,0.489481589271672,0.287604410874206,-0.79590388156243,0.562226185113284,2.0908673330332,-1.16744518915452,-0.47301503717041,0.266617248838092,0.927098021717883,0.537855117489657,1.56512526712714,-1.51912560589879,-0.806200765986901,1.20654434481972,0.819093036335961,1.54797432376744,0.652773260223992,0.209618155673377,0.896304628593963,-0.122788102547984,-1.69090652698569,-0.861493842519427,-0.453022296515224,-1.19611344260236,1.47104651896761,-0.0668358170332485,0.960584025011407,-1.22231880487411,0.583451789392868,0.39921245518459,0.183113830899126,1.66843720702507,0.703592318921294,-0.990525970412563,0.700191632515107,-1.6406169622896,0.793727864718065,-1.27236806819706,1.743465513126,0.538167460027139,-0.289809144544805,-0.12492189501972,-0.95952208258045,-0.196613559414486,-0.0702764489172346,0.398608808538174,-0.0304650972180491,-0.0135560519156421,0.192298392891285,0.888135771718363,-0.350861430730529,0.0660407620130556,-0.0995134295692369,0.963918584506505,1.60886181073021,-1.33036880514398,-0.212417480641604,1.3476136305259,-0.875050010833479,0.449376643772382,-0.381960978405691,0.316827795711338,1.88085486191775,0.282472959101565,0.0522617072602482,-1.83475591937143,-1.1756370503383,-0.614642986422573
961241.317898402,1007099.41356912,-2.16753656143051,-1.44724392293134,0.113796146673312,-0.176808938662342,-0.415428010989863,-0.579987001107433,-0.330045241341245,-1.99652341988103,0.478585689427048,0.428503674003458,-0.842350674935308,0.482877286451761,2.07014860146261,-1.16479819261692,-0.452544363651515,0.313501922778093,1.09171559851015,0.538032243749758,1.5316699293417,-1.46379915566219,-0.788354260818228,1.24165537191842,0.78835172907441,1.52881581038808,0.699977676074215,0.202293558045853,0.902876317017109,-0.11338965160781,-1.65063414514415,-0.839856923134131,-0.433911619953077,-1.25249122055299,1.54057432750821,-0.175678402074206,0.899646761246244,-1.21058744426087,0.572343444829207,0.353285259906523,0.152505190078085,1.58330967741273,0.619043882030511,-1.02829389302207,0.681740821525831,-1.66646347595628,0.86712514882354,-1.22795688819796,1.74656052637002,0.558905877532915,-0.266366155845712,-0.130191235413438,-0.99277156731976,-0.264182318214058,-0.10411341707438,0.388899584193584,-0.0147222529620291,0.00470273273560877,0.13665285804736,0.859491857569075,-0.366920230474887,0.0250417053681292,-0.0921885397838917,0.958873750956456,1.57470596448476,-1.30424215727167,-0.170680856398752,1.41455651373163,-0.837529141351592,0.447460356514956,-0.312811101973199,0.276535782947554,1.94740446648227,0.207561687228411,0.0524520711582148,-1.83947651359311,-1.15357673442119,-0.632629069669858
969390.542813136,1007099.41356912,-2.09205012689748,-1.5123483993798,0.0889305065111345,-0.101814235969934,-0.48765598163985,-0.592557219268841,-0.27406623809914,-1.89348137012709,0.466078820802949,0.575572947072211,-0.888577289127358,0.402460428343327,2.03695085748185,-1.16223715494353,-0.421851077853954,0.361062093770293,1.2527982481243,0.543911857736287,1.49958976837019,-1.40523634197044,-0.763273186338569,1.27334131424546,0.748344685596952,1.50374542276888,0.739311159540186,0.190306884785231,0.907687734299013,-0.105665426976084,-1.60623523035475,-0.820264162592252,-0.415774688731276,-1.29332211608328,1.60400307762811,-0.276888832695277,0.832288144913532,-1.18903580480813,0.56109456269935,0.302965579635193,0.120822403885329,1.48791414175574,0.528857118220244,-1.07277771914601,0.65875870113684,-1.69243181940653,0.951339789991361,-1.18566531973739,1.74015650408157,0.584646030342192,-0.244019505981092,-0.136029330995473,-1.02246325732032,-0.331592629578624,-0.136985169034941,0.379091128086849,0.00705278743668006,0.0313950518728036,0.0823999978551914,0.831236679590694,-0.385964621499487,-0.0213192872736137,-0.0850961946634254,0.945869299143451,1.5354228758009,-1.27661880498927,-0.127878175927476,1.47994028816372,-0.804955700137603,0.44262904827625,-0.242729845835969,0.235671794539158,2.0128234815734,0.136422209853177,0.0574920562244378,-1.8414099592808,-1.12808647283106,-0.656621307810843
977539.767727869,1007099.41356912,-2.0422902732691,-1.5592636571838,0.0788253494629912,-0.049359368237048,-0.526637107175555,-0.602896159771285,-0.227504700282462,-1.78872013271971,0.452826787330963,0.71481083537412,-0.927038256322727,0.340841109508362,1.98744583603539,-1.16593151431822,-0.378046314413626,0.400788849572121,1.38392044781636,0.562544513694793,1.48718602324458,-1.35854682181577,-0.729433771904939,1.29290690890282,0.697281268084186,1.4787741741844,0.753053081697106,0.168390654403192,0.910043593141101,-0.102207229705803,-1.56861732269174,-0.81445424543766,-0.407956580983125,-1.28544983741501,1.64831244055703,-0.328278272820894,0.768582032672246,-1.15461385018496,0.555902099887695,0.256896088309623,0.0957671102047754,1.39731387873292,0.449601402165689,-1.12957346221534,0.629917281958355,-1.72490002610692,1.05185279933156,-1.16562489149072,1.71835816598224,0.620473874791651,-0.231264209643403,-0.140799884492092,-1.04111493144262,-0.382429309023457,-0.159937542709318,0.373747365802542,0.0397734795605616,0.0722906063731057,0.0479047590185129,0.812732376170323,-0.407316892341992,-0.0692424705665016,-0.0830641540850211,0.921003761397912,1.49812054499109,-1.25950610803044,-0.0936459909631971,1.53450952801178,-0.796890573244808,0.433531471397474,-0.188513216161505,0.204501038787723,2.06111453258483,0.0795357421314838,0.0607182788979714,-1.84634867400588,-1.11066994294495,-0.702929214488297
985688.992642603,1007099.41356912,-2.00065587079466,-1.59778917452487,0.0768894742579674,-0.00345296402272211,-0.547047364280793,-0.612400912911455,-0.180865383785682,-1.67489074986629,0.438065387133169,0.862699627838412,-0.963959545632376,0.284481831932998,1.92089495551282,-1.17243266724046,-0.321216072296845,0.440324944515928,1.51105863500298,0.591008086186732,1.48441580302102,-1.31197180410007,-0.686691304914529,1.30731397268861,0.632998573037294,1.44947904180091,0.75281240339563,0.138130038404426,0.910862489067405,-0.101395031127945,-1.52987016144444,-0.81526743605112,-0.404713053384521,-1.24810074992018,1.68453452987658,-0.353555313675515,0.699145600353754,-1.10843082669417,0.553311118376635,0.207734363861616,0.0721638315139789,1.29756496251955,0.36770981584231,-1.19952554266782,0.594362803088694,-1.76163178571349,1.17017663778416,-1.15439693910618,1.68343870051873,0.665623413091378,-0.221917224607216,-0.145383702584844,-1.05385253074713,-0.427839893109287,-0.178876548947104,0.370332187907393,0.0822768378025384,0.125982623965296,0.0212331816342488,0.797944211483915,-0.432565360027883,-0.124076632962594,-0.0832440678608262,0.885008248513494,1.45720787159751,-1.24528957293241,-0.0605842851541024,1.58748890671525,-0.800790463962554,0.420679390595863,-0.136311120388015,0.175580819958519,2.1017453842667,0.0226206156448967,0.0619644850154999,-1.85262492291054,-1.09615969519894,-0.769009819260532
993838.217557336,1007099.41356912,-1.94774273631465,-1.63839340076716,0.0776646561693159,0.0523795685258658,-0.565480059083696,-0.620113001364719,-0.123775022682402,-1.53554757155932,0.418566275361239,1.0390891084176,-1.00518381380729,0.215032657754713,1.82684087311684,-1.17716827530886,-0.247262032149435,0.48908055748613,1.66136948272088,0.627681364754269,1.47994736220703,-1.25256755336976,-0.62970381850077,1.32172580555072,0.547594491528379,1.40902536704758,0.748823864128459,0.0986630019434199,0.909816256402753,-0.09958857917373,-1.47813348078695,-0.814537843079289,-0.400483372118152,-1.19338435201942,1.72501703496166,-0.376177070913245,0.609781325942822,-1.04666029776392,0.55014650903213,0.145876045177829,0.04419816893792,1.16632401793575,0.263627124262296,-1.28686628918287,0.547013451623049,-1.80354328779475,1.3162912316404,-1.14006566332563,1.63246694352903,0.722955266952728,-0.211158679658546,-0.148736137546615,-1.06458871749044,-0.481270256724815,-0.200665158771924,0.36672718328458,0.137429519297345,0.195025446097847,-0.00864202387388821,0.779382333566094,-0.462525152227908,-0.192079851804333,-0.0842590783845946,0.836689067343077,1.4020943370765,-1.22399874246473,-0.0183125358936485,1.64940550717628,-0.807066718006754,0.403480355482678,-0.0745572473623387,0.140348383566004,2.14261593837139,-0.0519429010895338,0.0635350248186042,-1.85313387192215,-1.07751935733374,-0.85462926950803
1001987.44247207,1007099.41356912,-1.89676740408609,-1.66127142087758,0.0837479890351328,0.110048516268294,-0.580883177243505,-0.602998033341786,-0.0875336468527077,-1.4105077206638,0.400794562799562,1.17074845961012,-1.03013041509167,0.156172458724381,1.72430879284756,-1.16849161644329,-0.169991769090912,0.541228769657488,1.79593553511212,0.657563137515091,1.45751998125529,-1.19746234642169,-0.575567134861979,1.3367055236078,0.469836507011658,1.36563682596517,0.765922932576204,0.0609728561556309,0.905137646427341,-0.102273866469168,-1.41504136324934,-0.803467615205567,-0.40564525669195,-1.18117504077067,1.77455618388116,-0.396105119473796,0.532619972988582,-0.989732692402502,0.54245849467588,0.0858937080020881,0.0257325688292383,1.05484413758559,0.173140195612813,-1.35361148577892,0.495955596294269,-1.82698791320537,1.44695263001616,-1.13172896058088,1.57636366606221,0.779429130888907,-0.217759866763834,-0.136130945293604,-1.07035365396158,-0.52744615893159,-0.233873000257349,0.366725093230878,0.184999334638579,0.251990033785946,-0.0401539378415939,0.761998633514848,-0.488549331183062,-0.233296099226884,-0.103667744162941,0.805542316604201,1.35271586292724,-1.1895071560083,0.0444508056369087,1.69846691855798,-0.822138085465007,0.382432799468486,-0.0435765722537016,0.101528820632433,2.15879490594717,-0.131777047257499,0.0764449335426206,-1.85401353164798,-1.07432819331332,-0.925584285451304
1010136.6673868,1007099.41356912,-1.86317738777335,-1.65146417501634,0.0972755305624997,0.159603280585504,-0.591709574580551,-0.54396644200428,-0.102095945132879,-1.32870733492449,0.391039027582443,1.1998269371882,-1.02491807705708,0.132220117490291,1.63382247709922,-1.14104571503382,-0.101145888024331,0.589805966227881,1.88451404119993,0.668375446823763,1.40236797031683,-1.16367449520303,-0.540424642309129,1.35257584323454,0.426069272423845,1.32912624961963,0.82388662569874,0.0319328900576813,0.895779406756355,-0.117294050668129,-1.34453334689686,-0.777793722198327,-0.43332058664209,-1.26514414134333,1.83696360715486,-0.408610976394544,0.502359691270667,-0.958138674192079,0.525198526550247,0.0423739172045727,0.0286781973846959,1.01748874706893,0.131400364105926,-1.36782165300621,0.448568492688384,-1.81366897977552,1.5269900937202,-1.14214964111448,1.52734222408372,0.824471239213122,-0.262668679123062,-0.0946284526900946,-1.07224608845245,-0.552924823093868,-0.290346061575797,0.375389182315933,0.203942031214017,0.272390949744357,-0.0729633456953817,0.749846730527758,-0.506875416459752,-0.212788937372937,-0.160054674331623,0.819267500626101,1.3285065227507,-1.14039808696924,0.133769527435964,1.71632512176268,-0.854765084456908,0.356807725536065,-0.0838360976436608,0.0633985300334569,2.14596011945669,-0.182776541949421,0.117649031845807,-1.86386762353249,-1.09482089297318,-0.947371968308221
1018285.89230154,1007099.41356912,-1.8257784714122,-1.63490366353119,0.112507542899813,0.212265915165377,-0.601967861435711,-0.475100706502191,-0.123379117854938,-1.24537580363715,0.379921143810911,1.2176765384357,-1.0136142993957,0.109208163579926,1.5316549280063,-1.1075046898342,-0.0283972858060783,0.640941517386378,1.97119094954225,0.67690629484967,1.33577828982037,-1.12812983421236,-0.503707420839909,1.36763169400488,0.3812211464532,1.28685279396874,0.889264026450057,0.00161500583491179,0.883511629169328,-0.134302238073664,-1.26735083335895,-0.747342759045146,-0.465361011063816,-1.36868447546259,1.90275276710783,-0.421758370978378,0.47259097899178,-0.92481761148153,0.504517728146927,-0.00414731526262055,0.0343464569412735,0.982964944647259,0.0912634979035365,-1.37459881732464,0.395787943761708,-1.7933715444214,1.60548600578155,-1.15413043627091,1.47080446234926,0.87066331409933,-0.316053312722137,-0.0470617819480588,-1.07128855300868,-0.577342495502494,-0.354447003890147,0.383855575561463,0.22201226848776,0.290393380579684,-0.108398580852377,0.736592362049745,-0.524771333244787,-0.182886453510009,-0.2264718272036,0.837305561150241,1.3025591898495,-1.0846276079742,0.232240259439632,1.72963988796733,-0.892358480934255,0.328074000580843,-0.135913786286965,0.0211827431618758,2.13268089029083,-0.225918552233485,0.170228473394091,-1.8698109301045,-1.11173991574083,-0.958859154164654
1026435.11721627,1007099.41356912,-1.78448516087004,-1.61378898164626,0.130559453040507,0.275212424578499,-0.616655245296758,-0.394548291152456,-0.148324139370227,-1.14582642527996,0.37301777393976,1.23477581158395,-0.997082311142729,0.0798403966703475,1.40601692962452,-1.06451323015337,0.0484187092965744,0.700075679775545,2.06248520381662,0.686517810120621,1.26016764212035,-1.08525251416346,-0.463272163917322,1.38414423458099,0.324948860546312,1.22985474742654,0.961313600496844,-0.0283787821823301,0.867900879908616,-0.15946875290981,-1.19282986658369,-0.715078957464807,-0.503486088891664,-1.49182875623471,1.97645204752316,-0.432884436611238,0.436252801901769,-0.892364072701564,0.483575347016323,-0.0579891273184999,0.0406111309817371,0.938840086950997,0.0431146874109982,-1.38305752770346,0.329569415693031,-1.76964695309879,1.68686169859338,-1.17114021788457,1.40097668762459,0.924877881295876,-0.37585284686355,0.00339970672789944,-1.05965345460142,-0.605170933039816,-0.418887878120335,0.396357284958415,0.239894675642582,0.315989117300729,-0.147208582179492,0.718197027412365,-0.54792702319118,-0.145329685365638,-0.304059849641682,0.858972406465058,1.2667049502678,-1.02161632893923,0.340446614193085,1.74140075526878,-0.930398277727002,0.297155708239685,-0.190796942302692,-0.02666350993158,2.12387576396527,-0.267779286222599,0.235129363291473,-1.87167069258798,-1.11808945170199,-0.968259945961117
1034584.342131,1007099.41356912,-1.75466805642234,-1.59243425916499,0.147956407582297,0.336876500060641,-0.639645734406309,-0.320205657488567,-0.169811639486063,-1.04791258145873,0.38496607841674,1.24278296371191,-0.974330225895444,0.0486865778375362,1.28937038753736,-1.01636095804044,0.0987700714241498,0.754996418165813,2.12647633172775,0.696126370177063,1.20465240580003,-1.0445322846909,-0.433817647530842,1.40001291727125,0.267533404805984,1.16225119358621,1.01970365104345,-0.0380331172170699,0.853310625981919,-0.197470098242688,-1.1652264258337,-0.695930361386213,-0.540301052438705,-1.59726459541112,2.04137385646887,-0.432543125519116,0.401932587915678,-0.880161900961444,0.474022128660342,-0.103030974907553,0.0455009466182872,0.89387384515872,-0.000885002967706415,-1.39478169210386,0.261842485066268,-1.75059707055496,1.73913358080156,-1.19691714435686,1.3350103076345,0.977684983869601,-0.419607715930707,0.0378718350822966,-1.0218288709964,-0.629359733463521,-0.444407358036179,0.416140008439187,0.247848562278554,0.351417909624216,-0.172966365986585,0.695891958721277,-0.57539282099761,-0.10357221682312,-0.368958498198989,0.882885675971479,1.22239439358456,-0.969471192851592,0.42787534611821,1.74646524263887,-0.949001302687666,0.278993960444246,-0.220300590594911,-0.0619409338121559,2.11833821696086,-0.307763219781479,0.291596217952603,-1.87294185974428,-1.10737267073649,-0.982421736091574
1042733.56704574,1007099.41356912,-1.73919284578284,-1.57483106326673,0.163414509226914,0.391506698003064,-0.667170705800707,-0.258976796278379,-0.186409104278751,-0.962060063941927,0.412773053501635,1.24292670812253,-0.950168477446642,0.0195075077648268,1.19394164033792,-0.970138503561133,0.121776916129367,0.801251022696245,2.16155424960017,0.705747159882759,1.17529685054744,-1.01096510336942,-0.417054732987923,1.41493800867825,0.215113939717573,1.09367522889071,1.06092649323609,-0.0291674905248443,0.841892353527603,-0.243277613117578,-1.18152321133774,-0.690647584942959,-0.572182782040448,-1.67625215996551,2.0932405847743,-0.422018508869023,0.374151937667662,-0.888334562847852,0.476601897412517,-0.13494636421768,0.0487762369722338,0.853573687039062,-0.0366903922477538,-1.40997321411219,0.200281003938097,-1.73962557132378,1.76231382705438,-1.2288221138606,1.28091636076611,1.02429756634957,-0.444673508612022,0.0549111498355227,-0.967490919015127,-0.648481862276886,-0.432464774505938,0.440484882992283,0.246460879523402,0.392360164400799,-0.184469037463193,0.673116491585957,-0.60461322756779,-0.063076564610239,-0.415690160115429,0.907117635724007,1.17674876150468,-0.933331539863227,0.488574366500561,1.74643388627497,-0.949220930474848,0.274441438255592,-0.224282857087364,-0.0827419913122686,2.11491471159274,-0.346199466933969,0.333417924858083,-1.87652459003888,-1.08599515828616,-1.00239255149089
1050882.79196047,1007099.41356912,-1.7227026676731,-1.5554700656768,0.179276278631057,0.44624232445993,-0.695835955397975,-0.198188460752941,-0.201433073745952,-0.876488132236484,0.443133807597965,1.2416663602206,-0.923724281676746,-0.0102041784681936,1.09750354568145,-0.922411941430736,0.141902140356993,0.847139994912684,2.19329744852313,0.715635413037932,1.14755519040724,-0.97622632320075,-0.400839997244521,1.42972978570424,0.162069581820824,1.02138780343938,1.10082711252142,-0.0166860971659084,0.830551298414886,-0.291163034117793,-1.20284137619425,-0.686118104640589,-0.603908681119557,-1.75300968829802,2.14379395938671,-0.409620888139141,0.346342753393023,-0.897642764193385,0.480189081328955,-0.165817107113092,0.051922779727431,0.812556466897917,-0.0719165927459965,-1.42425004978515,0.137224269033302,-1.72710716379451,1.78182351038889,-1.26107307830074,1.22578584221541,1.07067063515073,-0.466716337111694,0.071081871679046,-0.90882472594082,-0.666508950238835,-0.414547178039812,0.46597580741501,0.243973345105792,0.434456680345044,-0.193753215346529,0.649268631603713,-0.634214939786823,-0.0215509027292884,-0.460805180378732,0.931623736240724,1.12814439340692,-0.896844561340328,0.546879083746956,1.74517278521574,-0.945089676656915,0.2721471899152,-0.223742216997363,-0.100732628643113,2.10113749994869,-0.390448786189147,0.369450602194083,-1.87856389582704,-1.06684116082565,-1.02266492228044
1059032.01687521,1007099.41356912,-1.69720667879635,-1.541488575198,0.202501667036557,0.50732655266392,-0.727988337262533,-0.131349091434944,-0.205366442333296,-0.770325318530435,0.473657527854769,1.24532457293685,-0.886400544029776,-0.0417744683690497,0.991934412489111,-0.879548504454739,0.166010213848112,0.898765687080879,2.22739866747275,0.733160858955304,1.10411395900427,-0.933654211459392,-0.375907346826295,1.43759571926004,0.106285317851238,0.950092598623183,1.14748466854514,-0.0107053474348564,0.821092149362457,-0.339071264854355,-1.21041433392252,-0.681129546587949,-0.641085750895178,-1.84103184110299,2.20217940626907,-0.401706441987311,0.323448446859457,-0.910145232986186,0.481224894295641,-0.203249971150512,0.0530386922076459,0.762195327560291,-0.108570048479322,-1.43253635580643,0.0668159503990224,-1.71704208687028,1.81191053772154,-1.27881806427494,1.15688952403336,1.11964092941195,-0.480431030505486,0.0860319539848526,-0.848215524986997,-0.68744478226302,-0.415972954727499,0.492714704297889,0.249644817378203,0.473131921553503,-0.204004955733905,0.610689962454925,-0.668476116473579,0.00622870357576025,-0.513042365598977,0.956123881510806,1.07311365473983,-0.860551656939276,0.608832897358711,1.74212908445667,-0.922136063168414,0.2729069240372,-0.226966195704224,-0.110921224579905,2.06980891920399,-0.450847345298233,0.401196286994982,-1.87078968012493,-1.05540158220979,-1.03523676218474
1067181.24178994,1007099.41356912,-1.66058002169211,-1.54956863917603,0.236367135006067,0.563202249075651,-0.760475069976456,-0.0720482123427511,-0.180242326220592,-0.647039508171571,0.492021558436935,1.26047199654246,-0.837206587291213,-0.067069769903395,0.904636620813883,-0.866401119020607,0.191170516162427,0.949779011700526,2.26030007799849,0.763105915864156,1.03181946086949,-0.888633258700487,-0.338929328355491,1.42613440033127,0.0623364250573068,0.906882536257791,1.1978907664302,-0.0251802677864029,0.819172828783409,-0.37057902416874,-1.18196304266687,-0.680012982220833,-0.682493780772659,-1.92532332991935,2.26505323613962,-0.411876924717373,0.319483046119245,-0.927552903834592,0.469610435787289,-0.250197386654316,0.0455959529430473,0.70632661243131,-0.137234947786654,-1.42638082064619,0.00348951690892015,-1.72000670505753,1.86420465030639,-1.25276847955937,1.07434410453762,1.15838990747407,-0.470421279466926,0.0942618969404124,-0.803788476750075,-0.71335781688147,-0.471707978521507,0.513515398282582,0.272459792566684,0.488161299741361,-0.215483614063883,0.547193911732144,-0.707142995101107,-0.0103395444398763,-0.567452804402504,0.971811600969414,1.01891707106858,-0.837233895879873,0.661743983520094,1.73864938112405,-0.862742086775709,0.279187816043942,-0.241074456570077,-0.0981236970637189,2.03616950662874,-0.51908646820148,0.41909212710036,-1.84646016540732,-1.05882594123604,-1.01999255323894
1075330.46670467,1007099.41356912,-1.6213463353754,-1.56218971731105,0.270701743795613,0.613821056201371,-0.78976728453711,-0.0183877365691961,-0.148533525082252,-0.52874280111052,0.506143298561523,1.27686392004624,-0.787055889130019,-0.0889749867850784,0.825992984193417,-0.861345890274461,0.214684315516642,0.995930026291473,2.28793092991182,0.794237338228783,0.954540279100626,-0.844535023145096,-0.300750488787491,1.40891944636082,0.0246094089333601,0.873945036635875,1.24424420487768,-0.044897937108801,0.819233278702965,-0.395034258552686,-1.144360462787,-0.679075230329883,-0.721725197672058,-2.00431258866369,2.32204718223581,-0.425526843380784,0.321944302956602,-0.94529999750042,0.45672768174764,-0.296034922821492,0.0366209339082129,0.6508525853765,-0.161822374216113,-1.41485472539938,-0.054201398091394,-1.72517102272627,1.91645057732515,-1.21518321007743,0.99154230250449,1.19083262457647,-0.453692928660465,0.0994390850667615,-0.765932520981993,-0.73757922080886,-0.539863451041295,0.530743949242244,0.298696656672839,0.496288013814224,-0.2254616293848,0.478293672264434,-0.743795960841508,-0.0393544846293448,-0.618777620637607,0.98348306821338,0.968120305638929,-0.818527034662443,0.70740792576766,1.73305393922021,-0.795692739365872,0.287089564358981,-0.256826151120896,-0.0795550272391324,2.00710201598469,-0.588038418292895,0.426993406995383,-1.81626714834623,-1.06420646146876,-0.996817333207087
1083479.69161941,1007099.41356912,-1.57856069816827,-1.57095378306857,0.306656764576615,0.664003535734688,-0.817291518712562,0.034940413730077,-0.115639527201405,-0.41039820547189,0.521895650528237,1.29496314388785,-0.736097871725836,-0.111663953030113,0.74510676078943,-0.852569430323413,0.239734382905644,1.04330243156834,2.31259711977025,0.822551867921249,0.875732981324285,-0.799816055311498,-0.264692731910703,1.3891937652751,-0.0134888430941209,0.832508751655652,1.29006284271311,-0.0670862522782991,0.817751300476117,-0.422041758249722,-1.10434141745825,-0.676968307692301,-0.761397472017238,-2.0762070475153,2.37593636568387,-0.440411838330662,0.326069397183142,-0.958783576006965,0.448016274573947,-0.343531056325351,0.0263733686656444,0.593604040240487,-0.183863707186019,-1.40210067826688,-0.111280448572332,-1.7264763646887,1.96595468838384,-1.17664318745279,0.9037074767696,1.22156256451686,-0.439364049715925,0.107406305306378,-0.728041693171314,-0.760614157458487,-0.609513222887732,0.546932547588875,0.32819140953096,0.506517424441541,-0.230890272134717,0.40445084783007,-0.778717962610161,-0.0697778096327409,-0.667538535985709,0.995173160784572,0.914199948757959,-0.794179928322289,0.755447456171263,1.72188333546556,-0.725084446016684,0.292244588056189,-0.270547066519249,-0.0578885110751366,1.97331342879654,-0.660220069612169,0.425684478334819,-1.7822662057832,-1.06818296917848,-0.975390807474558
1091628.91653414,1007099.41356912,-1.53607397543956,-1.57493653287758,0.35143108731756,0.716414256460745,-0.842843317079859,0.084174717210884,-0.0866069499824554,-0.294803895043148,0.547842663644438,1.32465370242845,-0.686370637316815,-0.137829474679658,0.661862468213894,-0.835618266168091,0.270905752925649,1.10199752972901,2.3324088719641,0.840074092471437,0.807130727616538,-0.758483377949049,-0.244838599425166,1.36250862393088,-0.0527445004857131,0.764650759425482,1.33920206022543,-0.0962920649886264,0.809547673165791,-0.464332344194392,-1.06466599489012,-0.676156940589441,-0.8074272538879,-2.11304489554283,2.4290850330435,-0.461143884691597,0.337507679452103,-0.95729228454102,0.458002737590345,-0.394718055732728,0.00881478825659534,0.53265493731489,-0.198448455749863,-1.39614984631385,-0.166075511648127,-1.72084596711185,2.00782937664501,-1.14989472630489,0.80776766536287,1.25178362249976,-0.442343736622973,0.123391580426353,-0.691715077182802,-0.787955447866385,-0.681054568279644,0.562775463331367,0.369898903882987,0.526358004085972,-0.222949116252989,0.325441244849669,-0.806056729538952,-0.102781482372654,-0.708803910218501,1.011144387759,0.852262673809173,-0.753736626539175,0.81622277709784,1.69623521877907,-0.651542302947654,0.284116213669777,-0.278122534489591,-0.0294763166717999,1.91615422417963,-0.716716849592689,0.424736672487867,-1.74916737169105,-1.06005021752278,-0.975871713313026
1099778.14144887,1007099.41356912,-1.50723323794905,-1.57034092327059,0.398901285405644,0.758981514394922,-0.859405255907479,0.114177729146659,-0.0723831817761221,-0.209234671180803,0.58589424903401,1.36857831513934,-0.653426190342031,-0.164875660757615,0.598592593838196,-0.808658178530621,0.304318302641824,1.16608407822343,2.34201969083034,0.834038388542434,0.777662458366129,-0.735182395627849,-0.259637645417602,1.33493167389222,-0.0846234778199948,0.662311598622962,1.38334611979608,-0.132276107676297,0.792456208889655,-0.525570573399888,-1.0395216793844,-0.679444801587183,-0.853990478992593,-2.07783582975455,2.47066809584404,-0.487697954343056,0.358252297612677,-0.932810502879739,0.500734859484961,-0.439772997515672,-0.0174002634020097,0.483803389675374,-0.196259499728608,-1.40690403591171,-0.200747094180926,-1.70757525075132,2.02910850262236,-1.15418751366362,0.725229878749091,1.27405706050377,-0.477462299504978,0.149555983703955,-0.66949292653393,-0.815450867465192,-0.733526904792298,0.572991270261849,0.421032211263467,0.558425721795882,-0.191799150616103,0.256708829729043,-0.814244135388494,-0.131044844699732,-0.724313641133303,1.03203864168913,0.794228851304732,-0.696903597358016,0.884537877974498,1.6520382618998,-0.590743719055573,0.254334204019387,-0.272025586197926,0.00289016039050384,1.8320080538888,-0.724714238989324,0.43055388684069,-1.73032716757298,-1.03430846785921,-1.01843690543904
1107927.36636361,1007099.41356912,-1.48079475240747,-1.56367584980859,0.441669239144586,0.796056888385974,-0.872722937603235,0.138932236107905,-0.0614027430288427,-0.135948953067395,0.621468171821467,1.40906227906145,-0.625356931768106,-0.18997706527892,0.542395540446834,-0.782388829122915,0.334417939192179,1.22383645057321,2.34766700300382,0.824366807081094,0.75559151916461,-0.715774415168956,-0.278106053440938,1.30803420992045,-0.113051248251158,0.5601795505766,1.42152421881222,-0.166152168299456,0.774297353880302,-0.585552999836246,-1.01789106793835,-0.68282678254637,-0.896675116612927,-2.034765078477,2.50460876824461,-0.513107419745411,0.378071213977761,-0.906755990265566,0.543249863386048,-0.480058404551354,-0.0433593193489648,0.439414895042068,-0.191518826643719,-1.4184565257334,-0.229814055405784,-1.69303853473063,2.04400755160488,-1.16129301349193,0.649154783058941,1.29211789747436,-0.514368171114592,0.174991165183703,-0.650458159439117,-0.840053214440223,-0.778967756652864,0.580833994577782,0.468073810461936,0.588361920035432,-0.160152289065097,0.193780344747791,-0.818346458043681,-0.156625217826982,-0.734190938123555,1.05077634721013,0.739838886903412,-0.642506577327964,0.946026679747339,1.60701280379194,-0.537208298234402,0.223231981891831,-0.264397661543725,0.0331534571540384,1.75092267129954,-0.720985753514898,0.44414757158442,-1.70836494517179,-1.00469134745831,-1.05429710305376
1116076.59127834,1007099.41356912,-1.45777132219915,-1.5562196048393,0.478328644288293,0.825031394883023,-0.886849051657908,0.162393621647769,-0.0553656300498887,-0.0760452979607715,0.652379879641885,1.44470009161115,-0.596163561931079,-0.21655519568011,0.486866741352806,-0.75561199486283,0.358255560762694,1.28095797087908,2.34759565305097,0.818135983163904,0.737674351405387,-0.70311234925656,-0.2974313635556,1.27474005411466,-0.140775643668854,0.465190314475168,1.458746465328,-0.190691145222091,0.757186271347421,-0.649591198669801,-1.00769418479592,-0.689724184869233,-0.939648772265027,-1.99935978162342,2.53049812352796,-0.538481701837106,0.399924856452711,-0.882620822782981,0.58486262848183,-0.506716130314555,-0.0686690938841796,0.397827833851753,-0.170236407374005,-1.41667709077488,-0.255297483285544,-1.68512017595806,2.05825742857677,-1.17324156855444,0.56422404714549,1.30505688042592,-0.55058897851188,0.203268891446985,-0.629052081204068,-0.855829541583545,-0.812432579512464,0.588442407463447,0.503205411658673,0.616770049581211,-0.126228271882814,0.136802714138734,-0.82276564566974,-0.173460462869318,-0.738201717956934,1.07049693684439,0.690758988321461,-0.59041217616896,0.99663968940239,1.56115638899468,-0.484929413887954,0.191062420141177,-0.248573886256539,0.0706511211848951,1.6686969250059,-0.717805085936166,0.462764847408342,-1.68396509225501,-0.976688107664249,-1.07926802658581
1124225.81619307,1007099.41356912,-1.44635731905812,-1.55447841483653,0.499538243229743,0.835510330389327,-0.907033815953683,0.184363665866976,-0.0648824698118046,-0.0490020532922246,0.675783354807236,1.47516220259024,-0.565986872377462,-0.248718616199635,0.440008326567978,-0.725706209249438,0.364658470129816,1.34708399732737,2.33832849188283,0.827588053753774,0.741933140191274,-0.71585469655124,-0.323702588135403,1.21817734463459,-0.165114167899677,0.392698202262431,1.50185368627667,-0.182780884454503,0.746929290524128,-0.731585370352533,-1.03627887290559,-0.712152788939508,-0.984756032921467,-1.99299592034102,2.53786001580819,-0.576017367867187,0.429816425585008,-0.860833450585129,0.626681533975155,-0.485336072925405,-0.0933015867012742,0.362793354362747,-0.0898079273143524,-1.37477797863816,-0.268023841030354,-1.70233574865391,2.07632916000794,-1.20480456783714,0.451468503319478,1.31033379658981,-0.591994478179871,0.248833931761003,-0.599220350570872,-0.842062033583394,-0.808056546004476,0.601740150961941,0.509621603446117,0.649966204801534,-0.082392836853498,0.102276238070905,-0.830953918187891,-0.162766334911882,-0.722077312644722,1.10118500909998,0.663160328435507,-0.540690750555581,1.02046862972634,1.51368357797882,-0.436567344233325,0.147580624579983,-0.209497235192941,0.132739098063158,1.56690190577491,-0.730697869597999,0.461047557311438,-1.67439673740291,-0.961362197936407,-1.11131406695218
1132375.04110781,1007099.41356912,-1.44196591133379,-1.55454117487538,0.508029103044309,0.832941564970892,-0.927782341519668,0.20298798390595,-0.0844579398554013,-0.0465964674805743,0.692773181166799,1.49771535300838,-0.538240991361374,-0.279605141094885,0.405616547516537,-0.695767369371569,0.359196595580946,1.41030824423916,2.32146653460813,0.845664425863188,0.761749566761258,-0.742946267244906,-0.351765448677032,1.1514100336618,-0.18365503807307,0.34245454336917,1.54210365588146,-0.15370189425944,0.741734126863751,-0.816040754995452,-1.08615155996407,-0.742027380289282,-1.02513708004163,-2.00510845774611,2.52970538999193,-0.618326784538769,0.461127324230695,-0.842915641349967,0.661623148575476,-0.433244989182047,-0.114148501508962,0.335832718056278,0.0173065181166283,-1.31106401883185,-0.269975113883263,-1.73147680158922,2.09432773932569,-1.24395956584633,0.33049537314445,1.30916760739317,-0.632080192704451,0.301514578906798,-0.566798888922156,-0.809478410027629,-0.778586971104332,0.616170092888268,0.496531567906443,0.680714325480627,-0.0376251014214337,0.0886349135185383,-0.838904362276967,-0.134457984124938,-0.693886527894762,1.13541817581974,0.652865451785047,-0.497939464026017,1.02250709908895,1.46909078138931,-0.396258896301581,0.099873310866469,-0.16108550782115,0.202996617781046,1.46052456137538,-0.747323388739967,0.449750456287794,-1.67297227707897,-0.956031303633078,-1.14955940853009
1140524.26602254,1007099.41356912,-1.43784777411483,-1.55345323177165,0.514317368950521,0.828660862932488,-0.944178979086529,0.219305662538673,-0.106398369707206,-0.0473514009443311,0.706625969461052,1.51292581275927,-0.514066644247738,-0.30578392908877,0.380199934162829,-0.667903321142424,0.351899970523203,1.4630918666848,2.30331868583963,0.862777355518248,0.779697510791002,-0.765962661929904,-0.374461127875634,1.09037747041236,-0.197043283108274,0.297381793692496,1.57314280961488,-0.124603521477072,0.734655334417308,-0.889509857515799,-1.13077291781531,-0.768539998043588,-1.0607511877148,-2.02120463038567,2.51738777932307,-0.6551417349172,0.490947880162001,-0.83000336753899,0.689334945687754,-0.382666570675678,-0.129243761125048,0.312920985455012,0.112477118989873,-1.25187933543508,-0.268301134657635,-1.75589102379055,2.10732821561427,-1.27796873290686,0.221278884064989,1.30406767566863,-0.666492329540567,0.351376186729128,-0.5380454061725,-0.777576768793766,-0.748847389528156,0.626446830229477,0.481771957072132,0.706744671046447,-0.000928309180035141,0.0820894837109043,-0.844114672732192,-0.107131231992072,-0.668205275433813,1.16427899887655,0.644065784180752,-0.461631441064979,1.01873492984555,1.42756280328977,-0.36148737134477,0.0578357626682288,-0.122129835444413,0.265381095148997,1.36453883909716,-0.751825116577945,0.456639572320475,-1.66534827274115,-0.953374085784805,-1.19526205988774
1148673.49093727,1007099.41356912,-1.43898533209196,-1.55542386111526,0.528393407395767,0.827470198728544,-0.954283013497445,0.237001188584718,-0.150068906870567,-0.0482989435585118,0.718993172282162,1.51397899526826,-0.495264829070559,-0.323688280055338,0.381199278285818,-0.637915273299504,0.340698535579165,1.50943527906616,2.2885960166445,0.884773468823007,0.787763447780305,-0.777684224736836,-0.383956942979827,1.03789573028352,-0.195315503465064,0.243558743092214,1.58904738711148,-0.0898176046424634,0.71418342966798,-0.949427916084224,-1.16626689064603,-0.794173155741072,-1.10390084972013,-2.06836772800941,2.5044473794808,-0.687308386835005,0.536368792008793,-0.837335671430519,0.704977983430044,-0.331495188494699,-0.126153995474082,0.297132459210477,0.200269986879811,-1.19292630985997,-0.25897185665785,-1.77843782557517,2.11311739974235,-1.3110337825707,0.131488277187868,1.29217035885969,-0.701188764927331,0.417049599508282,-0.513444110251675,-0.746605147252602,-0.719238468803346,0.629345839766694,0.469871898273835,0.728885714754943,0.016055260529435,0.098625114262841,-0.846340247407276,-0.0749692371152235,-0.65334314460617,1.19116489286432,0.630140793386935,-0.434377584928131,1.0058200123065,1.38574907270605,-0.329305393673642,0.0243659591675065,-0.113594248412825,0.323338142077121,1.27025902489523,-0.781580436256477,0.474770846527497,-1.64674768782864,-0.947727354281474,-1.21694500737324
1156822.71585201,1007099.41356912,-1.4544524035035,-1.56792394021625,0.563790928711227,0.834522309832687,-0.954837571385606,0.259597668180777,-0.250237307703604,-0.0472904559140918,0.728108746566755,1.48625814976106,-0.48746873565999,-0.325400598178419,0.439985972780105,-0.600974843112107,0.318948402862589,1.54999172039277,2.28501693902959,0.920083286225362,0.766253037518519,-0.763431008244808,-0.364490308883434,0.998166018414698,-0.159700539465001,0.163105308940934,1.57742499072676,-0.0379453498843373,0.662677191114479,-0.987184722565109,-1.18450076460489,-0.823688770396789,-1.1719811158131,-2.1974728889667,2.4922281442645,-0.712682382083673,0.623568021444553,-0.893082162906892,0.696336320982717,-0.276271573551968,-0.0841205051709173,0.296607715684991,0.28592107924045,-1.12668122339055,-0.23348192285823,-1.80705174542189,2.10190717057582,-1.34840391998834,0.0803106316574717,1.26616665165279,-0.741171368596309,0.526348818191563,-0.495355500270917,-0.718250811116039,-0.686922417815535,0.618731054329723,0.464548430646875,0.74825217471685,-0.00838743991671704,0.170353388231066,-0.845086961099066,-0.0252228617619545,-0.663397264468502,1.21927093432603,0.601036158024854,-0.426923307611228,0.972746288636105,1.33901030348584,-0.29881921825945,0.00780204990557674,-0.172163589488591,0.379446956048439,1.17331132814427,-0.878077707159924,0.518498319321799,-1.60339426351637,-0.933745906547259,-1.18348806663892
1164971.94076674,1007099.41356912,-1.46934613096494,-1.57873621262855,0.603026536251627,0.843119117349292,-0.949078623988082,0.28294566354585,-0.363839962583339,-0.0452442947305046,0.735373269266195,1.4483178341981,-0.481446413937974,-0.320580599630096,0.512474367958197,-0.562583486237646,0.29539436529504,1.5842367978453,2.28147559848413,0.956848564104299,0.73752001469576,-0.74054110191949,-0.335864761618336,0.964283012702798,-0.115085855083101,0.0787539044703034,1.55525329617536,0.016428488020238,0.602980487701108,-1.01270381119331,-1.19362013929817,-0.849872644067953,-1.24123181300972,-2.34453462090096,2.47667689474746,-0.731941462066355,0.716541291548625,-0.95873426702504,0.680488424355248,-0.22207365511293,-0.0320230041717589,0.301444867499408,0.364890232430254,-1.0608159844104,-0.203269897064575,-1.83078285232631,2.08324894745941,-1.38155854016986,0.0451810368469888,1.23526236055369,-0.778490163819044,0.639811914868306,-0.478424805704376,-0.689760865874476,-0.653587407416722,0.603928625406031,0.461150787493202,0.764898897051989,-0.0437211630652634,0.253142936602949,-0.840300037658122,0.0269938061217439,-0.677871464952166,1.24462923939097,0.569019223005681,-0.423375885243785,0.933722926558383,1.2915095036406,-0.269150353948993,-0.00143314724783095,-0.2481893736691,0.431550141995742,1.07356378487108,-0.994035620127717,0.558068203552978,-1.55830631642905,-0.918148493813926,-1.14525445532622
1173121.16568148,1007099.41356912,-1.4747353392798,-1.58032733040495,0.636498589044228,0.85786339912266,-0.945306472631373,0.297986454014359,-0.460954278197252,-0.0432215557256888,0.736729525444745,1.41433563531114,-0.46880641986197,-0.316205420208514,0.573230374071137,-0.521045519120598,0.274780984712443,1.61218740586459,2.27310361439051,0.985298779076728,0.712758146190584,-0.719898965754909,-0.306849456117638,0.939751403297498,-0.0744834019222102,0.0119804754790407,1.53863642774168,0.0554417721665683,0.554062714468714,-1.03016848796456,-1.19504913903455,-0.873513522725045,-1.29454751845499,-2.46479949698624,2.45900192985728,-0.745046131117665,0.791972677529607,-1.01253181152994,0.664204065460085,-0.181377364784185,0.00414905491616599,0.310743578967859,0.425040285895139,-1.00791060134318,-0.177331803510154,-1.84473452128225,2.05969345407183,-1.40366526302384,0.0194252928510435,1.2089804326243,-0.80652420315635,0.734228734077583,-0.460431063089564,-0.669098821801063,-0.620073795989822,0.593097038325255,0.455081803975521,0.780077108190335,-0.0791899054127663,0.314497639158811,-0.831242790063549,0.074341346257886,-0.689939247258289,1.26687872151901,0.542422407227382,-0.419330307677205,0.902979706256489,1.2474903450856,-0.238225874749748,-0.00773931017940144,-0.314609088137445,0.475462628530725,0.978789820991616,-1.09131713532894,0.576861388167114,-1.51967005508046,-0.908317028728859,-1.12149217660161
1181270.39059621,1007099.41356912,-1.47087102252049,-1.56723705192959,0.665104998722915,0.896813010269183,-0.955800765444436,0.291620696364902,-0.548950693910149,-0.0538535159007122,0.724262482633014,1.37979519155384,-0.435476008163852,-0.320322000217061,0.629671327841171,-0.455144789716416,0.252322257346175,1.64081092771935,2.25183496748143,1.00652302286975,0.707456822789568,-0.717202384936232,-0.269774219756777,0.943098653275136,-0.0314999265614846,-0.0231041625111024,1.53423296004387,0.0626889807237062,0.515080505858344,-1.03646095184397,-1.19475138119662,-0.909052374943951,-1.33230181719874,-2.56533381488877,2.43971218088857,-0.755004072981891,0.851847486589893,-1.05720302538223,0.640062074178314,-0.160772038591884,0.0116956637464805,0.335546881074396,0.460593644887669,-0.976960087286635,-0.156205381547914,-1.84888638961011,2.02847904802651,-1.41589316046139,0.0124722382000837,1.18740125450222,-0.82912755586486,0.817181674349939,-0.439110755016271,-0.663507819906905,-0.577265167609124,0.589075430674162,0.43142336760395,0.791169841655916,-0.144435681280277,0.336183943879442,-0.812484876106127,0.12486022237582,-0.70472866855657,1.29649277406727,0.527529274403682,-0.41699648316081,0.885796804713269,1.20149422580214,-0.194992637419082,-0.0131869923846382,-0.38785527248057,0.518580024279665,0.885537972174518,-1.1596153645806,0.584460672066623,-1.46589581725621,-0.92271045826376,-1.07017449811665
1189419.61551094,1007099.41356912,-1.45815179186115,-1.54030797854878,0.691918033145533,0.959434724054464,-0.982745251643821,0.261962091372341,-0.633013354202836,-0.0774955137243672,0.696248666860833,1.34189053082552,-0.381125211947923,-0.336456353360839,0.687576927628016,-0.358823492389904,0.225172475707429,1.67391853813942,2.21430851017667,1.02273149889159,0.720968323260377,-0.730150496099116,-0.219094373058909,0.972041404287453,0.0184103831338452,-0.0325681384372918,1.54007450632771,0.0429105391456904,0.480633098077772,-1.03254235123647,-1.19449886157294,-0.958862075400861,-1.36110287409039,-2.66145322333239,2.41544684597143,-0.763798729000265,0.906864552036388,-1.09476163126461,0.60734273318351,-0.157795559991493,-0.000550961853242008,0.377521620552691,0.476264337538704,-0.960841584622237,-0.139189974043592,-1.84219483549914,1.98713902164435,-1.41847830000721,0.0220014668421856,1.16941842473772,-0.850660809486341,0.899199886765947,-0.414415208526856,-0.673419952703375,-0.522764529875046,0.589741792098325,0.388041982029453,0.798778463635008,-0.248524553712334,0.321353220786724,-0.783269178132034,0.183966354076136,-0.719523220903903,1.33654471466071,0.520279786475942,-0.41724459116965,0.879887611878021,1.14481571056474,-0.137698859577365,-0.0217540703502468,-0.478687912753987,0.56626190293747,0.787719196735921,-1.19971080847441,0.587197436966572,-1.39264715594431,-0.957669318123397,-0.986745592503336
1197568.84042568,1007099.41356912,-1.44296351281447,-1.50971765957404,0.714332754267993,1.02125994249251,-1.00859693530378,0.231316566814902,-0.713755603099563,-0.103963646330903,0.665742746615008,1.30208858335901,-0.327236987058623,-0.35253481376976,0.740932552026942,-0.26674994821505,0.19788177221228,1.70325008385947,2.17203968272633,1.03476361222457,0.736253027840036,-0.744659615173697,-0.170604653252333,1.00380748015126,0.0659271223095164,-0.0373735706436063,1.54611114459629,0.017558772540034,0.447419879623108,-1.02793638570261,-1.19216466555189,-1.00828846027817,-1.38210291756583,-2.75020673690733,2.38883173316886,-0.770258374915988,0.954319409402477,-1.1292839415898,0.572610291050831,-0.15720130944878,-0.0171137228762262,0.419747057100319,0.487709203441977,-0.949130781993816,-0.122529256050492,-1.83258106363745,1.94301962370666,-1.41924842002401,0.0320394696644197,1.15062711041607,-0.869275183495296,0.974457040514292,-0.390020747148682,-0.684620486056448,-0.46796217785963,0.58932305789071,0.343446619444202,0.8051772805637,-0.354312492991977,0.301740865411666,-0.75170952146743,0.240528980349496,-0.733664532124486,1.37410711846638,0.514686337257047,-0.417771206574506,0.874486714903063,1.09201170514311,-0.0820020506604664,-0.02842954433229,-0.567676489300583,0.610080023107967,0.701114270450632,-1.20008763516836,0.592125259254382,-1.33428627587156,-0.966239031207333,-0.925598586754748
1205718.06534041,1007099.41356912,-1.43346093600341,-1.48104966914655,0.720578760032598,1.06698925746779,-1.02403127861625,0.214181061685859,-0.768481492989034,-0.135869816831664,0.634643396609852,1.25811202571617,-0.295928799725536,-0.369967823498999,0.788638712685358,-0.197317539150575,0.169931180430446,1.72923556337872,2.12043368058695,1.03483432502127,0.757460912560749,-0.754565770856791,-0.129977647798408,1.03801975133614,0.107634118315205,-0.0510657909205747,1.55206573437952,-0.00401780276244135,0.411575825305187,-1.04168795780679,-1.19202802720315,-1.04293859467731,-1.38210830371208,-2.82773083275634,2.36040213548129,-0.770634944251849,0.996424273803534,-1.15074536331066,0.543595339291194,-0.153276296079455,-0.0127760920949171,0.460854862627041,0.500368001838491,-0.944779558556639,-0.100466402296438,-1.82302665286971,1.90408610891045,-1.42446596015074,0.0239330763456613,1.13480133256207,-0.88691394464989,1.04756324741102,-0.376033150227906,-0.695624560240229,-0.412866163713496,0.575161562015069,0.313896387790061,0.817514835202567,-0.433993292144169,0.290819224787503,-0.7144558120581,0.292065657671676,-0.72833560034401,1.41020981636552,0.505771216317272,-0.423127044316248,0.864037400929224,1.06832131398543,-0.0417383902149167,-0.0301097755828673,-0.639503577244672,0.646565705781631,0.61775070097153,-1.20610382317361,0.593175591142049,-1.29741780449371,-0.974763061083188,-0.870351086944877
1213867.29025514,1007099.41356912,-1.43218342910058,-1.4475453935744,0.702601327388857,1.10204180799592,-1.02214245505588,0.218892711565795,-0.801048281837935,-0.187328219745062,0.597895268241287,1.19599106721926,-0.289941181806776,-0.389486721405937,0.838688109826508,-0.150937279265383,0.134794113055673,1.75608491053196,2.04353142416829,1.01751805347201,0.793033775469204,-0.764014186543431,-0.0963692357032242,1.08603897177949,0.149447780822149,-0.0788889738508677,1.56120995723551,-0.0287160228319059,0.363268260385021,-1.08822309091809,-1.19426648517147,-1.06337466533976,-1.34440283862969,-2.89686212634411,2.32636129816556,-0.76094264162302,1.03417998501082,-1.16155146868602,0.513170574767594,-0.14005294158548,0.017111618215572,0.50912205054993,0.521909994436431,-0.955124528292798,-0.0627441881710091,-1.81635751795335,1.86514213203942,-1.44356693446234,-0.0132572905724125,1.11709791253954,-0.903891606592552,1.13278566590408,-0.37329675415126,-0.706001846084828,-0.343483863383694,0.537989812483609,0.302734593288933,0.841772448619393,-0.48525727550423,0.295144979963018,-0.658501230469628,0.347781054095285,-0.698465745517038,1.45229998817879,0.494353674636036,-0.436655924758479,0.843483666266798,1.09374800934686,-0.0149582437484358,-0.0191376873599065,-0.695650779539689,0.678267564575528,0.516924903394164,-1.23045850929869,0.585731988777659,-1.28640886800058,-0.991793505577987,-0.81047790101804
1222016.51516988,1007099.41356912,NA,NA,NA,NA,NA,NA,NA,NA,NA,NA,NA,NA,NA,NA,NA,NA,NA,NA,NA,NA,NA,NA,NA,NA,NA,NA,NA,NA,NA,NA,NA,NA,NA,NA,NA,NA,NA,NA,NA,NA,NA,NA,NA,NA,NA,NA,NA,NA,NA,NA,NA,NA,NA,NA,NA,NA,NA,NA,NA,NA,NA,NA,NA,NA,NA,NA,NA,NA,NA,NA,NA,NA,NA,NA,NA,NA
879749.068751066,998950.188654388,NA,NA,NA,NA,NA,NA,NA,NA,NA,NA,NA,NA,NA,NA,NA,NA,NA,NA,NA,NA,NA,NA,NA,NA,NA,NA,NA,NA,NA,NA,NA,NA,NA,NA,NA,NA,NA,NA,NA,NA,NA,NA,NA,NA,NA,NA,NA,NA,NA,NA,NA,NA,NA,NA,NA,NA,NA,NA,NA,NA,NA,NA,NA,NA,NA,NA,NA,NA,NA,NA,NA,NA,NA,NA,NA,NA
887898.2936658,998950.188654388,NA,NA,NA,NA,NA,NA,NA,NA,NA,NA,NA,NA,NA,NA,NA,NA,NA,NA,NA,NA,NA,NA,NA,NA,NA,NA,NA,NA,NA,NA,NA,NA,NA,NA,NA,NA,NA,NA,NA,NA,NA,NA,NA,NA,NA,NA,NA,NA,NA,NA,NA,NA,NA,NA,NA,NA,NA,NA,NA,NA,NA,NA,NA,NA,NA,NA,NA,NA,NA,NA,NA,NA,NA,NA,NA,NA
896047.518580533,998950.188654388,NA,NA,NA,NA,NA,NA,NA,NA,NA,NA,NA,NA,NA,NA,NA,NA,NA,NA,NA,NA,NA,NA,NA,NA,NA,NA,NA,NA,NA,NA,NA,NA,NA,NA,NA,NA,NA,NA,NA,NA,NA,NA,NA,NA,NA,NA,NA,NA,NA,NA,NA,NA,NA,NA,NA,NA,NA,NA,NA,NA,NA,NA,NA,NA,NA,NA,NA,NA,NA,NA,NA,NA,NA,NA,NA,NA
904196.743495267,998950.188654388,NA,NA,NA,NA,NA,NA,NA,NA,NA,NA,NA,NA,NA,NA,NA,NA,NA,NA,NA,NA,NA,NA,NA,NA,NA,NA,NA,NA,NA,NA,NA,NA,NA,NA,NA,NA,NA,NA,NA,NA,NA,NA,NA,NA,NA,NA,NA,NA,NA,NA,NA,NA,NA,NA,NA,NA,NA,NA,NA,NA,NA,NA,NA,NA,NA,NA,NA,NA,NA,NA,NA,NA,NA,NA,NA,NA
912345.96841,998950.188654388,NA,NA,NA,NA,NA,NA,NA,NA,NA,NA,NA,NA,NA,NA,NA,NA,NA,NA,NA,NA,NA,NA,NA,NA,NA,NA,NA,NA,NA,NA,NA,NA,NA,NA,NA,NA,NA,NA,NA,NA,NA,NA,NA,NA,NA,NA,NA,NA,NA,NA,NA,NA,NA,NA,NA,NA,NA,NA,NA,NA,NA,NA,NA,NA,NA,NA,NA,NA,NA,NA,NA,NA,NA,NA,NA,NA
920495.193324734,998950.188654388,-2.56094106895598,-1.06891745938816,0.303506497288724,-0.378365311795298,-0.0151332285433248,-0.523823504425527,-0.639726398982755,-2.49835233104279,0.625996164212653,-0.117043557249981,-0.689965704439678,0.912203078297761,1.9959576641474,-1.2170880540543,-0.252449818907991,0.106997556592034,0.426620283048521,0.636011794359588,1.64765495010278,-1.66548715370689,-0.788426658152468,1.20071727536071,0.731321557490128,1.48021658298163,0.494292685040569,0.225734675629986,0.841353414358484,-0.500407740241309,-1.88114850659773,-1.01418656545892,-0.390824845531997,-1.01681589672464,1.19294219413212,0.263583288178184,1.25346107764966,-1.27557962925054,0.638733073684575,0.443520746252696,0.200822164520378,1.80954683067884,1.03270898148171,-0.936137998447071,0.788605352154869,-1.47742534057714,0.499904344021986,-1.38174350884031,1.53705227473796,0.439661215674696,-0.348378061480684,-0.172921725565943,-0.896522946350613,0.0501121687018887,0.0186146856494509,0.544444942525388,0.0030737647194564,-0.0289806700979669,0.323899330776645,0.979362087285017,-0.327618450161473,0.0572911335500138,-0.0588335543763149,0.873618233938058,1.71404907399777,-1.37788275824101,-0.415156592037199,1.03929687797324,-0.938966037905379,0.371210854171281,-0.356469971611869,0.402103807859526,1.75032342395606,0.746341911058937,0.098537129324907,-1.81487179370065,-1.1565852613407,-0.578818358595142
928644.418239468,998950.188654388,-2.47623949931216,-1.1410397080651,0.25062065448746,-0.346701794349216,-0.0601726115623801,-0.536322032189826,-0.586729556984241,-2.39823338732882,0.59136504406433,-0.061677053374169,-0.711750318157296,0.841114667969571,2.02919216654822,-1.21003844930888,-0.328074032003574,0.1250855474822,0.529192417062169,0.605996730086526,1.6440917790258,-1.63595445711137,-0.808028922003357,1.20619838433687,0.771620925526533,1.51210081144059,0.505585904110596,0.218952241897359,0.848040218413264,-0.392380747303013,-1.83930790494271,-0.977374179577797,-0.405510776706376,-1.0694440504039,1.22402604160811,0.195944757153445,1.19204974211265,-1.27374188873313,0.624590444956428,0.440767135093892,0.194549593834978,1.79190551498416,0.953144931982626,-0.953930510423093,0.778304077534457,-1.51044416299482,0.553568309965299,-1.35008549830235,1.61227039756268,0.450919202691341,-0.345085871067017,-0.170076272278469,-0.919454576749223,-0.00205213258309283,-0.00189798072200873,0.482918806044521,-0.0269721187249549,-0.0202991240084434,0.296641790795591,0.964609441574895,-0.339073903830574,0.053815140208936,-0.081139203426549,0.891204526176505,1.69980452195824,-1.37572523685752,-0.38728425216852,1.10882451370184,-0.9331181952984,0.397110596743326,-0.394121111953929,0.372143945900446,1.81705523368421,0.682996673497114,0.120663320078182,-1.78765914783945,-1.128223971158,-0.549887967744682
936793.643154201,998950.188654388,-2.37483295590819,-1.22024675952081,0.196328712175083,-0.303115181743326,-0.112883788630628,-0.545899222351853,-0.52200139050904,-2.2805761702196,0.556407734071263,0.0110057123094552,-0.733211439549796,0.758793110984569,2.06094108497799,-1.19640142635405,-0.406293629119489,0.151198652904956,0.65092551512314,0.577998803328649,1.63773839823454,-1.5943223466814,-0.82194009337852,1.21603133256108,0.813870407917954,1.54649310317704,0.525094596138279,0.215105281063973,0.856896832045772,-0.277483818873211,-1.78381914359122,-0.931442466632179,-0.41615634975446,-1.12440545304914,1.26427542025568,0.120844903696983,1.12674265706209,-1.26434600731222,0.611532218441127,0.437624060594284,0.188629271762462,1.76742190758193,0.86484531962939,-0.969035726131718,0.769928524583023,-1.54382103744212,0.618385314583658,-1.30887297719446,1.68944683026177,0.468057777275333,-0.334718322633786,-0.161712414507622,-0.940939651277456,-0.0587224037556216,-0.0223940848619943,0.419292236740705,-0.0515173205544799,-0.00587480699683219,0.268751917392362,0.946998984677243,-0.347058412761768,0.051856370028906,-0.0996224783074467,0.913098834636649,1.68401034532566,-1.36557350732657,-0.352407626116834,1.18688923311759,-0.917886133402574,0.427388886822613,-0.426622996547977,0.339958880761018,1.85108335099415,0.552113726426467,0.105107884745223,-1.78683809382325,-1.12571721185275,-0.555475703106209
944942.868068935,998950.188654388,-2.27976102671986,-1.28750059793083,0.156043646139639,-0.249278579541566,-0.166358027088494,-0.550595062358513,-0.464026718846084,-2.16811555607811,0.533988797150724,0.101091498485108,-0.756665884757798,0.688621811459493,2.0758505855261,-1.18296377401209,-0.448441559020702,0.182827442367786,0.778333819569331,0.561497064882306,1.62973580093623,-1.54937530316748,-0.820502001776842,1.2358399151405,0.834604172493324,1.56834708716663,0.553274130631511,0.213511327393004,0.867449499074486,-0.197508152020314,-1.7338572390208,-0.891694223013398,-0.410670527343761,-1.1707618063772,1.31479951441758,0.0448416309706372,1.07226834286364,-1.25424518035327,0.605930338988643,0.428094476413934,0.180302339039383,1.73109445305083,0.787377219375494,-0.987073888957508,0.761209296438455,-1.57297257754506,0.685582557845097,-1.26583349194097,1.74306268345009,0.487923191166388,-0.318915149331142,-0.153615574601651,-0.962726702846955,-0.110424095898423,-0.0415204586300082,0.38042228032679,-0.0591215381355115,0.0118555987575155,0.240643635969543,0.931341041627383,-0.349593789998286,0.0427363025866754,-0.108126858553081,0.929145706736827,1.66606998565779,-1.34862566379939,-0.315310121671489,1.25901684989852,-0.895211100612744,0.450072452460341,-0.427241974485066,0.310677719369861,1.85362459444642,0.381434470295375,0.0504146064411159,-1.81179892356071,-1.14708414739434,-0.602199415045807
953092.092983668,998950.188654388,-2.20513416803603,-1.34812152395787,0.128774009619811,-0.187455287852172,-0.234105689400357,-0.557919380426769,-0.418470081927049,-2.07503689232127,0.521439758763669,0.210838386881772,-0.791775920236996,0.621247075806433,2.06432179699091,-1.17886621187996,-0.451056493967353,0.216949507737952,0.915776664968658,0.556110093209719,1.61200015648773,-1.50855944024546,-0.806240985163084,1.26445364077183,0.822343900489997,1.57154467057406,0.590325108675835,0.208770527681765,0.873383616060031,-0.167600581245357,-1.69775243104321,-0.86771950473593,-0.393702511032745,-1.21367261157845,1.37693319041081,-0.0393518714013115,1.02872194003974,-1.24959883436297,0.602690554018022,0.401938887193207,0.159934250714277,1.6710882116621,0.717245612672294,-1.01583889932369,0.748507052348916,-1.60703558961618,0.753339953734997,-1.23100029384504,1.76251953134235,0.507152838062865,-0.301569390998034,-0.151311993593107,-0.993228099370259,-0.163993067321437,-0.0672349259013465,0.367087709888617,-0.0473985704963373,0.0277553892076286,0.205778993399912,0.908125750883481,-0.352719691446586,0.0169157461349878,-0.108582469274125,0.934785181589727,1.64172142474142,-1.33159837356853,-0.284530497402922,1.321467607733,-0.868662553063155,0.457468140745512,-0.393104635976188,0.276720431808985,1.89108408206458,0.276794965151759,0.0226816346574954,-1.8230027421121,-1.1456061495044,-0.634553864492673
961241.317898402,998950.188654388,-2.11937640804336,-1.41937314006087,0.0982138447224698,-0.110717709898913,-0.325500129646203,-0.567114805292239,-0.368610512470324,-1.96731904777398,0.507295312358199,0.3468875648454,-0.839355014832355,0.536606387552108,2.03477050443757,-1.17577372299484,-0.439622934994336,0.257583863384519,1.08035262854817,0.550458058261797,1.58311995983095,-1.4594785257376,-0.783160950578476,1.29933625161236,0.792090992633428,1.56508609302972,0.635986777164238,0.199929020814192,0.876546267615506,-0.147994674695717,-1.65750351076488,-0.843121596043585,-0.367936488732109,-1.26380486013779,1.45395389182433,-0.150579266006863,0.974762451052817,-1.24603012751385,0.598235740261541,0.362183311612974,0.129555338148702,1.58265773273651,0.629270381134001,-1.05529922286443,0.727503924930105,-1.64988530578465,0.834127446231216,-1.19005723401418,1.77060709884623,0.528449931545287,-0.280566809469506,-0.151109147744145,-1.03367104909825,-0.232592309129724,-0.102407085248394,0.359115851271855,-0.0274635147251147,0.0451385722170427,0.158746121221565,0.874297162811096,-0.356064376542904,-0.0220833002541827,-0.10814956446768,0.93503932793806,1.60378379199151,-1.30954864309478,-0.249327630249933,1.39133110718694,-0.835065225368608,0.459257398413023,-0.340419542426888,0.231116774257503,1.96603861384682,0.202225315988061,0.0218691181564449,-1.81938236103332,-1.11813879186216,-0.649592725103638
969390.542813136,998950.188654388,-2.0335106558812,-1.48994910348219,0.0684982842215649,-0.0332840502580794,-0.411837281999123,-0.576855606575469,-0.31617517538185,-1.85274910816599,0.493208529687084,0.490387622565686,-0.889291119139893,0.4496995634528,1.99675190111949,-1.17315659691214,-0.418899350633483,0.299581296079788,1.24524413126811,0.549140028991677,1.5521781891842,-1.40382351263017,-0.756465751137453,1.33226465955641,0.753493230559836,1.55063424023333,0.6759724439725,0.187285644651055,0.878277972415227,-0.133420745379531,-1.6112129425105,-0.820142846874858,-0.344585433501372,-1.30742767408386,1.52373800290399,-0.259019837114269,0.913602223959113,-1.23394357872377,0.591829779624309,0.31640573814065,0.095783608189493,1.48304914747504,0.533232390140889,-1.10163530625318,0.702734182921309,-1.6876713754987,0.919696671592525,-1.14869296609992,1.77027589058317,0.552612883158458,-0.260129879080332,-0.151742370452719,-1.07169108050119,-0.302827622992188,-0.138664988289106,0.350315859087314,-0.00625046519099905,0.0689921089254677,0.107437100432165,0.839897137143186,-0.365694618558059,-0.0684999406592719,-0.106447504205306,0.927036417794594,1.56062506369456,-1.28275342955126,-0.213210302664061,1.45943001546437,-0.80100097992564,0.457739792988218,-0.281712994270653,0.184914219660684,2.04670527792639,0.140026448686088,0.0331969554179524,-1.81226425035977,-1.08231197595532,-0.663248964187296
977539.767727869,998950.188654388,-1.97775962865836,-1.53972943807997,0.0552599111660502,0.0184381609093578,-0.456417009832239,-0.585107974505575,-0.274107659032869,-1.73797438915145,0.482275091146242,0.62691920932136,-0.932703959989329,0.388379841647445,1.94781895307198,-1.17952285906133,-0.381948963360461,0.333244666597066,1.37832806569677,0.563491881177087,1.54100431742595,-1.35823261198802,-0.724231576334645,1.3516048621381,0.703419726996783,1.53291372691045,0.686672278139769,0.164028371403361,0.879096805733821,-0.129240785429279,-1.56967196417031,-0.814716723326902,-0.338923424456437,-1.30041143988503,1.56701911816238,-0.304550860842857,0.857255838911589,-1.2049102257358,0.590196164925297,0.275152620607386,0.0682903920827124,1.39259318973359,0.450000555339611,-1.16276401673638,0.672345129075138,-1.72168920265792,1.01673352894131,-1.13380006783757,1.75306448161882,0.588270761980734,-0.252547222080138,-0.149327435070829,-1.09415893987597,-0.352537608851881,-0.164814980971346,0.348291073840199,0.0206078021364274,0.108374948341187,0.072363559758116,0.818552836017901,-0.384783421668613,-0.118139615971148,-0.107242130601884,0.904268230108863,1.52108595283118,-1.26290091054346,-0.1874820797374,1.51412162747147,-0.789801325409269,0.45053759946013,-0.236667174477323,0.156945470611795,2.10501061047391,0.0942005064626275,0.0414554064341305,-1.81178288878214,-1.05871548878669,-0.704468699744024
985688.992642603,998950.188654388,-1.93110355574947,-1.58071174521005,0.0499456440341391,0.064046331265237,-0.478368329573671,-0.593195753179456,-0.232218296873247,-1.61673746689471,0.473787253786919,0.772561299099502,-0.976889842534508,0.33659458046891,1.88858437258209,-1.19041847883005,-0.331092374932997,0.36688264246444,1.5088809791962,0.589011939591585,1.53817675237524,-1.3106724619899,-0.686675036898404,1.36666679234015,0.641407135324119,1.50920769614451,0.683198999066113,0.133321438753938,0.879948367696253,-0.132345628761261,-1.5250028491171,-0.817259173989485,-0.342036519711758,-1.26832138176261,1.59850814550216,-0.318488995801901,0.796970928739688,-1.16327818919501,0.590156120843136,0.230979541032113,0.0406856700342648,1.29662697644062,0.364640687948568,-1.23839939010064,0.636678076564155,-1.75110422624471,1.12576629472192,-1.12852752517308,1.72425391748005,0.632901926334174,-0.250041314780986,-0.145247253482075,-1.10848680754763,-0.394955549476391,-0.187855416114136,0.349453584054913,0.0515403111006496,0.16015868613107,0.0401302498487338,0.80283941237319,-0.413305394194387,-0.176173691574729,-0.107529681829227,0.869827104338616,1.47963739299073,-1.24166783032028,-0.163925248377507,1.56655283975682,-0.786473514687001,0.439169715834673,-0.190564192573451,0.13740085368796,2.15163586720851,0.0439099115796175,0.0439722657567899,-1.81506950986463,-1.0422610103805,-0.768753473525982
993838.217557336,998950.188654388,-1.86855581094062,-1.6238247032541,0.0452088160758485,0.12194323509902,-0.50231372908049,-0.596950646302012,-0.180933668569045,-1.46988968116303,0.463201059462905,0.943481093618784,-1.02697469842524,0.27204456291766,1.80677146620209,-1.19805432571872,-0.265466946067275,0.409533738960159,1.6643764264356,0.619968081540869,1.5291067828031,-1.24772686381508,-0.637369825025599,1.38252631806093,0.561532292252732,1.47485688126243,0.679900988645587,0.0952251127063867,0.879278041084102,-0.135409981754319,-1.46293196389564,-0.81566700176654,-0.345562360985667,-1.22856345228327,1.63509530727438,-0.331801737176507,0.719469126471328,-1.10779432399098,0.589129487638661,0.175353651471187,0.00759758520194579,1.17153688084041,0.255757548354097,-1.32874221104348,0.589585904507524,-1.77906932408273,1.25633210702273,-1.11885524469343,1.68230722423004,0.688184972264177,-0.247269509356741,-0.136103661289011,-1.12049241422223,-0.444978373109607,-0.216349709588008,0.351682569866428,0.0901713234021293,0.224138417869435,-0.000181043101434485,0.782198255275487,-0.447134437458522,-0.245671089170479,-0.108313622928768,0.825963010876067,1.42365601973341,-1.20814981098884,-0.130426826665791,1.62714126435506,-0.779930704186844,0.424306022386214,-0.13544879663684,0.114243657858676,2.19529993484031,-0.0299970894155597,0.0480879756006694,-1.8071308403498,-1.02377198714007,-0.84651524366847
1001987.44247207,998950.188654388,-1.81149169964781,-1.65026803521678,0.0469081860250402,0.182080027069279,-0.522973940519424,-0.572570905879414,-0.149729816743063,-1.34531616470557,0.451371759944339,1.06542821443178,-1.05611913808469,0.217299473720572,1.72089323142704,-1.19169161576025,-0.197673388897226,0.458450452583202,1.80147688395028,0.643986633275051,1.50491698913133,-1.19096776965838,-0.591635466122576,1.40027150966337,0.494099293221936,1.43696277790832,0.701293501523721,0.0633830674347081,0.876176908288246,-0.139375456792223,-1.39181762677628,-0.803652491259723,-0.357963752365759,-1.23575643378951,1.68472233648804,-0.346027670310602,0.653219135500676,-1.05515995865962,0.58485885395701,0.12108017058705,-0.0140610002386372,1.07076983786793,0.165558430128871,-1.39365116903226,0.539821730889599,-1.79287444246128,1.37438451607306,-1.11734702285725,1.63639929396217,0.744236384877527,-0.261511998420541,-0.11219941025627,-1.12324165030269,-0.486328727162331,-0.252717233099771,0.354767686778175,0.127081313893534,0.276486199032175,-0.0385179302351238,0.767169882048024,-0.474721034740049,-0.281759757929757,-0.128017359113202,0.800742643144929,1.37729708242767,-1.16271234775388,-0.0704161799612688,1.67716003081909,-0.787931257078208,0.407944396954413,-0.111980396630141,0.0873921339352126,2.19618346903769,-0.131030633867843,0.056628616192404,-1.80415113771208,-1.03560527019626,-0.915886398790328
1010136.6673868,998950.188654388,-1.7677367721582,-1.65483731738608,0.0543992802714423,0.23662116190211,-0.540023677353473,-0.517830876868667,-0.149296922185144,-1.25681774878411,0.437926140864545,1.11582801774272,-1.05813588439625,0.180451160924882,1.64031553485353,-1.17133167687881,-0.136691640500589,0.507692210546426,1.90188596537357,0.654501917102153,1.46138170316851,-1.14899310172015,-0.557927514087026,1.41690335402829,0.450432035193517,1.39774013614595,0.750320731919096,0.0413063070734325,0.868917385640438,-0.146776595154913,-1.31843770167162,-0.782002101949362,-0.383639635529366,-1.30667934138208,1.7440984627604,-0.361631222802608,0.609351737593414,-1.01394879356683,0.574854521127874,0.073401007020591,-0.0206661674704751,1.01583163449713,0.110372369783748,-1.41896989284578,0.490238640740067,-1.78906914963565,1.46284981906817,-1.12929623220155,1.59010726226663,0.793386078311051,-0.299047333079175,-0.0735122152684006,-1.11643835177348,-0.513561013674906,-0.298323827632985,0.357519551728142,0.154881403430416,0.306602704526035,-0.0729757155686612,0.759044987029205,-0.493884933632173,-0.271591110594293,-0.172595559027254,0.802047718087626,1.34804750822134,-1.10927146043227,0.0132662430435687,1.70667098763166,-0.815640597012897,0.389815575328758,-0.133629301494835,0.0578314855248842,2.17485465545478,-0.2120326907243,0.0854135600534163,-1.80987165863048,-1.06225612828955,-0.952483346570446
1018285.89230154,998950.188654388,-1.72523459731897,-1.65055444492434,0.0638813804989624,0.292249034538074,-0.558074150224827,-0.447072910511406,-0.162419890130695,-1.17603313186612,0.421069893972338,1.1397185104088,-1.04899000031486,0.146137360842276,1.55192300974456,-1.14357025824928,-0.0748644735754906,0.559810345036247,1.99289855988216,0.658584668135527,1.40323190587617,-1.10926164757409,-0.526790038206119,1.43214801524565,0.41165005512341,1.35173395940028,0.812836989801575,0.0206697635309347,0.857690693359093,-0.156825418784124,-1.23856464292074,-0.755311776787276,-0.418364637406936,-1.41446988087573,1.80987167149667,-0.380155173322795,0.568773084409239,-0.973858971534758,0.560155561779218,0.0224640458173717,-0.022691195396644,0.973578352609622,0.0638812383733971,-1.4294639502802,0.434114265753589,-1.7768014592809,1.54426789088818,-1.14833208942106,1.53675778722751,0.842190428491913,-0.351209657231031,-0.026690408456969,-1.10464725079829,-0.537767272415458,-0.352866542860609,0.358599732276204,0.180540982326864,0.329145943443461,-0.110099848512622,0.751726166224015,-0.511650256341792,-0.241843460789931,-0.232946329779578,0.812696055803286,1.32117945919969,-1.04849829974998,0.111265518229628,1.72808234737699,-0.854652704085297,0.368022573311758,-0.177146347781286,0.0235800847704049,2.15856781394358,-0.269252888904991,0.136040833369565,-1.81079772649597,-1.08211695966509,-0.965270913954716
1026435.11721627,998950.188654388,-1.67501876436936,-1.64020878061968,0.0752477279778737,0.357841774630978,-0.581376541343016,-0.363627019710437,-0.179454231117366,-1.07815963071319,0.403623353675571,1.16312520892724,-1.0355219980561,0.103892647847005,1.43727653989554,-1.10612823300453,-0.00433785959244698,0.620981776422996,2.0938471174907,0.662249121084971,1.32922687576137,-1.0610532492168,-0.489920975433097,1.44770876810028,0.3603134568756,1.28940566375966,0.88466260526797,-0.00308613886567918,0.840944682484342,-0.174349395312914,-1.15249882649567,-0.724980697487977,-0.461582504655789,-1.54699495961888,1.88525172626404,-0.400447072599896,0.518228115449815,-0.929879427251118,0.539866866659137,-0.0405658128558297,-0.0257024653456502,0.919706097432581,0.00677062671480805,-1.44143750686756,0.362455130354844,-1.75851493718075,1.63403510252001,-1.17117259561676,1.46614289429286,0.898201081519733,-0.413553741776317,0.0271062016333286,-1.08492523494384,-0.567364302729798,-0.415809428720894,0.361406037747955,0.206306394132887,0.355747648950275,-0.154396480769518,0.738649698245553,-0.535208862624389,-0.20475537501349,-0.308163735934473,0.825142195362792,1.28201745503665,-0.976826587263443,0.223248369117228,1.74839970104608,-0.898049680282215,0.340761280380697,-0.228213733699625,-0.018482769727698,2.15916863940217,-0.309209381900584,0.209423809891809,-1.80082409162702,-1.08263587100488,-0.965791926945487
1034584.342131,998950.188654388,-1.63917894088754,-1.62243851335376,0.0884313607871238,0.418344704887327,-0.614935745504015,-0.291364788764077,-0.191951167823222,-0.981908529612812,0.409495384817471,1.17475782242182,-1.01409336864761,0.0641526182028249,1.33270187493443,-1.06003029694678,0.0390865687117073,0.680021386034328,2.16630913624951,0.668406695375249,1.27096785773732,-1.01900219996301,-0.464059824331617,1.46295760130649,0.305139924654567,1.21407696829771,0.944985306646074,-0.00531922221751507,0.823710165159226,-0.211981314100466,-1.12566788131409,-0.71090431651692,-0.505800725189457,-1.65159970673971,1.95599560598689,-0.409241948792653,0.471887970752331,-0.910216647454063,0.522242876847815,-0.0962799659258006,-0.0300016970176427,0.869562523526772,-0.0415032639672665,-1.45728114584675,0.290791065495391,-1.74123983006259,1.69433965988068,-1.20055884215628,1.39594596234501,0.95020899972882,-0.454891192389395,0.0665367890989261,-1.03576300434011,-0.596320120180803,-0.439037893919591,0.377690412292354,0.214844744598107,0.388063471114083,-0.182771964312578,0.718877239368081,-0.565850813014892,-0.161138762806788,-0.371308951176369,0.843750811793113,1.22795843116461,-0.918317703377533,0.311514311663485,1.75946892340809,-0.919050018782168,0.32480307201292,-0.250077083179068,-0.0458899204085316,2.16898151879497,-0.340645007344349,0.274062403727882,-1.7938713367017,-1.06196809685147,-0.972090182301372
1042733.56704574,998950.188654388,-1.61602986095975,-1.59953598367085,0.102733040856216,0.469836691212713,-0.649618681805306,-0.233236026079586,-0.201790484118433,-0.896703600996714,0.431449474873589,1.1771032301616,-0.990158253515975,0.033784081424858,1.24392645840981,-1.01304901221276,0.0645706948669228,0.732178956109377,2.21561013718383,0.677162768440327,1.22841799003781,-0.985786074406044,-0.446116409743385,1.47822327946892,0.252773636520379,1.14048123349364,0.993674624398803,0.00467752108597277,0.80830765594636,-0.260157013823043,-1.13701187246666,-0.707568969031191,-0.545129766282297,-1.72651518621498,2.01791332639866,-0.408253678144589,0.436811942965203,-0.908686784014661,0.507499253450173,-0.140367658532444,-0.0330288874496951,0.829453845208864,-0.0774728792288402,-1.47392506817428,0.228225472456062,-1.72455427106932,1.73192828675817,-1.22919791194881,1.33398697662675,0.994446238657219,-0.478830549240302,0.0947050942097954,-0.976839350742783,-0.621629695208347,-0.43692408557612,0.402637739768548,0.210305128444593,0.419930530856254,-0.197291939784372,0.696590117959513,-0.5976874367761,-0.118105477965732,-0.421391111562959,0.866464377553848,1.17077655474652,-0.874368772306529,0.377061700611832,1.76367033394209,-0.923147384021581,0.317258690068922,-0.253318332172679,-0.0622437491854204,2.17364706541018,-0.375582742575308,0.32036782371098,-1.79447915336192,-1.03886237696005,-0.987336474429972
1050882.79196047,998950.188654388,-1.59128503049893,-1.57347573845939,0.118913824718091,0.522024285807664,-0.685384326875545,-0.175097428909432,-0.208611902250928,-0.810426015709761,0.456718958802064,1.17954700514981,-0.963661017486778,0.00456667174464178,1.15487633921711,-0.96416567716185,0.0891839523696848,0.786078730537894,2.26463498988024,0.687702863516162,1.18563555672344,-0.951314912852054,-0.427399697825099,1.49453592050854,0.199724182166194,1.06370777302806,1.04342294361832,0.0181936234573678,0.793397049959874,-0.310720664116497,-1.15205040898656,-0.704649335337986,-0.584948482347219,-1.79800069164781,2.08153276064444,-0.405785678530589,0.402197870596705,-0.907302800903902,0.491949859541598,-0.184769958180028,-0.0355909807445981,0.789885774427359,-0.111673067840652,-1.48949127597732,0.165069354281578,-1.70564191914823,1.76977540464134,-1.25609366167026,1.26982811036719,1.03911024359611,-0.498621357233522,0.124171693293314,-0.913532833074138,-0.646559325866339,-0.430857228766643,0.430524082584801,0.204850217749642,0.452707009353595,-0.209149398176247,0.673701096899666,-0.630039201112608,-0.0736319211511848,-0.470179234865291,0.890967190643558,1.10987121443762,-0.829597227740494,0.441397256926349,1.76826868172681,-0.922934776645568,0.311988986018852,-0.251976022793228,-0.0749776709423004,2.15201168397603,-0.427956063573238,0.35128559772855,-1.79422565243169,-1.02778161851323,-1.00590349223858
1059032.01687521,998950.188654388,-1.56072034463092,-1.55250012389191,0.142182411231522,0.581003609273583,-0.722591352646577,-0.108942766179928,-0.206957631706307,-0.702551076998421,0.484763475831974,1.1868793720263,-0.926990099454691,-0.0273693696913761,1.05541419319759,-0.917545814669855,0.117343006305664,0.845142549119436,2.31461794561977,0.70505561222002,1.1324969718884,-0.909875297461834,-0.401146081058079,1.50800976223427,0.143064510025684,0.983675413752874,1.09915663302639,0.025225441668939,0.782107369846698,-0.36275295818749,-1.15766841483729,-0.700825100712664,-0.628430434307573,-1.88294186429885,2.15176021181139,-0.404714188158246,0.373828181646147,-0.911524274578657,0.48097186438533,-0.234261273197364,-0.0386992339444191,0.742815773450438,-0.147051905217857,-1.50041944350674,0.095974921324061,-1.69072408613765,1.8159410634484,-1.27170075216905,1.19420485303698,1.08763155386649,-0.513366105755933,0.151674088769091,-0.849923812126955,-0.671889775000806,-0.437665407448792,0.458984017199073,0.208005296523659,0.487833772076124,-0.218891520238874,0.636020730512826,-0.667490962377504,-0.0404741471207219,-0.524251883442082,0.917041731512704,1.0454711967773,-0.784445868353914,0.511262648024755,1.77074092168478,-0.901884757789878,0.310423145101237,-0.252807822508604,-0.0801049856718258,2.09519792366701,-0.502097390879555,0.37969864402961,-1.79046235043143,-1.0324377717365,-1.02163890110101
1067181.24178994,998950.188654388,-1.52587450181802,-1.55118388247077,0.172077080839204,0.632858336582148,-0.757240472183548,-0.0467502461083305,-0.182753545614442,-0.572669712620019,0.505709923444945,1.2039631374081,-0.881099244761266,-0.0586941622563097,0.966063950383612,-0.892960838349379,0.14425245008837,0.899297578560662,2.35516087565366,0.730601165569108,1.0600560644591,-0.868558637473316,-0.36631740248835,1.50870554906159,0.0934218696200823,0.914768179253954,1.15326016552138,0.00668178663919893,0.780302110775133,-0.405170475533002,-1.13914316512613,-0.700732889843993,-0.67359289815244,-1.96994305683601,2.21901237595458,-0.416062533905418,0.365555967302695,-0.929219557984162,0.477363450406218,-0.290166923584421,-0.0477954392727942,0.691744413224407,-0.174813597470588,-1.49911224018097,0.0348292568814734,-1.69333022685743,1.87551164693226,-1.25234304804426,1.10661043911814,1.12512026788151,-0.512730530538629,0.168247639054838,-0.808798780358398,-0.694554963553114,-0.484307628353146,0.475345873920227,0.227586588747105,0.511090245893608,-0.221541607316262,0.565000185267424,-0.71160783911253,-0.0504265907341213,-0.574715224124244,0.935509259024533,0.987849139104726,-0.75179259628157,0.574037193831265,1.76469903386096,-0.83737868112839,0.313654610081096,-0.261200470276818,-0.0629843391697041,2.04584737210579,-0.567600437678787,0.419289528432738,-1.77921898754796,-1.04168273984062,-1.01498607576944
1075330.46670467,998950.188654388,-1.48969005371945,-1.55725075422796,0.20289670060389,0.678696204354258,-0.786312491033667,0.00947519462952394,-0.151504822322224,-0.447274132485614,0.52227479410673,1.22203103238081,-0.833629951040682,-0.086554545806343,0.885916931393885,-0.878746883867008,0.168252511043139,0.946010264816024,2.3854756461326,0.757508818504925,0.984789078430858,-0.828400618811709,-0.330238717853553,1.50206194224129,0.0511822402565417,0.858147697542707,1.20072605246703,-0.0198473186662049,0.782223135424759,-0.438587639978435,-1.11045460901081,-0.70073971020466,-0.714425613509771,-2.05175421853456,2.27667546337609,-0.42993084852452,0.367430947817294,-0.950577261360533,0.477147294561833,-0.34244512844738,-0.0579910668580511,0.641150792555758,-0.197357523193751,-1.49085649481523,-0.0186003776370506,-1.70076712718436,1.93197503765492,-1.21881494100469,1.02019919514509,1.15525982785399,-0.504557860279562,0.177942545015763,-0.777781514806335,-0.713335396296931,-0.543682262071482,0.486044690961934,0.252973089581735,0.527946755370948,-0.221330697335381,0.48513109680282,-0.753467819036714,-0.0775954874938889,-0.619994551803171,0.948873560722176,0.937296428338006,-0.726353720346881,0.627355371144584,1.75441094992566,-0.761011186470715,0.319485185392115,-0.27204728738858,-0.0387462310223162,2.00822978612899,-0.63244810747589,0.444813648711696,-1.76047120693826,-1.05135651691652,-0.997971263130533
1083479.69161941,998950.188654388,-1.44914772021107,-1.55743561800244,0.23509690784051,0.724444427111125,-0.813608294302216,0.0677260880088766,-0.118559733019103,-0.320791098777092,0.539906801891622,1.23995727916398,-0.782851814527898,-0.115741274504065,0.799721681701737,-0.859229056630948,0.193941341279087,0.993363981853375,2.41251747755791,0.783348128195131,0.905295156772192,-0.78509197318734,-0.292796050822641,1.49430154096272,0.00693532281175832,0.793381153619021,1.24802613489077,-0.0477397629890927,0.783435483579489,-0.473436869973521,-1.07922001619219,-0.69827292539052,-0.755180796782834,-2.1317818918682,2.33195271390834,-0.441889362548327,0.369741962421849,-0.969901804483549,0.480088683815509,-0.396274313827534,-0.0675158657238597,0.58876634071082,-0.218387195627474,-1.47858226900718,-0.0729160103198636,-1.70368541144974,1.98682880028875,-1.18285779146837,0.926611312921495,1.18392810192317,-0.495662527772001,0.189535603015931,-0.744195180527813,-0.729793129371808,-0.602147018776296,0.495889196987014,0.27932643785967,0.546676100965436,-0.217095445855286,0.398870128277509,-0.794756701398808,-0.103862614454004,-0.663932473201205,0.962000421065549,0.883241654704902,-0.695944609532167,0.682734514708011,1.73957505201857,-0.680052231540369,0.325191244195522,-0.279902827752203,-0.011650083202921,1.97062423091346,-0.712493704869266,0.447780408432365,-1.73578778104466,-1.06324285008593,-0.980760572740051
1091628.91653414,998950.188654388,-1.41479552106739,-1.55117554554064,0.278373051845332,0.768994176995938,-0.837714407947192,0.116641688145926,-0.0929465319972436,-0.210574201578042,0.569272866374158,1.27163485399519,-0.733354871433506,-0.147240415273327,0.714341400255027,-0.832351057411298,0.226370152716005,1.05292952770571,2.43035426374905,0.796012713267936,0.842347743992215,-0.747112237886077,-0.276327988727148,1.47938572742685,-0.0365247426353289,0.706990619697571,1.29779378911994,-0.0821018194557789,0.776629338383888,-0.523722861718425,-1.0506885974929,-0.697290927652993,-0.803343260198712,-2.16091563500913,2.38624061858056,-0.454863846150507,0.382633505731305,-0.972657246488363,0.506554304656344,-0.449073949468499,-0.0848314367894699,0.536371328552997,-0.228911124245449,-1.47246236684752,-0.121242990747452,-1.69888036632066,2.03207498627074,-1.165008204152,0.826836385716721,1.20866966680078,-0.503567155769456,0.207074282577689,-0.713283925399443,-0.752374869080023,-0.659771362592278,0.503965414008965,0.315491186651418,0.571783051353888,-0.196572924299801,0.312485452108595,-0.822327284829042,-0.131802808542148,-0.697209816545743,0.979119206306502,0.823036288242545,-0.650890575830156,0.749146775427025,1.71062498928556,-0.599559662265871,0.318228235235905,-0.276684344092247,0.0246092945005398,1.90594845913039,-0.772229540046675,0.442145118332403,-1.71475775927354,-1.06240168764545,-0.995903947899112
1099778.14144887,998950.188654388,-1.39686909971915,-1.53897909090295,0.327735816977005,0.803648629156948,-0.855621066878299,0.147791811417114,-0.0806002353179759,-0.136791164659632,0.606882828715118,1.31349966810014,-0.690446122014442,-0.177598596651247,0.640695773510899,-0.802583395983256,0.261562283238147,1.11729083459889,2.43437076517561,0.792956718834107,0.80754704206092,-0.719880091001519,-0.285303027152938,1.46045229650828,-0.0740199271395527,0.612850635484159,1.34363709979468,-0.11939123215693,0.76216283337792,-0.584597378539401,-1.03216413251201,-0.698774330539001,-0.855285921938352,-2.12765502302755,2.43429294253549,-0.462115992347912,0.406642205516528,-0.960648215028734,0.556954855836538,-0.491822205534665,-0.108445183267598,0.493635874927641,-0.22631448707357,-1.47250056539146,-0.155914602976748,-1.68896960172401,2.06306607264007,-1.17247021022171,0.732550159481953,1.22330073006251,-0.526497318628753,0.225873280519981,-0.69061637986011,-0.780255799716448,-0.707815392519809,0.507062612616452,0.352379849506202,0.598600720415281,-0.1606909838708,0.239173052082329,-0.830443957726007,-0.15703310925085,-0.71532066343309,0.997443439130045,0.765048015135454,-0.598575313266277,0.817131492093143,1.67176790217231,-0.529924737532776,0.300553605384026,-0.259423219690836,0.0675833751254534,1.81562404859485,-0.791812293511504,0.442813528589967,-1.70449249132385,-1.04709161179912,-1.04439767076313
1107927.36636361,998950.188654388,-1.38130344604274,-1.52623900194608,0.371518068478103,0.832098784922682,-0.869925598142089,0.17151734647452,-0.072533613577653,-0.0774744932291179,0.641170700923547,1.35126453435194,-0.654773260053782,-0.205290116166065,0.57632268973213,-0.774827078033952,0.292315838502376,1.17389208022787,2.4329687892755,0.785172517073943,0.782014787816385,-0.698117228822598,-0.299763850175212,1.43998038675087,-0.106599641502758,0.521141854183596,1.38180273337153,-0.15357168520636,0.745758815698297,-0.643429358271994,-1.01696991091026,-0.701066667558602,-0.9022103413665,-2.08438411400157,2.47178792942313,-0.469856032191172,0.4293193516786,-0.945189907911034,0.605223423457816,-0.528378060337263,-0.13232486620691,0.455362012526739,-0.220308303256645,-1.47384269943218,-0.18416636854543,-1.67751741570895,2.08441846520157,-1.18372694339512,0.646759010728407,1.23306826024036,-0.552382322956562,0.243867041153727,-0.671937452693582,-0.805347578448588,-0.74837099675761,0.508056036511936,0.385594617614854,0.62266594184252,-0.125712551950571,0.174437306652823,-0.833261654414184,-0.179697799514346,-0.727218669783595,1.01293305771555,0.711385388502778,-0.549501666954324,0.876196535863593,1.63109792981483,-0.4708858846868,0.279903004404893,-0.242183573291562,0.106373687165193,1.73340854400631,-0.793380316167533,0.46164864526932,-1.68484577782886,-1.02279964064422,-1.07402672498693
1116076.59127834,998950.188654388,-1.36833858508026,-1.51367846318717,0.410951060261302,0.856323553609627,-0.884943418228292,0.193679217509234,-0.0684032365021077,-0.027217915436746,0.674206267372919,1.3866287088629,-0.619175180266606,-0.233965799221339,0.51301534441399,-0.746094065394783,0.319670713108927,1.22910157300601,2.42721109891468,0.779195102588959,0.761563954572485,-0.680528958162152,-0.31567079030385,1.4151829732541,-0.139314334503951,0.429749303826143,1.41821007558373,-0.183463298143213,0.729750030493947,-0.704881927522164,-1.00838775500926,-0.706187222744405,-0.950082180442454,-2.04771271749961,2.50416664751465,-0.480636969076083,0.451081789147845,-0.931783138971051,0.649717356023838,-0.554561089344487,-0.155792555307631,0.416718636293107,-0.205888714814399,-1.4672633664915,-0.210145386733828,-1.66815786848701,2.10577425120866,-1.19697453202308,0.553846690749529,1.23973446157764,-0.578459670566608,0.264460743977299,-0.652269742114723,-0.825450230502925,-0.783684574447595,0.507615068442983,0.412593451952737,0.645591118801668,-0.0902440175412927,0.112432328154648,-0.835327829815636,-0.199028566826962,-0.735936510309918,1.02863677255187,0.660479470634583,-0.502956304524999,0.927497823925631,1.58927814383646,-0.415014583985999,0.2559822340176,-0.222455707679696,0.147676866889442,1.65420503137443,-0.794741723683807,0.489892995102248,-1.65807005056322,-0.994321447421502,-1.07995909002669
1124225.81619307,998950.188654388,-1.36594181726967,-1.50935188811886,0.433573752385823,0.868401366574768,-0.904265295976424,0.213032435525644,-0.0835984360063826,-0.0111969068513741,0.709171885655251,1.42053606313414,-0.586988924761824,-0.263154994268838,0.473149398430316,-0.709889922415198,0.331911828133164,1.29106791819439,2.41190133112687,0.789928812985735,0.780723818849905,-0.6880595571008,-0.342671159899251,1.36799179754472,-0.16513849253699,0.349234524982136,1.45680901671746,-0.180488371895617,0.722454847770693,-0.780057878597897,-1.03507169567051,-0.728813386919804,-0.997284922207938,-2.04495636338264,2.51640312828251,-0.520219622460705,0.472975308125157,-0.920874707334338,0.680008995629905,-0.517912877216994,-0.176062848873932,0.379402146408148,-0.13501022843996,-1.41909437764356,-0.218265667376497,-1.67342933082849,2.1341277075118,-1.2235033244339,0.43868833698866,1.24345639841915,-0.61360662359114,0.310375645440679,-0.6243878510882,-0.812588955961401,-0.785231111918395,0.511759730249403,0.419347978606775,0.67268420318029,-0.0475123450088841,0.0790654049281098,-0.83559218232222,-0.195042668080811,-0.721722809817542,1.05770682405635,0.635872075457413,-0.461088982412791,0.947855919261127,1.54708115868805,-0.373439807601199,0.208128221790753,-0.191325726022217,0.20597141304834,1.55428208794838,-0.822518647222289,0.476062485630032,-1.64850657309278,-0.972845505359687,-1.08194750091748
1132375.04110781,998950.188654388,-1.36744741256766,-1.50861758393591,0.44403211378383,0.872648682191917,-0.923412048143997,0.229222584763964,-0.109736434750546,-0.0170267160654145,0.743905366519884,1.45060995939377,-0.558481132096005,-0.289769160974047,0.452247262203038,-0.670282918072785,0.334630249099047,1.35138859303433,2.38890812075896,0.80968511048974,0.824580650470699,-0.709399985788535,-0.374823947571316,1.30850022835126,-0.184257888329575,0.278263097846021,1.49230029814911,-0.157347359721875,0.720539239705269,-0.857944887234851,-1.0797781223474,-0.759955545216472,-1.03943686946406,-2.06070658423259,2.51276636542611,-0.576741278595487,0.492218776861547,-0.911428448696436,0.697267952130284,-0.44417152335934,-0.192501328196357,0.344100905672237,-0.0370623429139438,-1.34958265219785,-0.213617599344451,-1.68369801448074,2.16346093772702,-1.25405086847697,0.315070420122118,1.24433624182688,-0.651630154993776,0.369192346263887,-0.592733337051161,-0.779495270305977,-0.765246510823325,0.517408031529002,0.413761573269593,0.699701849249933,-0.00358612476081385,0.0665523171835545,-0.832747599824086,-0.177747546639671,-0.693371682091968,1.09221052384049,0.629006496235167,-0.424412166747054,0.946703711568819,1.50590229889718,-0.343300812804525,0.146398612160417,-0.156829855187874,0.269603532993393,1.44548271394829,-0.857776005819779,0.44195288927742,-1.64689927607894,-0.956905697563515,-1.08773560850642
1140524.26602254,998950.188654388,-1.36695586516518,-1.5063304770291,0.45227852894372,0.875297765567971,-0.938276898196027,0.242814338687022,-0.136240663964969,-0.0229848087463176,0.772292828705903,1.47252105262223,-0.534159268510455,-0.311455828040004,0.437860873923859,-0.634873838122591,0.334909824647684,1.40041634995671,2.36526759043258,0.826449081966701,0.860838749150947,-0.7260965054717,-0.401313642835428,1.25374678487798,-0.198244575154322,0.213598582265037,1.51896929405427,-0.135188043327034,0.716481515123699,-0.924844417358057,-1.11713422594948,-0.787063087545229,-1.07553445312579,-2.07698052045485,2.50397277119086,-0.626847991148904,0.510029603465096,-0.905046138326297,0.708452968230998,-0.37861261633962,-0.204971410150697,0.313259253707651,0.0469653392028311,-1.28778668085211,-0.207369332432922,-1.69056525891067,2.18416545193089,-1.27886863258027,0.205241077231722,1.24198547572027,-0.684259598569241,0.422744797688859,-0.564907924729706,-0.749230482786341,-0.745161540972608,0.52040342719146,0.407704606800982,0.72215809834123,0.0319210206149469,0.0600094023079328,-0.828653409478973,-0.160682780673389,-0.668402711262939,1.12043192319683,0.621988696144563,-0.39368121325263,0.941283886293237,1.46686272493115,-0.317763001214698,0.0915590227791325,-0.130502674152781,0.323736991985954,1.35172122657878,-0.86403409811637,0.442628123168926,-1.6346122874216,-0.945763816361412,-1.11572529547025
1148673.49093727,998950.188654388,-1.37023878248192,-1.5078557501466,0.469024296579952,0.880477464130517,-0.948285403015638,0.25718083715352,-0.18270418398114,-0.0253059150097908,0.793303441400224,1.48033979956714,-0.515766337224388,-0.325040922194889,0.444953031643618,-0.600260224312579,0.329295996656253,1.44338503588582,2.34717311485605,0.846360120913545,0.876519231672654,-0.729819832169344,-0.413269609797223,1.20401060043906,-0.19722244917271,0.144124693777846,1.53388839111166,-0.107175948990103,0.700416299027823,-0.98085812058024,-1.14406903239037,-0.813906620434832,-1.11829786427184,-2.12161207069618,2.49364424377677,-0.669062583818956,0.545235800977946,-0.918215003051479,0.710829509953059,-0.320580956821989,-0.203040210833629,0.291799385579519,0.12405314862944,-1.22785029181973,-0.196208604112458,-1.70135263851104,2.19189132780575,-1.30412283882128,0.114554741356668,1.23398267093885,-0.716802656253631,0.489577773371263,-0.540770542272683,-0.723539722383367,-0.723337380954513,0.519265176306481,0.404473792271219,0.743747711024307,0.0498097054486378,0.0762709054189789,-0.824768928570991,-0.13538008615786,-0.656079177382539,1.14620256037696,0.60782800489846,-0.37266446754183,0.928758444561662,1.42654483662287,-0.292862516665363,0.0485106546387532,-0.130203836121285,0.372640534712081,1.2632726725932,-0.887886331739983,0.465272202541353,-1.60849229044883,-0.932073552094017,-1.12722858989859
1156822.71585201,998950.188654388,-1.38092266641041,-1.51963377650074,0.507585361844082,0.894896598618134,-0.951926514285192,0.273976683286378,-0.27247450345547,-0.0137607262239462,0.79497609718527,1.46530506590307,-0.506499137178727,-0.32247844782409,0.491281174264601,-0.566885424281361,0.310185011508819,1.48201776535171,2.34578850463528,0.873818030088392,0.837509188628172,-0.703889299281396,-0.394758903118532,1.15544812971479,-0.165713147238901,0.0634007495324476,1.53660748129384,-0.0665386328384238,0.663679626383469,-1.02440545630979,-1.14906387670626,-0.844821850781743,-1.17827411272071,-2.22600270409601,2.48213523637782,-0.695593800572455,0.620403906406732,-0.973617086322129,0.699547678197503,-0.280036750678585,-0.17970264308948,0.290867171984669,0.195181544749698,-1.16848051351958,-0.176753922743229,-1.73017490591661,2.16646189624233,-1.33453770022629,0.0576270663860292,1.21975016933693,-0.751190966856022,0.588599220638478,-0.519626900237142,-0.712539705180764,-0.693342765844177,0.516480803901064,0.409888312557962,0.774287216695947,0.0380983297341095,0.138720169349538,-0.825216019459111,-0.086772072576997,-0.671060037944172,1.17107132319197,0.574823872957107,-0.370684684752196,0.906587465157685,1.3803474307522,-0.264081926921117,0.0314579219038576,-0.176574918578432,0.414241344556266,1.17608296834949,-0.971992678678248,0.511090756422314,-1.55922188382277,-0.907707211293164,-1.09506477145377
1164971.94076674,998950.188654388,-1.39068240936703,-1.53080173880292,0.553010517574344,0.91137787515848,-0.949701705347354,0.292428247998821,-0.378335090147092,0.00252141292575583,0.790466287460069,1.43925517822888,-0.498688578800513,-0.31273756002236,0.552071396412206,-0.532346105191153,0.286834798583928,1.51677246704165,2.34705050861535,0.903826859050497,0.780575539013638,-0.666669887860396,-0.363826028408005,1.10851513127252,-0.122275600626746,-0.0205228786005165,1.53138046649814,-0.0202162171636132,0.618108315779846,-1.05809773760313,-1.14359987591166,-0.873528828560034,-1.24138219868447,-2.35112388010815,2.46688264634763,-0.713380791792002,0.707985156461125,-1.04154140523238,0.683175032926724,-0.243253587326876,-0.14545441183873,0.298154495580988,0.263879088424338,-1.10739914042597,-0.152686241814183,-1.75967461707136,2.1281132330514,-1.36288142067298,0.0162535524810581,1.20100331142229,-0.783559909732144,0.696109289609073,-0.498355005092792,-0.702797864282897,-0.659032412733781,0.512092328958625,0.417932051472332,0.805789237996639,0.0157016991334974,0.217108894608586,-0.823975966024805,-0.0301517561354014,-0.692543949084939,1.19438779848283,0.53600927586562,-0.37316122893557,0.879358984159316,1.33114473973682,-0.233371725580961,0.0252589967062967,-0.240149359185633,0.453514720119357,1.08081443604172,-1.0839326091995,0.548976463168569,-1.50996425241842,-0.882248963760019,-1.06611748782401
1173121.16568148,998950.188654388,-1.39247327695416,-1.53366231963285,0.591467605927909,0.929597670854918,-0.94828049660524,0.303799272241706,-0.465543144639869,0.0168454576857138,0.78254906231481,1.41599201036667,-0.48625862878847,-0.305326151821326,0.60380247705243,-0.494131389361379,0.266716153443029,1.54582117350224,2.34282006048837,0.927392175608026,0.733414333904592,-0.633681530172374,-0.331891246440701,1.07213269180804,-0.0824383455636273,-0.0877241681190679,1.52784034957623,0.0151403513854248,0.580758328436019,-1.0822975828511,-1.13463828081968,-0.897194273812353,-1.29055776036385,-2.45413880062848,2.44937645378805,-0.725355799693262,0.781585747371298,-1.09531187976158,0.668562134606792,-0.21561905980301,-0.118172730105396,0.309121461616732,0.316371151152762,-1.05680029308667,-0.131892975125274,-1.77712036670804,2.08985664563519,-1.3802325404314,-0.0152174215844394,1.18596833199813,-0.808270825424355,0.786546885914813,-0.477979762529883,-0.696858757703691,-0.625543802380656,0.509170626091521,0.422404996569012,0.832748103504204,-0.00763622288321387,0.27555665546604,-0.81819163168765,0.0206174606120902,-0.707004502606916,1.21523033948958,0.503106955297132,-0.373809966444341,0.858188171215266,1.28471944439334,-0.203089044914027,0.0204621903114476,-0.295811453434457,0.487743236113667,0.987458143869593,-1.18547447140275,0.56155635952891,-1.4702801405236,-0.868626320207141,-1.05431451614852
1181270.39059621,998950.188654388,-1.38790913696516,-1.52433831568633,0.623498111814638,0.965279824377846,-0.962856952905754,0.292247452032823,-0.539285927382542,0.0147747983598399,0.762996040037702,1.38968249337946,-0.45575466321688,-0.31285614925413,0.655479190121294,-0.426487541789584,0.244007821832966,1.57820597304981,2.32202188314769,0.945971891377247,0.716717288804459,-0.621767107110643,-0.288175483233443,1.06557232817471,-0.0386322922520739,-0.1254960478559,1.52999473957325,0.0251529571913078,0.54768312363981,-1.09320465226378,-1.13176861986923,-0.930207047864518,-1.32996564511129,-2.55133005199478,2.42818267236394,-0.735798397223292,0.847962799815548,-1.13426711293516,0.649414224105268,-0.203708406220104,-0.103457274948606,0.335490109652346,0.34688767471274,-1.02376280533977,-0.115922932335039,-1.7805944246264,2.05117024333064,-1.3868101945004,-0.027129230998932,1.17444387275911,-0.832391018655569,0.870082306273375,-0.45821959559772,-0.70241637966013,-0.584002608333383,0.508421449110081,0.405422383220577,0.850284121320153,-0.0665089197034573,0.293126298015253,-0.802464450553244,0.0749062027365226,-0.714689017188152,1.24637858686421,0.481214604728234,-0.375852055044678,0.847122370306701,1.23091756042239,-0.16277756899433,0.0108072807986447,-0.365827605506437,0.527385667541681,0.893325083957981,-1.26643855732518,0.56622625886985,-1.4112732411334,-0.889296579133876,-1.0012121578938
1189419.61551094,998950.188654388,-1.37727084103369,-1.50380557428591,0.651741023642285,1.01674080113182,-0.994720561896645,0.256864961300353,-0.602226245323659,-0.00306946141839899,0.7301766152153,1.35834830901235,-0.407701214336082,-0.337729987117388,0.71107883328749,-0.326352843961909,0.216757354489709,1.61662649586912,2.28177560579647,0.961108389463384,0.729117364284024,-0.628022468227169,-0.2286124934326,1.08563691607438,0.0124915099092715,-0.13926349823526,1.53599798343244,0.0148338472019286,0.514754774047565,-1.09276129923655,-1.13601370161573,-0.973311727655804,-1.36488679925812,-2.65600155818863,2.40008963566231,-0.746294875213553,0.915756490835548,-1.15911934310575,0.626088261411683,-0.205294390473443,-0.0925259403130131,0.377997469952636,0.359826392607375,-1.00170139448623,-0.103993299360183,-1.76914923749667,2.00964930159148,-1.38233037580621,-0.0223828840268416,1.16585600375051,-0.859754708421504,0.954974129895204,-0.43917247826142,-0.719877751495948,-0.532680523590204,0.507884810441976,0.366559665292512,0.859372148947226,-0.166276710881987,0.273197881108049,-0.776432230748247,0.136770066873233,-0.71218097893567,1.28965916662961,0.466594759116806,-0.379796925233525,0.843969591439948,1.16204768422094,-0.111744975201471,-0.00697094795187465,-0.458189429063146,0.576023142308141,0.792967082271867,-1.32919567849468,0.568175801375934,-1.32979560132356,-0.942061601930218,-0.90392799640498
1197568.84042568,998950.188654388,-1.36468109634955,-1.47925056031631,0.676129650434241,1.06753633614359,-1.02715858366314,0.218637741622373,-0.662055477040883,-0.0255093639578096,0.694503651682119,1.32326199932513,-0.358902496125818,-0.365042733774299,0.764824272701416,-0.225986682766872,0.188161592506527,1.65291446662631,2.23411902953983,0.973424067184141,0.74658582040735,-0.636978436522866,-0.168794644174054,1.10988929494199,0.0631285124764982,-0.149162906530289,1.54029900535894,0.000376934656988331,0.480329310189045,-1.09045643336703,-1.14065569698802,-1.01659726199702,-1.39502554673526,-2.76211263792921,2.36801528727773,-0.755353542270471,0.979542962120947,-1.17977008676495,0.600903316655921,-0.208076757120039,-0.080939479930847,0.42205024315576,0.369962299018969,-0.98205150422558,-0.0922675243853016,-1.75315951044464,1.96598989648623,-1.375703192903,-0.0165608902045585,1.15578824600513,-0.88651010147924,1.03628180902212,-0.420697400416768,-0.738016792089956,-0.479690196161738,0.504892926670259,0.32410759678929,0.865550807694524,-0.273038224368227,0.247670701064093,-0.74717406096002,0.197930123102362,-0.706781113534081,1.33241577877512,0.452990229846571,-0.384213617027273,0.840003464051474,1.09262414241057,-0.0612530067814858,-0.0253940156368392,-0.55391589097964,0.624097169412383,0.701360558388392,-1.34894508355087,0.57355295810924,-1.26256466373491,-0.968521698078067,-0.827359640287366
1205718.06534041,998950.188654388,-1.35802682553129,-1.45208120045872,0.685894695360747,1.10664587040541,-1.04706843061353,0.19348785936463,-0.702678105997969,-0.0557804793845829,0.66152248643079,1.28340614406363,-0.328664603527078,-0.389024028442316,0.81151241983922,-0.143908780144496,0.15829296472464,1.68416369047754,2.17849128564887,0.976837018395693,0.766723725718869,-0.64133929916947,-0.119698688049256,1.13917693980537,0.107334660345381,-0.16440910888325,1.54475221589702,-0.0157869123987811,0.444269487403374,-1.1024917489064,-1.14713238589512,-1.04939267047312,-1.40442495064172,-2.84998921626342,2.33507736970612,-0.757813124059302,1.03095373165604,-1.19213641966635,0.57811950420908,-0.208094228197409,-0.0550571149059499,0.46548233692287,0.382319939891818,-0.970791953591803,-0.076501636264324,-1.73762689503916,1.92693474129283,-1.37527928526842,-0.0276028544362013,1.14887888218253,-0.909477780343468,1.11051718249708,-0.409401279314929,-0.75341948401254,-0.423375388529596,0.488825465954749,0.29523356851453,0.87478057035092,-0.35636404268327,0.233096083848373,-0.713413075333252,0.2529651918768,-0.69207938328131,1.37221641562228,0.437755559182185,-0.394927585545813,0.830293818483899,1.05319701348906,-0.0257962498115625,-0.039514765478307,-0.626968662060508,0.666998726626789,0.616057116774933,-1.35904880978249,0.575084615740771,-1.22427077143014,-0.983602584401298,-0.770675700328793
1213867.29025514,998950.188654388,-1.3632520421041,-1.40895281377083,0.67317820979938,1.14134723608144,-1.04472989202112,0.189784710977088,-0.728801817017126,-0.113699892720948,0.632388365252396,1.22411968625477,-0.319376211814704,-0.404245381673084,0.855874855750794,-0.0709375087711556,0.118992670488686,1.71348580972707,2.09777945795957,0.970076653705666,0.793831524818347,-0.640439111178855,-0.0827846821174426,1.18859408202633,0.149969746632166,-0.186142907363383,1.55362826229891,-0.0471699989482792,0.397718730127814,-1.13867317122809,-1.15743999260469,-1.07645969817791,-1.37460570548305,-2.90261719255258,2.2977402385245,-0.746677034677042,1.06260687478158,-1.20008038571112,0.549471709533301,-0.201989987440981,-0.0085767101962277,0.52054043740526,0.406100712916831,-0.975733515975123,-0.0507235288824922,-1.72416754985337,1.88861032606209,-1.39217721587532,-0.0701143933944393,1.14624244623469,-0.925697405047366,1.18375362449222,-0.402982877493644,-0.762758080644198,-0.343059391055744,0.446971526040833,0.284630429359019,0.889706295539575,-0.412796586756641,0.242082511361562,-0.663889486331749,0.310756928755942,-0.673115716885095,1.41643609348265,0.42097075653509,-0.421887294183454,0.80800044506463,1.07080799627905,-0.00809530757148365,-0.0468984866394766,-0.662536057637271,0.7135117967409,0.513409380641925,-1.38636457058591,0.56477843450154,-1.22220516784706,-1.01127727894241,-0.716464550618164
1222016.51516988,998950.188654388,NA,NA,NA,NA,NA,NA,NA,NA,NA,NA,NA,NA,NA,NA,NA,NA,NA,NA,NA,NA,NA,NA,NA,NA,NA,NA,NA,NA,NA,NA,NA,NA,NA,NA,NA,NA,NA,NA,NA,NA,NA,NA,NA,NA,NA,NA,NA,NA,NA,NA,NA,NA,NA,NA,NA,NA,NA,NA,NA,NA,NA,NA,NA,NA,NA,NA,NA,NA,NA,NA,NA,NA,NA,NA,NA,NA
879749.068751066,990800.963739655,NA,NA,NA,NA,NA,NA,NA,NA,NA,NA,NA,NA,NA,NA,NA,NA,NA,NA,NA,NA,NA,NA,NA,NA,NA,NA,NA,NA,NA,NA,NA,NA,NA,NA,NA,NA,NA,NA,NA,NA,NA,NA,NA,NA,NA,NA,NA,NA,NA,NA,NA,NA,NA,NA,NA,NA,NA,NA,NA,NA,NA,NA,NA,NA,NA,NA,NA,NA,NA,NA,NA,NA,NA,NA,NA,NA
887898.2936658,990800.963739655,NA,NA,NA,NA,NA,NA,NA,NA,NA,NA,NA,NA,NA,NA,NA,NA,NA,NA,NA,NA,NA,NA,NA,NA,NA,NA,NA,NA,NA,NA,NA,NA,NA,NA,NA,NA,NA,NA,NA,NA,NA,NA,NA,NA,NA,NA,NA,NA,NA,NA,NA,NA,NA,NA,NA,NA,NA,NA,NA,NA,NA,NA,NA,NA,NA,NA,NA,NA,NA,NA,NA,NA,NA,NA,NA,NA
896047.518580533,990800.963739655,NA,NA,NA,NA,NA,NA,NA,NA,NA,NA,NA,NA,NA,NA,NA,NA,NA,NA,NA,NA,NA,NA,NA,NA,NA,NA,NA,NA,NA,NA,NA,NA,NA,NA,NA,NA,NA,NA,NA,NA,NA,NA,NA,NA,NA,NA,NA,NA,NA,NA,NA,NA,NA,NA,NA,NA,NA,NA,NA,NA,NA,NA,NA,NA,NA,NA,NA,NA,NA,NA,NA,NA,NA,NA,NA,NA
904196.743495267,990800.963739655,NA,NA,NA,NA,NA,NA,NA,NA,NA,NA,NA,NA,NA,NA,NA,NA,NA,NA,NA,NA,NA,NA,NA,NA,NA,NA,NA,NA,NA,NA,NA,NA,NA,NA,NA,NA,NA,NA,NA,NA,NA,NA,NA,NA,NA,NA,NA,NA,NA,NA,NA,NA,NA,NA,NA,NA,NA,NA,NA,NA,NA,NA,NA,NA,NA,NA,NA,NA,NA,NA,NA,NA,NA,NA,NA,NA
912345.96841,990800.963739655,-2.65615400434776,-1.00961026222041,0.351125394612054,-0.345999296701049,0.0109792823057365,-0.511519288894537,-0.704458426439412,-2.61279230242701,0.673041334992047,-0.173779567078612,-0.681141834166619,0.93039222192967,1.92637564359509,-1.2057378289033,-0.170362164243755,0.0901014123311255,0.37871249243136,0.703003372538629,1.62417558178453,-1.68381220588821,-0.766916782748713,1.22672640235009,0.68933095090272,1.46077116613743,0.479895682181621,0.255338636202369,0.811230885705592,-0.671082374260196,-1.90251641352969,-1.04933263461358,-0.369692613014199,-0.994114139097749,1.13230273979599,0.342017976519801,1.36882859496959,-1.26208372057669,0.640575513826924,0.420566472260203,0.173665128427564,1.8029083930456,1.11263085681445,-0.916417006909177,0.842355619568916,-1.44304493265394,0.461272958803054,-1.41879389004102,1.43560376037361,0.422903830689445,-0.359374177808843,-0.150583525074179,-0.882809753552215,0.104991701724613,0.0388907388027581,0.579839335929933,0.0609490663270518,-0.00796628102220032,0.365151243382264,0.976067351006896,-0.32643693758245,0.0467709135385555,-0.0314888003253731,0.859424774831353,1.75947456639383,-1.3314923178143,-0.493978868814276,0.96924165882679,-0.910846543527281,0.340278305365148,-0.325486773384611,0.393537345433718,1.69646518394842,0.80766115903874,0.0704406639775852,-1.85772515545592,-1.19523315905393,-0.596860613871609
920495.193324734,990800.963739655,-2.56191213028627,-1.05978819549061,0.310845118443509,-0.323649322411122,0.00834879218627109,-0.52929972989953,-0.64662416311437,-2.52790970719923,0.648290168268634,-0.139189784410325,-0.692448551714632,0.902910378124215,1.95714254072973,-1.22807944170426,-0.239707420922795,0.0865978784020551,0.457013211525736,0.670087715008166,1.64724307912222,-1.6504086439135,-0.780610780334054,1.23883841483881,0.720023123968846,1.49156352042484,0.478105015563166,0.228658915831119,0.813466930249458,-0.573767988046647,-1.86754909143859,-1.02402053525844,-0.369658915211212,-1.02549198142847,1.1402087967436,0.289054360198621,1.31364079854751,-1.27140323156827,0.639118591022418,0.425857682204662,0.168746180757617,1.78531319175645,1.04425193549424,-0.939232666060378,0.836532728220993,-1.46231248634637,0.478138429423276,-1.36984420681942,1.51367613457044,0.428900943803872,-0.341229897395632,-0.180716614469541,-0.913400839610311,0.0671543566449991,0.0134935148060712,0.526177966603269,0.0261210662249055,0.000645764493975954,0.333717865680494,0.9589194687119,-0.335998295912223,0.0208233338772742,-0.0423740127985122,0.863560852656934,1.74156608851954,-1.37446177207964,-0.481587134260516,1.01261571621184,-0.914133970702314,0.36916352215835,-0.345221498438375,0.367055036088945,1.77414444688241,0.784390975654977,0.10013876108108,-1.81596271796125,-1.13890601192437,-0.578833852497881
928644.418239468,990800.963739655,-2.46503827194636,-1.1226675053003,0.25375029708522,-0.288702186421907,-0.0117149180813041,-0.537927880544323,-0.599004318787415,-2.41689322820686,0.617969720043093,-0.0976868365607209,-0.710399562424464,0.853361983402739,1.99689768190416,-1.21949554064631,-0.30897909735701,0.0987181433543453,0.546141805305902,0.637239010959016,1.65611885779697,-1.61813550362065,-0.802197858898377,1.24909486320604,0.76470011818875,1.52277248005732,0.477113682591261,0.221598120003002,0.823474852893753,-0.458256271469496,-1.82970699461797,-0.985646430730924,-0.374165574184243,-1.07946421542426,1.1567622549785,0.22303995747386,1.25057166131252,-1.27449158472719,0.629427664147752,0.428191048162829,0.166401955062729,1.77594911624176,0.966361300866201,-0.961307515961908,0.826475388244643,-1.48304527683007,0.523658686368763,-1.32610627848549,1.6006184372358,0.434567323574499,-0.340969482498641,-0.184881923828812,-0.937127675391151,0.0204725275948225,-0.00344250029497063,0.461390701449755,-0.0159585666572389,0.013324036330806,0.305162443859195,0.957726435960245,-0.347931011217018,0.0137018579325463,-0.0683318744595933,0.87387050492504,1.7289187779807,-1.37121596519969,-0.451343241400634,1.08135690217151,-0.910795305461528,0.397590060990235,-0.381440601304034,0.338136216316497,1.82517704116925,0.695877858475959,0.106652009323282,-1.79584857776242,-1.11421502265274,-0.564413899787592
936793.643154201,990800.963739655,-2.35246834494753,-1.1924875595404,0.193264775322395,-0.243409679749406,-0.0365803986674136,-0.54349441272119,-0.543234969504173,-2.28735203633742,0.587325622063165,-0.0421131405485479,-0.729113827477674,0.797154199065407,2.03619941657121,-1.2050528032293,-0.380086441303584,0.117105538566348,0.651198120358129,0.604485475399267,1.66463556638244,-1.57690388316467,-0.819974897016633,1.26370206960178,0.811365775576251,1.55669927736565,0.481536508559437,0.217049568939237,0.836371541302718,-0.335150230130607,-1.78248761808314,-0.939397965750053,-0.373606881792054,-1.13783824218271,1.18171391847576,0.148321550889684,1.1828352950326,-1.27404648965158,0.621667323276614,0.431057809782526,0.165133555685324,1.76206426901489,0.880104836636373,-0.983804532984135,0.816623582648825,-1.5051686653545,0.58010212180994,-1.27375262918194,1.69110356135919,0.444559334025925,-0.336571207846534,-0.184716710672929,-0.96148732666457,-0.0307221997264467,-0.020156405155448,0.394446869055724,-0.0562401654487091,0.0308642059900781,0.275699445627725,0.956664895876017,-0.356551346841671,0.00767707116754972,-0.0935534091144889,0.887310679950877,1.7146306498069,-1.36092307731011,-0.413882289125137,1.15910022574256,-0.901257219025825,0.430022840515588,-0.414999816935351,0.30713790174621,1.85063984336398,0.546729046130083,0.081012259250946,-1.79869825951478,-1.11067345210024,-0.579498769509535
944942.868068935,990800.963739655,-2.2508729167016,-1.25668877520835,0.146549952531676,-0.190588130225189,-0.0767665508130665,-0.547150298723479,-0.493585871136788,-2.16649806093522,0.56470687572875,0.0338848148276014,-0.753027809806187,0.739436802237187,2.05073875406566,-1.19335892965654,-0.4226157961798,0.14006596593137,0.766681399764895,0.582006099554188,1.66427417358092,-1.53568548005492,-0.822025906288401,1.28412654945375,0.832776063072519,1.57918629273574,0.497703013331951,0.212482628385806,0.845781264344967,-0.250422682787348,-1.73929310583979,-0.901034029951046,-0.362219893903474,-1.18717206407148,1.22181258126083,0.0708288627089357,1.12718487933505,-1.2734391365619,0.618404985467144,0.42429411578551,0.157226568569529,1.72898075661735,0.801213864038398,-1.00885810419953,0.805094303825984,-1.53309136137868,0.64182409178862,-1.22720876216285,1.75088123497715,0.45804935991418,-0.32710898221271,-0.182462209520009,-0.988865887945231,-0.0810148489236087,-0.0394268923863815,0.35094815090039,-0.0744596439974998,0.0485007991745208,0.246802671179135,0.94708891104624,-0.358825247098293,-0.00581999491426657,-0.10990378821075,0.897401728884268,1.69501512428419,-1.34739513943108,-0.380002527353597,1.22901236767461,-0.885019144633668,0.452838614051729,-0.423154224459329,0.274620459753773,1.87516481259201,0.407061602033072,0.0475306365931265,-1.80387088826968,-1.10916940228904,-0.606082103180362
953092.092983668,990800.963739655,-2.16708573520545,-1.31826610764472,0.11582576095609,-0.128720246133966,-0.145493889336142,-0.551283375602247,-0.452622231328694,-2.05913012255475,0.549990860605893,0.136742212193431,-0.78838408366667,0.673351757920573,2.03457479773134,-1.18883059444582,-0.43104633829917,0.168088533736515,0.901353145290869,0.571184744008395,1.65269191595568,-1.4989161122928,-0.805475074233635,1.31311321919461,0.821841288887995,1.59069171745478,0.529795165740668,0.205857934799161,0.849894215143591,-0.210731937217645,-1.70435975252199,-0.874842055443366,-0.339233573894356,-1.22667020340534,1.28561278061197,-0.0153240942646098,1.08641022754167,-1.27667663926082,0.620188613219881,0.403443132011913,0.138114682768292,1.66847905959392,0.728137735107299,-1.04092701778186,0.790059384566434,-1.57635832230569,0.713872520809613,-1.19243424187957,1.7763791208191,0.476330536517909,-0.312780252909647,-0.178386621045969,-1.02495156292196,-0.134687792664657,-0.0654746144034319,0.336748709150611,-0.0637004475595017,0.0645437229079662,0.217069228761573,0.923476123663835,-0.353774447268725,-0.0314100751631936,-0.117315743954492,0.904685853326651,1.66809936011978,-1.33372641411419,-0.353445791526772,1.29376285918623,-0.862901991794637,0.463313216913225,-0.402051626559897,0.236433391194128,1.91943345574648,0.304179904019931,0.0195832447278934,-1.80462167611104,-1.10050511871478,-0.634936566053533
961241.317898402,990800.963739655,-2.07508575135638,-1.38980210498266,0.0846069265597564,-0.0519796908573779,-0.241472489554764,-0.556501281424845,-0.407318516920497,-1.94009164893856,0.534397138329042,0.266919964468294,-0.835505019725852,0.587507794012755,1.9978537713325,-1.18534497397406,-0.425671354654373,0.202761521168828,1.06436584972672,0.561976488731126,1.63005447435657,-1.45496627160267,-0.777633817836226,1.34885390408827,0.792506424309964,1.59564522912486,0.572686250991299,0.195951310356732,0.850353407585144,-0.183490041416594,-1.66442311877556,-0.848191459195839,-0.307276296949654,-1.26950938484652,1.36709102895588,-0.125458628800372,1.04066303163377,-1.28036855953357,0.622223602987977,0.369976638284068,0.108886508002971,1.5788642352972,0.63964238653795,-1.08195217106806,0.768755653533609,-1.63182935370806,0.800683476187176,-1.15423730010103,1.78870141059941,0.498291452182439,-0.293410801965911,-0.173693495516307,-1.07131246082211,-0.201888178874291,-0.100544331616645,0.330557036152606,-0.0398217769723605,0.0826015861348241,0.179000768251935,0.886882484386731,-0.345978497367819,-0.068904596926504,-0.122488079028836,0.909249542894871,1.62908639627345,-1.31559823260203,-0.325099587363261,1.36537382801727,-0.832806978507007,0.468786581871158,-0.363452322985482,0.186275066388296,1.99336872631458,0.220848365696309,0.00879981195250306,-1.79641022996715,-1.07387153195182,-0.654763024491707
969390.542813136,990800.963739655,-1.98162423889789,-1.46163558031739,0.0538474565706946,0.0243415897668374,-0.336265278271848,-0.561384267324253,-0.359602990901739,-1.80999910046384,0.518464764515976,0.406142535211993,-0.886210365378711,0.497684844352032,1.95172772634778,-1.18264034218374,-0.412634750719235,0.238180494401277,1.22903890849136,0.555730790733283,1.60498525681503,-1.40431539627408,-0.745648236791659,1.38106737855508,0.754188301984321,1.59398216468971,0.609423797428541,0.181405581738647,0.849218856155337,-0.159809018655851,-1.61643431314898,-0.823140496882905,-0.279407558695182,-1.30299763220893,1.44226969971578,-0.230689896507993,0.98779972358731,-1.2753956132992,0.62307962313386,0.331812461906741,0.0763116544395445,1.47699706751041,0.541011375398787,-1.13103482828634,0.741659255457197,-1.68412362190153,0.893372228075471,-1.11792299996255,1.79273144458092,0.524369063688874,-0.275909847851303,-0.166821756540957,-1.11546037290822,-0.271088503121475,-0.137548862180882,0.32537165397573,-0.0154080250101759,0.10697832201024,0.137010995859176,0.848318377296509,-0.343536440905364,-0.113324100118507,-0.127137229727561,0.906290480167805,1.582790043678,-1.2916610219032,-0.296693756610695,1.43583670001745,-0.801844868807875,0.471216067031304,-0.321327697072694,0.137569547491902,2.07473535270386,0.151043493333696,0.0116591579839365,-1.78265470948724,-1.03783448887669,-0.672707319368467
977539.767727869,990800.963739655,-1.92056249567373,-1.51333865553027,0.0373503977974324,0.077019866326954,-0.382870450909832,-0.56810575340222,-0.32166761410236,-1.68935126608942,0.511534318051754,0.539346247382012,-0.934892041412949,0.438905562131331,1.90676225337107,-1.19185723331264,-0.3815459800022,0.266477294485486,1.36476193191192,0.566838681990044,1.59390438209412,-1.35808294161887,-0.716960954478458,1.40157753012234,0.706164433632555,1.58166581733145,0.618097162063931,0.157952195351403,0.849398411849805,-0.157443660319019,-1.57028286558923,-0.818023828835783,-0.27611968406271,-1.30150889340808,1.48274100600794,-0.270598372602496,0.939154870339869,-1.25216449577985,0.623635943886519,0.294691113998221,0.0457361233026337,1.38875193137646,0.455335229660782,-1.19580733234187,0.711889363826307,-1.71475567154495,0.982591588834576,-1.10620505499922,1.78092611392505,0.558582832333816,-0.273130266659431,-0.158249272621666,-1.14091670224956,-0.318908796350089,-0.167100712577276,0.32617588621567,0.00285496772003333,0.144263038919684,0.0989277786086254,0.825355247710021,-0.363158765577028,-0.165348112142669,-0.128883152371286,0.885393730467734,1.54286197812834,-1.26694685434881,-0.279147154041247,1.49030681124225,-0.785209122162002,0.465721471444716,-0.282484879977792,0.114321216633045,2.13934818125984,0.110838575231603,0.0222505646811793,-1.77836772838219,-1.01131706230012,-0.710174657527735
985688.992642603,990800.963739655,-1.86312227665264,-1.55986129793026,0.0263394998452552,0.126568267796683,-0.412986839276502,-0.574325581003878,-0.282272387097118,-1.55908962481247,0.508279582532799,0.684253247233282,-0.987440540243139,0.386515975351079,1.85490774439221,-1.20502973102649,-0.338409057551732,0.295747980029857,1.50369914674977,0.58696842114766,1.58667634079444,-1.30640505623536,-0.684464085095585,1.41868640516067,0.647184458580999,1.56277697310939,0.616103144779982,0.128213245900443,0.850204250674601,-0.162237884993358,-1.51704952654909,-0.81872437829972,-0.28237304837001,-1.28146448075385,1.51337308795228,-0.28325282052467,0.885886259146886,-1.21652160373768,0.624987034167396,0.254404681423345,0.0132591804515356,1.29306119952143,0.363261854563011,-1.27454814399029,0.676393082473709,-1.73662000595678,1.08058560440569,-1.10186640020848,1.75968019139283,0.601394638073607,-0.275455917164959,-0.14536011979935,-1.1584285081567,-0.361891216974731,-0.196178795024529,0.331300194585203,0.021414062947319,0.192220269203391,0.0585108667506233,0.805993287709026,-0.393509375711223,-0.226053856351839,-0.128703713639573,0.854354707180154,1.49884390986999,-1.23628187706014,-0.263207267053594,1.54420698110096,-0.770376610743695,0.456793981320704,-0.240479099429784,0.101671256141096,2.19222291330935,0.0596915364515462,0.0279960384043641,-1.77080788569854,-0.991752210045646,-0.766441211551584
993838.217557336,990800.963739655,-1.79361505945231,-1.60822498335011,0.0162551124369452,0.186280361612734,-0.441105062667524,-0.576264769918898,-0.23512664436518,-1.4073859094148,0.504412448439765,0.851912324232139,-1.04649684995008,0.3253741896104,1.78445131761697,-1.21711647972857,-0.281021895676578,0.332622866059588,1.66451022842172,0.613216336220363,1.57544540375798,-1.24103692779797,-0.642367421085888,1.43662448433879,0.571915527348406,1.53385040640697,0.61220180653492,0.0916105323314758,0.84993139394732,-0.169075229243136,-1.44796912478517,-0.817657106562136,-0.291629052598089,-1.25367087471685,1.54602377038638,-0.289615796439808,0.81831961938166,-1.16680803715667,0.625998687028456,0.203833138308492,-0.0250447590288152,1.17225956029891,0.249814097000779,-1.36948504664199,0.630459986500962,-1.75495811498236,1.1981044910015,-1.09634296695792,1.72648822785242,0.654983705846089,-0.279633500793058,-0.127030802087554,-1.17229496857206,-0.409946659138779,-0.230019872139155,0.337735431855537,0.0460423949674554,0.252726830591903,0.00991406801745578,0.784005270165188,-0.431177404960976,-0.298465158509003,-0.128684708270027,0.813314119000767,1.44253211896227,-1.19372714902453,-0.239401856169205,1.6052285106019,-0.753478229762248,0.444604182400542,-0.190485325496016,0.0887659672517215,2.24053158909245,-0.0143379988121312,0.0344308724737512,-1.75267979439676,-0.972209325811361,-0.837366008556118
1001987.44247207,990800.963739655,-1.72604259739172,-1.64347129349296,0.0106873002767883,0.24873053119843,-0.468492416649763,-0.55276195333362,-0.201679046615115,-1.2746672909699,0.496142637139357,0.979672867384119,-1.08684407956468,0.26726220710892,1.70926956660392,-1.21677838418301,-0.222835559910041,0.376425158834312,1.80942735922096,0.63233446740976,1.55045983773332,-1.17806332552813,-0.60283343540309,1.45391569033041,0.506319032985578,1.49713809306767,0.628700982633261,0.0619531890463815,0.846910241547016,-0.174218792589014,-1.36886161028913,-0.807478534341562,-0.308948157439135,-1.26463755242505,1.58964743105937,-0.299043059177972,0.753481155126023,-1.11499530386644,0.624182441687498,0.151321616758127,-0.0556514588403865,1.06622356293797,0.148476193829396,-1.44258547844819,0.578950906543805,-1.76237400234726,1.30747133386407,-1.09831963116004,1.68631080799757,0.710144494406053,-0.297115446267536,-0.0966907190248111,-1.17327757208593,-0.451177377708486,-0.267827390070595,0.342071255940468,0.0734790251055192,0.305035106288038,-0.0380256818850928,0.766986370701511,-0.463249838059762,-0.342125164687911,-0.143518990801543,0.784489001682754,1.39115157732477,-1.13872370462065,-0.190224011671683,1.65802957373561,-0.749901706032814,0.431410047474892,-0.164046517481302,0.0734760374151153,2.25738683504619,-0.103380960080813,0.0484580913861213,-1.73889751487624,-0.971463392068964,-0.8989239755079
1010136.6673868,990800.963739655,-1.67940980035024,-1.65801379446627,0.0130664294186232,0.30575288407528,-0.491527560948019,-0.494481323591432,-0.197831918047922,-1.19109917401075,0.479860192839161,1.02921310463983,-1.09100720210269,0.224121431710046,1.6426004650865,-1.20185230305244,-0.173217661174044,0.42541968201875,1.91198864117105,0.637839318302162,1.51289288796325,-1.13412895599998,-0.576207571323091,1.47201022977381,0.470483368701971,1.45733185658991,0.676973853388324,0.0484466676803714,0.840660393734531,-0.177049032812562,-1.29338139782491,-0.788896953025079,-0.338146630001567,-1.34565626414809,1.649406182251,-0.317533539471888,0.706462548091439,-1.0710421169562,0.619082085041731,0.102220960807341,-0.0687321185838785,1.01070408437793,0.0906642692684363,-1.46993356761289,0.527874586411968,-1.76319231854639,1.39455270685363,-1.11813992290517,1.64521315257025,0.760569128743165,-0.336933410334679,-0.0563501960814798,-1.15842676570464,-0.476752178618673,-0.307191951851301,0.339561122962319,0.104270095822696,0.336768395370092,-0.0748131593434988,0.764330557585266,-0.482469585815238,-0.329650136983482,-0.185370862926587,0.782703191216722,1.36373029446229,-1.08048760225632,-0.108091913505786,1.69336067894683,-0.778519181668772,0.419062977682557,-0.183137769004388,0.0516300132937558,2.23272460897645,-0.194085208585234,0.0752496560851971,-1.74300441321208,-1.0027338784789,-0.935018350559122
1018285.89230154,990800.963739655,-1.63095727102554,-1.66538527106671,0.0173414487336403,0.365132213267777,-0.51558254769532,-0.421454503227867,-0.202396572076491,-1.11183430902565,0.458504622770902,1.05908193354397,-1.0838713725472,0.179872356755921,1.56787460973668,-1.17961311245743,-0.122196113146885,0.478644335678102,2.00731018812526,0.63801236178802,1.46374547564797,-1.08943636314854,-0.550074977032502,1.48837966460722,0.438358256084336,1.40888609431814,0.7364519050578,0.0377946607973455,0.830851784723397,-0.179797267384561,-1.21050675050839,-0.765322678183411,-0.374318712316526,-1.45727022595504,1.71489799305785,-0.339935930135548,0.657697917241782,-1.02408772456072,0.610788893262753,0.0482401722206398,-0.0784709425793973,0.961742412920868,0.0385915494878024,-1.48433111454867,0.469461690096163,-1.75786774271623,1.4787412698494,-1.14342469171238,1.59599831413614,0.812043229859391,-0.387681965786755,-0.00963877300858792,-1.13563961815807,-0.49985162347432,-0.351438236692964,0.333876321085334,0.137524397264595,0.364348175489461,-0.113191034086808,0.763276213604788,-0.499527153989791,-0.299742648023009,-0.23945043704847,0.786536180707727,1.33678092155423,-1.01439448085987,-0.0115875794633989,1.72305633574917,-0.817563087965493,0.404439707460371,-0.217715522926892,0.0258029577007466,2.20569777600117,-0.274610728222648,0.118337697887071,-1.74210675840201,-1.03123993270369,-0.954099915486163
1026435.11721627,990800.963739655,-1.57212860356546,-1.66650863483594,0.0231996655463914,0.434705889116331,-0.546488790354466,-0.335310933395022,-0.208889689870303,-1.01383923004716,0.435594665434895,1.08906016182321,-1.07166115508125,0.126091757411655,1.46870405347976,-1.14705920684003,-0.0629710819552889,0.542184889131663,2.11364204686557,0.637346773934465,1.39811744009669,-1.03518205671246,-0.518043822275838,1.50482350296347,0.394070497255946,1.34191478174389,0.806060606533991,0.0259928205699873,0.814945005554928,-0.189912510215979,-1.12075055579699,-0.738283456706279,-0.420227071033785,-1.59403756417681,1.79104137567911,-0.365434518299703,0.596566106044014,-0.971026579844184,0.595689638235085,-0.0197804812450188,-0.0905775159124801,0.899495174903238,-0.0250136181626592,-1.50041254189253,0.394397738330817,-1.74570010984112,1.572707521921,-1.17261549954375,1.52844251654745,0.870910483688847,-0.447678953336597,0.0455509140320918,-1.10144923182318,-0.528971269724102,-0.402865439082036,0.329751693029549,0.171517092264049,0.396008550581741,-0.15894600369745,0.756813382950004,-0.522486192874511,-0.261350724593983,-0.307562128576415,0.791392805335198,1.29507838913301,-0.935151840775276,0.100042794969313,1.75215054359976,-0.861163832417743,0.385098230844209,-0.257926318203277,-0.00599546909121704,2.19395166742136,-0.341710225612653,0.184449470664867,-1.72926094372405,-1.04090188641653,-0.961420600228991
1034584.342131,990800.963739655,-1.52766807642723,-1.64955813422968,0.0328428565908715,0.494407511504767,-0.587447228031655,-0.264517455281319,-0.212962938157653,-0.917626706236752,0.43456662273461,1.10426160379623,-1.05203031466886,0.0810665564425364,1.37371905079841,-1.10337766416306,-0.0218603026920595,0.605684543703352,2.19788154286304,0.640854696573359,1.33382585634623,-0.991547831651613,-0.493445132579458,1.52027700425081,0.341107059330586,1.26180636185422,0.870230990940681,0.0281886244064215,0.794284420562,-0.226396042180274,-1.08800574617781,-0.727240684486324,-0.470512032187768,-1.69933320711084,1.86829367845564,-0.383409195000288,0.541219476471277,-0.941324782824987,0.567847073432045,-0.0866895628137179,-0.103816304723954,0.845325584169275,-0.0766240117475021,-1.51975969051564,0.320833132873958,-1.72712264359971,1.64511279452526,-1.20179242494458,1.45344807819361,0.921093636275081,-0.488141529533937,0.0934373101861636,-1.04458371982307,-0.56241477868381,-0.430314590199769,0.343337747142167,0.180417369965085,0.423440308284207,-0.190630520076974,0.739812943246748,-0.554930320670264,-0.216752464443542,-0.371161892510822,0.805223670864841,1.2321021082647,-0.86860760626416,0.190374077516964,1.76910752569941,-0.885900433076901,0.369701725025753,-0.276203656888991,-0.0272749739054394,2.21211804619209,-0.371094459143013,0.253967124154061,-1.71520971814399,-1.01605606166812,-0.961706321971769
1042733.56704574,990800.963739655,-1.49558465575156,-1.62221977526258,0.0462276637901596,0.54495521474925,-0.627814352049389,-0.207880771758647,-0.214391245603448,-0.831350700226831,0.450473704236844,1.11124761459443,-1.02905564049698,0.0496482772649548,1.29259083991136,-1.05631716258726,0.00754691565149519,0.66482466566675,2.2643735535456,0.649604605657034,1.2800698088836,-0.957727271674726,-0.473485231425003,1.53748578107679,0.28992702258255,1.18517258550975,0.927506111131022,0.039743866569554,0.775832953362761,-0.274120269003609,-1.09045003732573,-0.724800001419142,-0.516221304780925,-1.77260937305384,1.94155455407666,-0.392103802349001,0.499266739991915,-0.927819676953595,0.537925190116926,-0.143132777704763,-0.113606335248284,0.805038679928357,-0.113150462647893,-1.53804571725502,0.25832380122588,-1.70554284294842,1.70068074935905,-1.22630111333104,1.38485770757437,0.964033631467232,-0.510965848480984,0.13423756899599,-0.981224090005027,-0.593055891583038,-0.438906747168641,0.368883795653708,0.175148089232728,0.448188070470855,-0.208354074032481,0.720550696811335,-0.588213019771781,-0.171507281860041,-0.42394271622387,0.826496263905569,1.16545718771022,-0.815605462214295,0.261378217070191,1.78008058793371,-0.894792949024397,0.360467193068595,-0.278590275295974,-0.0386712316278167,2.20389857049078,-0.41723675759423,0.292264319611339,-1.71135785245036,-1.00344912564021,-0.97474288011682
1050882.79196047,990800.963739655,-1.46332007100268,-1.58920732160268,0.0624832251138141,0.595976121048599,-0.668858992018033,-0.151780106959461,-0.213506459151193,-0.743847718325091,0.472106180521206,1.1173594187544,-1.0027885788451,0.0215139792868472,1.21084931285259,-1.0057369419053,0.0366040045142122,0.725889961308559,2.32999743330244,0.661189870318001,1.22567435396705,-0.923520055027412,-0.45245116475211,1.55671573551021,0.237279493792357,1.10528460610918,0.986320970125747,0.0551072669104093,0.757767043387114,-0.326578016761515,-1.09982035369752,-0.72305509009972,-0.562204419943338,-1.83957548471057,2.01727422674441,-0.397975741333964,0.459573106688221,-0.916131882284746,0.506105752786092,-0.199526710866886,-0.122032906274662,0.767196235294286,-0.146146076347706,-1.55527953507216,0.196210463347643,-1.6804808354094,1.75560947236673,-1.24825119685069,1.31382260326601,1.00726465390289,-0.528637636796367,0.176396165439104,-0.913428676815336,-0.623358508043497,-0.44282709264984,0.399516204978848,0.166856545651885,0.473730461045782,-0.222111013825183,0.700274964112591,-0.622245744599911,-0.123737038430835,-0.475757205864867,0.851358158781583,1.09398698842109,-0.762601778673476,0.330760177965363,1.79064085816992,-0.898064426369519,0.35334799811355,-0.27584133967958,-0.0465857461376062,2.16567746292391,-0.485516128943615,0.311616099433865,-1.70921824439853,-1.00545658958681,-0.994211103114546
1059032.01687521,990800.963739655,-1.42493978748618,-1.5557700770859,0.08358619520233,0.652452554531351,-0.713864250636072,-0.0874488647163698,-0.206391200570371,-0.636314441288761,0.496104588377561,1.12678918091684,-0.968271711250326,-0.0114122358067377,1.11571733523129,-0.95270572267737,0.0694940483635976,0.793004953898335,2.39890993996588,0.67663202203402,1.15819812503915,-0.883069285291925,-0.425333909883055,1.57538812996649,0.177598330943676,1.01243446669232,1.05163219598475,0.0653275185922161,0.740136523721876,-0.385505673080842,-1.10365702299031,-0.720903690579876,-0.61448747677746,-1.91857074090965,2.10021030621093,-0.405876075824626,0.420114419279509,-0.907604233440567,0.475654360330082,-0.265682503235163,-0.13197717257757,0.72186803949534,-0.181445290400327,-1.5701748319264,0.125977542742044,-1.65627292190952,1.81924134857144,-1.26299057680803,1.22740577853405,1.05337944503893,-0.544718539945671,0.220191795007197,-0.84327484345344,-0.655351302483952,-0.455542042507499,0.430467876581527,0.162976447934645,0.501977057429076,-0.233700629415753,0.665839840224285,-0.662719116354581,-0.0813058550537385,-0.533832815419276,0.877821643580739,1.01339349289676,-0.705255460518696,0.407941706494352,1.7981105521864,-0.885244724748924,0.347131632660277,-0.273642505084543,-0.0490052428917858,2.11311373991037,-0.564844232316653,0.338335275152741,-1.70481532498077,-1.01144234826449,-1.01103784843402
1067181.24178994,990800.963739655,-1.39223542448862,-1.5496236581807,0.110126332525378,0.699782310301538,-0.7493769916483,-0.0230471257736159,-0.180328987445605,-0.497413947878127,0.518882750088967,1.14692577475391,-0.924641225322235,-0.0485795343036248,1.02720821460767,-0.920658707418347,0.0970779083998612,0.848173343540031,2.44344922888183,0.698903462405494,1.08562421648458,-0.845574825077717,-0.391884475266976,1.58530275932929,0.124381225880457,0.922871133205802,1.10740164792451,0.0384747072283792,0.740251241081031,-0.436756438011645,-1.09138814526061,-0.72246983819053,-0.662588905135124,-2.0090976616472,2.16925331569132,-0.419328105533217,0.412490190567573,-0.929605316426478,0.483898056667836,-0.329356234052551,-0.143359020899336,0.674753040977904,-0.2072068940014,-1.57193939109754,0.0691468868651787,-1.66273654879465,1.88563905207007,-1.24603937761215,1.13578491186898,1.08786105709221,-0.551144305964865,0.240865921957665,-0.810060353577181,-0.67348976276635,-0.498337411816344,0.439764965788291,0.182426694013231,0.532160355949579,-0.226339641770177,0.582362464716355,-0.71249988651712,-0.0930805888162364,-0.578999456132166,0.897592563161339,0.955952242873427,-0.667566205229676,0.478083783082527,1.78785567949313,-0.808816972528118,0.348839478826015,-0.277716175579766,-0.0244527688008915,2.06097945930971,-0.629220804170326,0.391315874486479,-1.70333388254748,-1.02569464565216,-1.00925614869581
1075330.46670467,990800.963739655,-1.35982110734397,-1.54691891031675,0.136006158333844,0.740515003676716,-0.778531184222868,0.0360700373573816,-0.150619598193536,-0.365531237944752,0.53882313202497,1.16683657939907,-0.880934298360309,-0.0838425634637043,0.94467347524763,-0.89406127134769,0.121650693674766,0.89543288510867,2.47679326733607,0.720417144252599,1.01400661594411,-0.809911851962619,-0.358668696883986,1.59066970710343,0.0766486425925276,0.838231775540312,1.15556226312166,0.00502722726910313,0.743787703429654,-0.481608204043392,-1.07394366875806,-0.723235113843237,-0.705273364740377,-2.09361103405695,2.22715319488685,-0.432718899076319,0.412558158922389,-0.954900088040166,0.499120204104266,-0.388085006287675,-0.153978038792558,0.629673829433826,-0.227608403129735,-1.56778376794184,0.0198084615752205,-1.67215901661681,1.9455625358982,-1.21981703841585,1.04617102785102,1.11551970861569,-0.553451049810465,0.255562582704807,-0.785941385160195,-0.685910234650417,-0.545163158318376,0.443064489575339,0.205948182210044,0.559598606660657,-0.214191886109342,0.490950661821298,-0.759519875427144,-0.116321258503623,-0.616897592705687,0.913364734151611,0.906034554911879,-0.634991582090384,0.540060051500751,1.77188111891878,-0.723934796438492,0.352142252382582,-0.282105242685863,0.00510192444963085,2.01273487445154,-0.687574295696829,0.43993372860976,-1.69867895766903,-1.0393413654464,-1.0008436378924
1083479.69161941,990800.963739655,-1.32465201924554,-1.53858573274096,0.164471819988685,0.780451131487433,-0.80539638957059,0.0949705521279389,-0.120328098274715,-0.237984689342221,0.560013631029207,1.18708342864094,-0.833460799201575,-0.119580258016919,0.857167544602913,-0.863396021849899,0.148160212897573,0.943572296696095,2.50497950404898,0.740391869233012,0.940106430619771,-0.771431171213864,-0.325627479726765,1.59340385833995,0.0280277706431792,0.747985467921768,1.20312672077646,-0.0290942631354564,0.745939228615386,-0.52738826291011,-1.05366692146373,-0.721536843271095,-0.747902296829404,-2.17069794185818,2.28230658477683,-0.44310780659727,0.414184312640057,-0.976816766373046,0.517681865791596,-0.446585147700495,-0.1642308023352,0.583371343186583,-0.245395488978238,-1.5590844840712,-0.0296101098964537,-1.67635597996432,2.00228111232119,-1.19205173775765,0.950001277378791,1.14082988398185,-0.55451334667391,0.271249552827269,-0.759072152761005,-0.69718619507343,-0.591115826803048,0.445619622464484,0.23017550306473,0.587284244531753,-0.19820053076244,0.39548247750855,-0.803605473280128,-0.138692998325275,-0.652790730743649,0.928499427684647,0.852757671196111,-0.59819945551925,0.602915605764298,1.75135506951622,-0.636783177873413,0.355150988907016,-0.282860512479594,0.0376136382190664,1.96205525678186,-0.756560111988607,0.466316286821581,-1.68822994977327,-1.05317883861095,-0.994474707636012
1091628.91653414,990800.963739655,-1.29626900343601,-1.52164868983157,0.204501731241663,0.817455053944648,-0.829425473293788,0.14775619443737,-0.0953259192123359,-0.128002578100051,0.589825986221144,1.21647043683703,-0.778965831972844,-0.156793550391135,0.763704968407923,-0.826591844063608,0.181903881476116,1.00161779685661,2.52122585268222,0.753085335648807,0.873992349356134,-0.73227223842481,-0.304391057669644,1.59028335287008,-0.0218526972322857,0.648815865386428,1.25339916112481,-0.0674147199026989,0.742449986034726,-0.582254775672637,-1.03413279011298,-0.718575959892301,-0.797968378825932,-2.20671458441277,2.33883082782748,-0.444534658774016,0.426337632848995,-0.989195003696137,0.555306578713525,-0.501794279147008,-0.178353582076977,0.537938785214798,-0.254570967450126,-1.54628523930285,-0.0759415383834147,-1.67382134002935,2.05443425480523,-1.17662287392359,0.841613806572612,1.15993637774893,-0.559542583971065,0.287533155006404,-0.730885531738741,-0.713751760003959,-0.636863141544249,0.445364951311964,0.25641132680771,0.616117340082297,-0.169057004082818,0.298616727478261,-0.835294519997265,-0.161188801297661,-0.682728653544099,0.94492122844733,0.79354752297901,-0.55236152971393,0.673449863090256,1.72176881410667,-0.545788176806045,0.35415261303123,-0.270286160023905,0.0816949338241784,1.89331851913692,-0.828416560328822,0.459399110810474,-1.67673584914304,-1.06298632191394,-1.01333989504606
1099778.14144887,990800.963739655,-1.28901834436487,-1.50358826059857,0.254485406063823,0.843925113305686,-0.848776813111578,0.17837395839953,-0.0862714091485352,-0.0659769213529371,0.626695848797276,1.25635979001122,-0.728557057118226,-0.191043632836163,0.681703478042613,-0.794177238999004,0.218302532855144,1.06561076193982,2.52022553230301,0.751218103731684,0.836180573118031,-0.703360086255133,-0.310497884432931,1.57845342961187,-0.0646012350086038,0.558796154528245,1.29974051626346,-0.106764839615044,0.729404913953798,-0.645051724924578,-1.02348102472296,-0.719502801672657,-0.855120851787874,-2.17375588071147,2.39133694795399,-0.436214739403473,0.452529460016094,-0.987507441543301,0.613260487943994,-0.54336941418231,-0.200433505671168,0.500886235202908,-0.251312403935224,-1.53764589991272,-0.110646302339944,-1.66828228076729,2.0920442104875,-1.1896320034452,0.737308785765499,1.1666062413251,-0.574661251402851,0.300100846132022,-0.709983213026128,-0.742176358029983,-0.680063090415015,0.4407803397636,0.280176012965351,0.640216597169797,-0.128877198322919,0.221075994765365,-0.84381158120396,-0.183772200716573,-0.702862778996871,0.960419497713163,0.735678868174905,-0.504389758896375,0.741545094852805,1.68590358439711,-0.470244445300607,0.34470817096813,-0.243567481222181,0.132557683654133,1.80423986920046,-0.852233915439888,0.470930296825676,-1.66688648431334,-1.05194651397813,-1.05181984438564
1107927.36636361,990800.963739655,-1.28645777952506,-1.48566495644538,0.299459563585673,0.863212537094148,-0.864865873875823,0.200785234232413,-0.0817543678585338,-0.0220736581101649,0.659150883900691,1.2912248691611,-0.683854200167584,-0.221786670371861,0.607393809632906,-0.76587464803034,0.250277093516873,1.12105095354899,2.51238477010156,0.746109091958068,0.805992822948225,-0.678917012431489,-0.320189257041377,1.56509598273399,-0.102424615055805,0.480253699302459,1.33803947901095,-0.142310160902958,0.714980440048589,-0.702439558834094,-1.01587735718221,-0.720719119174919,-0.907671388032391,-2.13206523317742,2.43462267971429,-0.42454210572292,0.47795787473924,-0.984714359036785,0.667572501279395,-0.577132125518553,-0.22150118342273,0.469134845576136,-0.246041314504864,-1.52825281258024,-0.139785962843113,-1.66188583367833,2.1210732863567,-1.20600206065199,0.640626121954653,1.16725751936547,-0.587928622015267,0.308936732683112,-0.692529230872743,-0.769520117754959,-0.717474604856269,0.433750788474431,0.297612104405432,0.658737180352843,-0.0914542626296228,0.154175646444918,-0.846270525279552,-0.203769268811871,-0.719171100940298,0.971904258832069,0.682692349949762,-0.462197274223064,0.798845614786868,1.65093614598892,-0.405872879056798,0.335552288777127,-0.216431856534059,0.179364298031567,1.72420831453493,-0.858029116595688,0.500772570973802,-1.64869512048094,-1.03317001857496,-1.07090660813776
1116076.59127834,990800.963739655,-1.28346605136378,-1.46822515789801,0.339868198156763,0.880346418897,-0.880384054685494,0.222090484143909,-0.080451808538488,0.0156707095462627,0.691511789198708,1.32436205141758,-0.640919785572416,-0.251939905975378,0.537413065675722,-0.735397632268849,0.278994300840554,1.1750652518764,2.50052312130217,0.742723000551661,0.783584504035018,-0.658743323997609,-0.331799777789394,1.54616102167446,-0.138421131250314,0.400223068495933,1.37398320794572,-0.17219532536965,0.701170912942092,-0.761160038819456,-1.01265063253818,-0.724334159950588,-0.958370018009722,-2.09625219214831,2.47047451494341,-0.420109060077838,0.501596686220775,-0.981130886242971,0.71589805075318,-0.59792206344986,-0.24161871583978,0.436265795495702,-0.231169139790257,-1.51091301241201,-0.165022563633158,-1.65445827273084,2.14829193887568,-1.22180045688831,0.539170862864487,1.16678466948377,-0.602808602264238,0.32303380126683,-0.672869222058731,-0.789749512574106,-0.748991197493274,0.426953124436771,0.312528041333224,0.676960384272641,-0.0537838680508859,0.0920924788323105,-0.846780301090668,-0.219889006474349,-0.729957492912194,0.984725125878252,0.633344521699798,-0.42081448985754,0.848019241654009,1.61357210491644,-0.346360184512366,0.320563640314144,-0.189271452819461,0.226786631889689,1.64208789269537,-0.865191406075411,0.527644599571077,-1.62734961067066,-1.01097187909082,-1.07708531164059
1124225.81619307,990800.963739655,-1.28782873376959,-1.46105755514525,0.364082916823409,0.895361763959785,-0.898145649872353,0.238959843169337,-0.101917881798663,0.02123182593934,0.739234140459476,1.36204437348769,-0.606723772772527,-0.277082168254443,0.506522320342049,-0.692078879617661,0.298016379763462,1.23225876620799,2.47859417608839,0.754587724410003,0.819656580961697,-0.66048872761485,-0.359983962290259,1.50767968825885,-0.1648297713039,0.309512226787598,1.40694241815093,-0.174223124450843,0.696851170392825,-0.828023560406942,-1.03582955087655,-0.746641202409085,-1.00686808222568,-2.09676994305227,2.48704180779037,-0.463976179878012,0.514455006730066,-0.98099510584281,0.732199369978021,-0.54396065580008,-0.256580173797349,0.395711648812525,-0.171772245900609,-1.45630635844513,-0.168080490581679,-1.64505708482053,2.18668439741512,-1.24144114500294,0.422890332339921,1.16969483861651,-0.631940173391491,0.3704021583804,-0.646830655237732,-0.77750785593855,-0.757282155316548,0.421126424800503,0.321620897412826,0.697349480650659,-0.0129631251326382,0.0610383924847305,-0.837792953099639,-0.223531989476096,-0.717463615561001,1.01220973230517,0.61196766831984,-0.386276248819632,0.864726890909376,1.57645852569969,-0.312284215713986,0.266698064189474,-0.168496792272257,0.280027451442241,1.54312565320796,-0.900151223016198,0.505830635004403,-1.61776201241742,-0.986028094455642,-1.06601381482619
1132375.04110781,990800.963739655,-1.29293178211336,-1.45780108589488,0.378111281666761,0.907419011097393,-0.915155710279109,0.253088966519662,-0.133541696437406,0.0103591930139409,0.790770013070372,1.3988576509394,-0.577099965435397,-0.298663658700146,0.496865889062928,-0.643644726529354,0.310200196217408,1.28868986728201,2.44953172416754,0.773711552827021,0.882635410647122,-0.673933502326331,-0.395452814429516,1.45657221408644,-0.184400825163834,0.21662612846909,1.43660142232236,-0.15922824214287,0.696900398012851,-0.897751129225674,-1.07177147322032,-0.777135428434051,-1.0506240651734,-2.11298851190376,2.48861871737907,-0.531644438473906,0.522295528393004,-0.979898279155891,0.732291934776752,-0.454343248832616,-0.268375446295749,0.352633196866704,-0.0888439508251909,-1.3840445611132,-0.15880023062939,-1.63524995867418,2.22577795566334,-1.26163371524309,0.299322858019397,1.17304569307568,-0.667632669474402,0.433254730541049,-0.616608992072737,-0.74655333567644,-0.749202156377392,0.417200425971689,0.326165861076642,0.718608137436796,0.0285319674423862,0.0486008700233364,-0.824194287182574,-0.21809166708112,-0.690826644060274,1.04594083834511,0.60604414334077,-0.354845485302197,0.862707468455787,1.53816370361646,-0.290713860779491,0.193420365950954,-0.149415140409118,0.335189025084682,1.43406765725118,-0.947178664535663,0.45775813071383,-1.61279917596372,-0.959794364738715,-1.04637212853593
1140524.26602254,990800.963739655,-1.2962386227858,-1.4542136644883,0.390107337174194,0.918457636169579,-0.928059607055594,0.264232081010929,-0.166870949900297,-0.000452637012011965,0.834596421247736,1.42758859072186,-0.552754490275068,-0.314247227832897,0.496107560869207,-0.599793679229814,0.318735264550437,1.33402555539966,2.42081661940263,0.790323526195012,0.936566766764533,-0.682449121337146,-0.425085423168087,1.40851813944465,-0.197338777085913,0.129870708005915,1.45830978513599,-0.143540980402535,0.695545996908362,-0.956769614067673,-1.10022351309793,-0.8047190617403,-1.08801905497499,-2.13176094657092,2.48426610887356,-0.5950821106894,0.529538469742347,-0.982874069525656,0.725251542551509,-0.373058402018911,-0.276670340329614,0.314862349273925,-0.0178407211163052,-1.31911939329318,-0.147207953382305,-1.62399970760189,2.25431545776053,-1.27667727284429,0.190593730671999,1.17441766347926,-0.699004239023752,0.492831617383167,-0.589768599897478,-0.718099296196925,-0.739128116214062,0.412162880762757,0.331193573715727,0.737061944058767,0.0618415208177547,0.0447548735934614,-0.810130891362876,-0.21100144515049,-0.667613063142583,1.07410641449455,0.600803507439353,-0.330061485145126,0.855695520304513,1.50209150078478,-0.274394034761677,0.125910138931733,-0.138706683152545,0.380497952872029,1.33942930225969,-0.974907785590889,0.43444209178585,-1.59822214746201,-0.935794216407861,-1.03701748369782
1148673.49093727,990800.963739655,-1.29998764786694,-1.45429723435751,0.408721004925602,0.930109955617931,-0.938426259618261,0.275007726613873,-0.212591127714256,-0.00346225303254404,0.862990099696769,1.44443314875574,-0.533674049104977,-0.323949132603465,0.505128836218679,-0.561507946101655,0.319097958602628,1.37408403762592,2.39900170941154,0.807036789383013,0.959947237987583,-0.67958912107463,-0.441378784380793,1.35971900861361,-0.198945728946946,0.0464427010121059,1.47536861954764,-0.124056249376525,0.68655888855203,-1.0110094580651,-1.11926287210205,-0.832628942244003,-1.12849474058696,-2.16740982167193,2.47647437046308,-0.647550768325655,0.551912473223704,-0.999370207301022,0.716171436851309,-0.309809332628886,-0.280074149590299,0.287472305312939,0.0470869703283767,-1.25974005739209,-0.135543684439252,-1.62340110988579,2.26363500493705,-1.29396405166738,0.0962626296727262,1.17239006602509,-0.729291435554327,0.557912751784842,-0.565262177088239,-0.698396113017883,-0.72471696821998,0.408525461115223,0.337243173883971,0.759033395686523,0.0838088089122404,0.056609805767348,-0.800839381623685,-0.193536971924287,-0.656801275781428,1.09873921931097,0.586993586715171,-0.313449139113616,0.845824976327349,1.46351720513803,-0.255802904280138,0.072963294881794,-0.141684366896731,0.420235233379333,1.25601560128189,-0.991520845776408,0.456738056639193,-1.56636487045002,-0.91341073809468,-1.03830884873724
1156822.71585201,990800.963739655,-1.3056407265127,-1.46414752351508,0.450609871272207,0.95162236186511,-0.943556780557248,0.287128386578802,-0.293247635749812,0.0169494482742795,0.859579033391576,1.44059556523476,-0.522704707110507,-0.316539488337842,0.542869974402018,-0.530130682439138,0.303059006144669,1.41067944819481,2.39915826083757,0.827883831563199,0.908866302439242,-0.643216852026603,-0.423261830076795,1.30556814820862,-0.170113249133454,-0.0354063614353273,1.49008947590739,-0.0934575157406873,0.663098947002773,-1.05740813354006,-1.11118054578657,-0.863736820670125,-1.18044535914707,-2.24950648308314,2.46596945856024,-0.675517703950182,0.616045732272754,-1.05470848420127,0.701316245016308,-0.280547598151454,-0.272460996636926,0.286253255658895,0.104161006689347,-1.20600314820932,-0.120201846644179,-1.64939726138069,2.22698677644066,-1.3166123105387,0.0359450131952933,1.16888458509123,-0.758119898353137,0.648717191808298,-0.541088877511935,-0.701788590630439,-0.696986093095741,0.412185758999334,0.353312902150155,0.798731859011141,0.0826750748235122,0.111494133661759,-0.800945883458386,-0.146150738248771,-0.675520048744656,1.12102128106647,0.551091078511811,-0.315584766373045,0.833704999719255,1.41867284925021,-0.228800354115952,0.0547596835366327,-0.178491824715743,0.449141450028873,1.17361277211051,-1.06844158954649,0.494367621955541,-1.51703152569476,-0.881575432051596,-1.01776762565587
1164971.94076674,990800.963739655,-1.30875078410847,-1.47437706949933,0.501339827369991,0.975979811771693,-0.944252008404231,0.300514254576012,-0.388219460457755,0.0474237029704692,0.842796333674699,1.42663993741363,-0.512899969880402,-0.301575123664464,0.591403956507827,-0.500142217631563,0.280337293903922,1.44496631297003,2.4055496268946,0.850340100944455,0.826246145379082,-0.592904125581135,-0.390133399389416,1.24805681180427,-0.128425922178979,-0.115548280471797,1.50247065217702,-0.0570448430236917,0.633119708034772,-1.0981902238561,-1.09077733614581,-0.89367006751675,-1.23473010143538,-2.34825847342134,2.45128863515037,-0.690884882376051,0.696168742129459,-1.12344503155549,0.685013614938879,-0.263202045571801,-0.258644208198261,0.296445722234586,0.159403236718773,-1.1521510068331,-0.102418191174196,-1.68262111587339,2.16921301844653,-1.33896411158029,-0.0099356921694723,1.16342941399618,-0.784411391744371,0.747775998630113,-0.515406604975471,-0.711545776946778,-0.661915621120859,0.418974600026174,0.37311710741266,0.84471921389092,0.0731246008500419,0.182980714645448,-0.802798239956488,-0.0861490312324159,-0.703588012431551,1.14167780930522,0.506226548567708,-0.322856199871297,0.819948507667692,1.36944021131069,-0.197117168910268,0.0522556841323195,-0.227669193651202,0.474656008887473,1.08315112483099,-1.17540390506641,0.525508035960406,-1.46690910266577,-0.848090988480303,-1.00335824743836
1173121.16568148,990800.963739655,-1.30619693703385,-1.4775844724916,0.545670805450021,1.00183068613736,-0.948086020951496,0.30579681492912,-0.467883008709769,0.0729903710647483,0.822927359920541,1.41314892435978,-0.498211174263282,-0.292016484874497,0.63485134207506,-0.462533735927146,0.259279720779375,1.47621415587689,2.40487488202069,0.868268038868391,0.756766211645084,-0.549694570858264,-0.354352380326049,1.20197118956893,-0.0886539584929176,-0.180947881053581,1.5148135345232,-0.0299960571417338,0.607861233868217,-1.13014641671483,-1.0716383436541,-0.920541001550709,-1.27939544140766,-2.43369870047541,2.43399280324245,-0.702604586908762,0.76722958093988,-1.17893255561413,0.669862646199196,-0.25253695748543,-0.246805970760701,0.310930484530916,0.201466385817756,-1.1067451654049,-0.0873125266808196,-1.70412875015547,2.113001760283,-1.35250167551455,-0.0466094662891445,1.16044730652979,-0.806657282731753,0.834850105620331,-0.491490660031763,-0.723780984831616,-0.627006686311566,0.425446316383356,0.386746747461581,0.884345440491596,0.0565190843722661,0.235072187328239,-0.799973760209599,-0.0303938075645407,-0.723772891432172,1.16264258624327,0.466904789693167,-0.328763989929397,0.810513143827262,1.31981109867127,-0.165288577442109,0.048801023444539,-0.27523723546328,0.499182457328426,0.993557168369536,-1.27333886045917,0.539830607893328,-1.42014066532128,-0.828804959042256,-0.991749822646005
1181270.39059621,990800.963739655,-1.30224946843072,-1.47399309743785,0.580850038251037,1.03249720611214,-0.967002478287388,0.2901193702205,-0.527561008730495,0.079596489520427,0.796637741482927,1.3947388670987,-0.472873424495256,-0.303469319810022,0.681852837224552,-0.395337879577453,0.235920606302859,1.51267794290016,2.38563326521825,0.88410145760687,0.728707671052682,-0.529266203778683,-0.305002407101388,1.18540406729809,-0.04478966918729,-0.223908812216493,1.52284876355986,-0.0157812596259024,0.580006777505592,-1.14841702058433,-1.06774823506921,-0.950229473675752,-1.32183214842292,-2.53072847065076,2.41130416522201,-0.714631091061452,0.841022678182323,-1.21223386294681,0.656237754660141,-0.249163838093499,-0.22207105045803,0.337445985583112,0.22808591217869,-1.07124967902919,-0.076323499596486,-1.70780229706555,2.06779306447368,-1.35515747988597,-0.0654523810623132,1.15915591980702,-0.834257766802055,0.919721404798879,-0.474559483866268,-0.74070793176065,-0.5880379937848,0.426509636220488,0.377526649316667,0.908007024992033,0.00468345396318348,0.250151105591334,-0.788590380888067,0.0265976536803549,-0.723957246649538,1.19505725913997,0.436857779284431,-0.335406253417897,0.805065237930034,1.25826362181269,-0.129797994233916,0.0339017556824638,-0.342538299143284,0.535338147849888,0.903297856450448,-1.35868987286484,0.548276186999308,-1.35885291618806,-0.847689080120342,-0.938747839425228
1189419.61551094,990800.963739655,-1.29502484854438,-1.46092351024433,0.610066396079364,1.07164739325883,-1.00249342315112,0.251677253601652,-0.572039849812064,0.0680633579413703,0.760211579237358,1.36957520916711,-0.432792927678222,-0.335356274307144,0.734783615154182,-0.294944267334444,0.208515794495809,1.555780176774,2.34420396999791,0.898673476773073,0.738137730829602,-0.529238774783766,-0.238857897502622,1.19655760860772,0.00649666291927718,-0.244625303940341,1.5282539072286,-0.0151436835946345,0.548213590586288,-1.15318599084202,-1.07645898616389,-0.98580788756527,-1.36237763351074,-2.64420237665828,2.38004060559595,-0.72700728545887,0.920506464281591,-1.22560010455898,0.641446774074075,-0.253707488548853,-0.186987022161291,0.378574683987514,0.241320389666857,-1.04225324472273,-0.0682972153383042,-1.69333333027994,2.0268145091626,-1.34616336829742,-0.0673016278078645,1.15954796062447,-0.868251309147159,1.00743736527217,-0.461468246364451,-0.76427806326129,-0.540821759175533,0.423363003025999,0.344757727295997,0.918079827247096,-0.0877341795530303,0.229826452517298,-0.766357850055205,0.0897475462261411,-0.706301166647782,1.24027803532855,0.414471563452291,-0.343251328661308,0.803897358177887,1.17934693949963,-0.08668075493308,0.00741655901772172,-0.434974338164434,0.584060783981947,0.804476405559128,-1.43399907521493,0.5523630698777,-1.27687936342705,-0.905820318656677,-0.839898665414052
1197568.84042568,990800.963739655,-1.28533496086477,-1.44272269515929,0.636202569410156,1.11029613550953,-1.04126263533501,0.206441531973903,-0.609903270571503,0.0505607494955868,0.719865587174447,1.33991390534746,-0.389663775290546,-0.373322847349466,0.788062327831669,-0.186760074954379,0.179105738896696,1.59864885558829,2.29180519246726,0.91156686191729,0.757459283376104,-0.533001947074745,-0.168155291526288,1.21410546111371,0.0596918765914183,-0.259725754970985,1.53037429163489,-0.0175000112687859,0.513605315205277,-1.15333127655447,-1.08812449200883,-1.02134272329592,-1.40096074407288,-2.76614696957179,2.34238558401553,-0.738339634519493,0.999956142892052,-1.23024183093167,0.626162123313332,-0.259787821740592,-0.145004679864664,0.423490043526213,0.251036861875487,-1.01341340683905,-0.0610639454154741,-1.67060088156441,1.98434445984316,-1.33213334133833,-0.0657615741714276,1.15933420388673,-0.903773994128166,1.09387621765766,-0.449396291174865,-0.788712221074425,-0.490305141099485,0.417110197650609,0.305344873044526,0.923128322486577,-0.193528788813047,0.199754056649682,-0.739694306502504,0.154172231935414,-0.681169715106794,1.2875729542014,0.392797068474831,-0.351695473629901,0.801967839772821,1.09325093233841,-0.0426636473814843,-0.0234380140572522,-0.535546553283497,0.636007442124507,0.706334948351761,-1.48461337106357,0.557487908887771,-1.19810714006325,-0.958493977356518,-0.742914934258176
1205718.06534041,990800.963739655,-1.28188356707924,-1.41601285811104,0.64987968603582,1.14345387867424,-1.06639898885004,0.172678536205836,-0.638606081404459,0.0214700337470356,0.684177766309938,1.30332130690474,-0.358658446244338,-0.403365407784069,0.834146181414538,-0.0898933190234877,0.146822817705954,1.63541928512484,2.23086434894158,0.919847410775818,0.77635206553552,-0.533232383890292,-0.109858549149858,1.23957056527385,0.107265897490027,-0.275820642344447,1.5330694294522,-0.0282475715737083,0.476848635199495,-1.16189410368585,-1.10113736264608,-1.05264545011807,-1.41919502204031,-2.86380832411914,2.30371031693211,-0.742288167311329,1.06070172464333,-1.23320764967793,0.607995398858428,-0.263528379517122,-0.0971612839902637,0.46991170988674,0.265259684751045,-0.993022346980297,-0.0510823216131591,-1.64874198874718,1.94418979108111,-1.32610008935522,-0.0795467916521499,1.16183509438671,-0.932783233379821,1.16957538256955,-0.439783961698363,-0.80770094252345,-0.43125662295372,0.398465477972003,0.276043398121124,0.927919107274921,-0.282102563508601,0.183350210553359,-0.708752301812231,0.213573292600742,-0.658646024418986,1.33122987104978,0.371240193963815,-0.368193778113121,0.793372107837403,1.03652604672875,-0.0117951228234701,-0.0510424430569242,-0.610763436462424,0.68619911730727,0.616576290732049,-1.5064935540001,0.560656933393109,-1.15464844046978,-0.989259057831905,-0.675651202588344
1213867.29025514,990800.963739655,-1.29483679565216,-1.36665677772433,0.64079390128612,1.17606639645835,-1.06462346780774,0.161484014594487,-0.659398623969567,-0.0426739777774607,0.659740996295837,1.24583012866587,-0.347107026517266,-0.414766286032471,0.87387409646412,0.00481492676168628,0.103971385690032,1.66788051513664,2.14554188273725,0.923034379951915,0.797362343873556,-0.526165905188177,-0.0703218010560059,1.28990821690372,0.151107729230356,-0.29234914454306,1.54202443795893,-0.0641362737271993,0.430874597487857,-1.18946346944473,-1.12045191645149,-1.08516653391211,-1.39642229446171,-2.90347698005039,2.26280355763897,-0.729873608900043,1.08864106778879,-1.23753746874799,0.579936115483492,-0.262927728597296,-0.0338984149737246,0.530963144574333,0.293276649478338,-0.992207826400953,-0.0357161806329902,-1.63096959244821,1.9062974984041,-1.34242395426469,-0.128057859747882,1.17147102140861,-0.949794330774811,1.23271722641342,-0.430974804498181,-0.816321951901283,-0.34256908266478,0.351636540982859,0.265640764962593,0.934024489792118,-0.343082102794859,0.197425658507832,-0.665103896628684,0.273740927693933,-0.648875087046762,1.37821338198087,0.350107269205663,-0.406721906139565,0.769700255680973,1.04644571702529,-0.00390592025256397,-0.0757233801325078,-0.630326903623244,0.744702813183877,0.51676380939974,-1.53217018879467,0.553035545453884,-1.15586635724934,-1.0313922825574,-0.618550066119516
1222016.51516988,990800.963739655,NA,NA,NA,NA,NA,NA,NA,NA,NA,NA,NA,NA,NA,NA,NA,NA,NA,NA,NA,NA,NA,NA,NA,NA,NA,NA,NA,NA,NA,NA,NA,NA,NA,NA,NA,NA,NA,NA,NA,NA,NA,NA,NA,NA,NA,NA,NA,NA,NA,NA,NA,NA,NA,NA,NA,NA,NA,NA,NA,NA,NA,NA,NA,NA,NA,NA,NA,NA,NA,NA,NA,NA,NA,NA,NA,NA
879749.068751066,982651.738824921,NA,NA,NA,NA,NA,NA,NA,NA,NA,NA,NA,NA,NA,NA,NA,NA,NA,NA,NA,NA,NA,NA,NA,NA,NA,NA,NA,NA,NA,NA,NA,NA,NA,NA,NA,NA,NA,NA,NA,NA,NA,NA,NA,NA,NA,NA,NA,NA,NA,NA,NA,NA,NA,NA,NA,NA,NA,NA,NA,NA,NA,NA,NA,NA,NA,NA,NA,NA,NA,NA,NA,NA,NA,NA,NA,NA
887898.2936658,982651.738824921,NA,NA,NA,NA,NA,NA,NA,NA,NA,NA,NA,NA,NA,NA,NA,NA,NA,NA,NA,NA,NA,NA,NA,NA,NA,NA,NA,NA,NA,NA,NA,NA,NA,NA,NA,NA,NA,NA,NA,NA,NA,NA,NA,NA,NA,NA,NA,NA,NA,NA,NA,NA,NA,NA,NA,NA,NA,NA,NA,NA,NA,NA,NA,NA,NA,NA,NA,NA,NA,NA,NA,NA,NA,NA,NA,NA
896047.518580533,982651.738824921,NA,NA,NA,NA,NA,NA,NA,NA,NA,NA,NA,NA,NA,NA,NA,NA,NA,NA,NA,NA,NA,NA,NA,NA,NA,NA,NA,NA,NA,NA,NA,NA,NA,NA,NA,NA,NA,NA,NA,NA,NA,NA,NA,NA,NA,NA,NA,NA,NA,NA,NA,NA,NA,NA,NA,NA,NA,NA,NA,NA,NA,NA,NA,NA,NA,NA,NA,NA,NA,NA,NA,NA,NA,NA,NA,NA
904196.743495267,982651.738824921,NA,NA,NA,NA,NA,NA,NA,NA,NA,NA,NA,NA,NA,NA,NA,NA,NA,NA,NA,NA,NA,NA,NA,NA,NA,NA,NA,NA,NA,NA,NA,NA,NA,NA,NA,NA,NA,NA,NA,NA,NA,NA,NA,NA,NA,NA,NA,NA,NA,NA,NA,NA,NA,NA,NA,NA,NA,NA,NA,NA,NA,NA,NA,NA,NA,NA,NA,NA,NA,NA,NA,NA,NA,NA,NA,NA
912345.96841,982651.738824921,-2.67645871254158,-0.998633205448321,0.363064995488419,-0.30019804430424,0.0153760495852708,-0.504077525347226,-0.717725922965021,-2.64532108528022,0.688423158650366,-0.186944132257912,-0.685828030302453,0.907265354746001,1.88967212511872,-1.20511486305227,-0.147096773953651,0.0811260620555438,0.408554393338787,0.734888198039938,1.61086730715741,-1.68215491573918,-0.758954560283846,1.25139427997983,0.673411179649823,1.46877887368473,0.47187264987708,0.26760485023545,0.789155997049714,-0.74203838839946,-1.89253113544013,-1.05916760828523,-0.366205231650233,-1.00771001015576,1.09094056206705,0.36080317903248,1.42601675089451,-1.25178403169063,0.637384764450963,0.403689611060992,0.148022105442701,1.78690122505607,1.12436619400303,-0.907956051067583,0.881054856027936,-1.43840170966477,0.459893440525112,-1.42303633478115,1.40233743050034,0.415757030457981,-0.359996739806134,-0.144704044400438,-0.88748149479539,0.113965504560738,0.0410857832380281,0.571938343600154,0.0874428644453117,0.0178342855652922,0.385968758732149,0.966897660870733,-0.330428493885016,0.0258475143759433,-0.0202033155639839,0.855645072077158,1.78505979742098,-1.3118071118089,-0.54295774887983,0.95567548156846,-0.89520954598343,0.339928109094424,-0.32874441557266,0.370760825300198,1.69719505174598,0.819596898831369,0.0700573240508344,-1.86024408480804,-1.19801963721444,-0.596822293975976
920495.193324734,982651.738824921,-2.56790569119564,-1.04412602341596,0.321853509949055,-0.272847531736352,0.0259104640280411,-0.521556151969727,-0.657280423199061,-2.55231639780262,0.665132869191697,-0.158661375236132,-0.692129244051455,0.891601878048499,1.92325391413457,-1.22751158644426,-0.217095456016808,0.0741720243543728,0.485124324277398,0.703496914301001,1.64294123588838,-1.63975701450685,-0.771932383320862,1.27192615526724,0.709115208886417,1.50236819302664,0.46838355417222,0.239093174208585,0.792449605703703,-0.638466602041773,-1.85503836188509,-1.02816772958923,-0.355280648079066,-1.03790552126535,1.09342083452999,0.310753912722014,1.37304552411912,-1.26164095129022,0.640094830692057,0.41222866222643,0.14460461180325,1.77072162403941,1.05863325057983,-0.93220934070589,0.879186862059694,-1.44877197377607,0.468050891701447,-1.36405838232294,1.48946140947179,0.421237830356411,-0.34248491145229,-0.179116781159102,-0.920250829317366,0.0804932857759181,0.0149945140234116,0.515854607166614,0.0473509107564556,0.0297605536958748,0.349649909316569,0.953182071285952,-0.340414423286345,-0.00276166759561834,-0.0315540963401553,0.858183578027854,1.77067040640834,-1.35835324843564,-0.530670002149889,0.996693855479293,-0.896207356105321,0.371187496411955,-0.343837796926946,0.341936393191851,1.76200262461521,0.769195553474914,0.0719446179286185,-1.84059790971004,-1.1529076600237,-0.605759523137726
928644.418239468,982651.738824921,-2.45843872976496,-1.10003208597202,0.259870444625668,-0.234586379998776,0.0249456466461528,-0.528105904667314,-0.613365667400583,-2.43107675955394,0.638116238307523,-0.129855714417638,-0.706733404321989,0.861440989415809,1.96659229734453,-1.21839401086545,-0.283470154945509,0.079278230371402,0.562825308116771,0.667676824213273,1.66288696219992,-1.60389779275898,-0.794536401266948,1.28739965531808,0.757702500696838,1.532283676822,0.457193161283747,0.229058251347232,0.804243108793005,-0.51617918727895,-1.82067397975555,-0.987484631459011,-0.348877676864065,-1.09426273899989,1.09707333407098,0.245741969124513,1.30744408719056,-1.26969798222502,0.634352223200796,0.418645639146029,0.144930748096681,1.76605176582762,0.982711949981426,-0.958290978894119,0.868914441218035,-1.4591962208141,0.502085227345097,-1.30961726056255,1.58693403040464,0.422195734469312,-0.347095405663449,-0.191547521585472,-0.945808000109621,0.0389578552172643,-0.00130536078111131,0.447220193242525,-0.00602594906179565,0.0445692937505899,0.317112076909554,0.960292985662409,-0.353693488592432,-0.0151065981799067,-0.0612681272346932,0.861484337497949,1.75863267159704,-1.35911795229356,-0.49976713381411,1.06284559546424,-0.894907505276142,0.400893672944752,-0.378162535189659,0.311564155756077,1.80984807560867,0.671583688112102,0.073498735967556,-1.81946503907027,-1.12373490917505,-0.5956941456035
936793.643154201,982651.738824921,-2.33558859966861,-1.16299642572736,0.192488974379005,-0.188415240072762,0.0200175460061723,-0.532056927336869,-0.564803027594191,-2.29257277616722,0.609252530540361,-0.0908034612359356,-0.723561899176311,0.824474457491426,2.00826000538769,-1.20436009652973,-0.351977643388744,0.0888163809964517,0.652454413175638,0.629810393251859,1.68081510865277,-1.5621830981495,-0.815939792693288,1.30446028231409,0.806707504050949,1.56329443321156,0.447911796080724,0.220927336211995,0.817587708173382,-0.387711239607713,-1.77971725016239,-0.941035536449325,-0.339610900148776,-1.15745374902128,1.10576131860502,0.170919540811813,1.23599361470541,-1.27663360581065,0.628851384102201,0.42462034585303,0.145359589070141,1.75708476471825,0.897191677312651,-0.986685146926801,0.856979478836364,-1.47191398825678,0.546329478993863,-1.24854343246593,1.68574807604007,0.425038355786565,-0.350139327525567,-0.200642093791376,-0.973234024791593,-0.00833155439412846,-0.0176700455471219,0.374477190117372,-0.0607850640042474,0.062905369826572,0.28344885022525,0.968416737061367,-0.36508021637512,-0.0268775669811204,-0.0930767753539847,0.865934959059887,1.74343037447124,-1.35247922840674,-0.462813930862939,1.13645340548475,-0.890244303872128,0.433220473874262,-0.413511821134904,0.278373896820786,1.84834155232337,0.54066679560541,0.0629175114267581,-1.8040718744558,-1.10062394597038,-0.595235490892793
944942.868068935,982651.738824921,-2.22918573860251,-1.22463599901923,0.141087255838846,-0.136042351498513,-0.0116996987426025,-0.535542981821396,-0.521996355824711,-2.16602679636088,0.587116285580118,-0.0268148340619692,-0.747877289989852,0.777495139891494,2.02051434569652,-1.19546636529483,-0.395819924621434,0.103415912274498,0.758377258715253,0.60315654101957,1.68721443358767,-1.5242709679929,-0.819588454715081,1.32681345974303,0.828075421051022,1.5868596969168,0.455166809425726,0.212255943927992,0.825392854954425,-0.300758645416218,-1.74279934798468,-0.903885641631911,-0.32167868696319,-1.20902919249904,1.13807623483531,0.0935283534592478,1.18091128838463,-1.28477664165296,0.628253108550977,0.42026472809687,0.137395659372544,1.72522622033777,0.819366114008983,-1.01756261031757,0.843817944713655,-1.4996759735011,0.600994392862734,-1.20005024366313,1.7499106762593,0.434068935977261,-0.346900161899413,-0.204087489976938,-1.00627009913944,-0.0565601832981378,-0.0386159288445744,0.328026922297025,-0.0868075200669382,0.0798180285260109,0.253246335182976,0.96133648072684,-0.367041585058863,-0.0450373910272458,-0.115622446356063,0.871502959436621,1.72296527312178,-1.34587207146044,-0.433927794578325,1.20295061919713,-0.879059886884023,0.455611323250016,-0.426895946143824,0.241812086724915,1.89314410233008,0.430593622425056,0.049229763601242,-1.79152809100607,-1.07947633428548,-0.603157549337644
953092.092983668,982651.738824921,-2.1406791315124,-1.28482287116209,0.107760232856199,-0.0756998570352886,-0.0785809568535182,-0.538764250377185,-0.486480411816857,-2.05147717452616,0.571472948276891,0.0689430093648054,-0.783941570864164,0.713805242850535,1.99883482992363,-1.19349484966768,-0.408966704598508,0.124766976739368,0.887766263765859,0.588100562684843,1.67962512077878,-1.49184258897082,-0.802290909116855,1.35550422982473,0.816333575597938,1.60379455567275,0.481992931309479,0.203182908848772,0.827209584046244,-0.257476915157217,-1.7103573689596,-0.878319218779451,-0.294162569961143,-1.24460730740311,1.20033946894288,0.00912508446526712,1.14318213596601,-1.29537727384173,0.63289635362432,0.402759536890815,0.118509406573926,1.66397469591199,0.746076426670295,-1.05334095886477,0.8272091033999,-1.54793111156979,0.672969409376456,-1.16647081733711,1.77842892229887,0.450589215248226,-0.335488202257316,-0.199418169732335,-1.04727549748997,-0.110356439040857,-0.0660519271825234,0.313026822894277,-0.0779211076127058,0.0955832860491194,0.227187561402844,0.936665378658702,-0.356967908267531,-0.0709020947864055,-0.128705232527897,0.878748036653615,1.69428063134986,-1.33643939172367,-0.413732572597173,1.26595090794176,-0.860181442903797,0.466816555233936,-0.414576774111618,0.199606373181409,1.9516839485847,0.346711922183989,0.032876715582072,-1.78071103773799,-1.05873468938942,-0.620510058517244
961241.317898402,982651.738824921,-2.04206461119584,-1.3546339114491,0.0748840744612093,-0.000623421079929837,-0.17360097725585,-0.541324138130254,-0.445646183353715,-1.92212031927389,0.554826469841655,0.192296519870707,-0.83032921687351,0.629285372201785,1.95623921650221,-1.19118596699595,-0.410745365380426,0.152771640130106,1.04624225401469,0.574756625223239,1.66242804562122,-1.45194354797292,-0.771956517914717,1.39074826911838,0.788157655776417,1.61798731413222,0.520345821217928,0.191536465659233,0.825545121991263,-0.222945984397434,-1.67018811594332,-0.850519967134898,-0.257494414150351,-1.27985903355834,1.28200467501794,-0.0963848837764904,1.10285952954949,-1.30549961515286,0.639468411599104,0.375387137231948,0.0909006669747318,1.57462218856228,0.657770379098716,-1.09642418372728,0.805219335799151,-1.61046805369406,0.762216529355468,-1.13012591382988,1.79552750950257,0.47271765062544,-0.318498971840097,-0.190948599205321,-1.09781686155911,-0.176537060824902,-0.10152471295409,0.306737544930714,-0.0538890374835898,0.114460819064622,0.196143580364542,0.898605548992363,-0.340958198996891,-0.106329503588928,-0.139566817412426,0.885869875288764,1.65418917016586,-1.32190838595194,-0.39222902863508,1.33703900456115,-0.832898836218274,0.475067179024365,-0.388308213997895,0.146022842776169,2.02745325705362,0.263177532177694,0.0198959788148742,-1.76598171702751,-1.02956967176109,-0.63983482993018
969390.542813136,982651.738824921,-1.94149679250965,-1.42547651044325,0.042617563617415,0.074914986994563,-0.267157273346829,-0.543283471455095,-0.401381333464666,-1.78251357932975,0.539722730304778,0.32625525375017,-0.881148244437074,0.542201131186547,1.90751734313131,-1.18996541053743,-0.405247183368305,0.182335131726222,1.20870246138951,0.56481058392315,1.64378516190329,-1.4042177598953,-0.737802862420464,1.42370613216372,0.752570648188077,1.62718887180768,0.553977065670714,0.176137140389603,0.823779232712992,-0.192251396352241,-1.62090086308782,-0.824166573731007,-0.225176338982297,-1.30674809008469,1.3587667802081,-0.196038559308028,1.05690041195542,-1.30730849971697,0.645602291036046,0.344429879129677,0.0602578179747006,1.4750301511188,0.559713692667405,-1.14809614212862,0.7783437207209,-1.66928846526993,0.856355809021292,-1.0956490298883,1.8068816540549,0.499452503166646,-0.302975076405281,-0.178650059483375,-1.14589270213612,-0.244165786186288,-0.139032682773328,0.302661857414291,-0.0305170810088271,0.13951541010253,0.160561365699249,0.859292133177011,-0.3304721295782,-0.148337563458052,-0.148774259205624,0.886969241793295,1.60781718983738,-1.30010628585768,-0.370711007397979,1.40815318952702,-0.803001517194088,0.481399142951717,-0.357048093887284,0.0958644614896505,2.10112824936478,0.177278051852203,0.00927104742542068,-1.75225497310858,-0.998507096154297,-0.66563094108636
977539.767727869,982651.738824921,-1.86848236148855,-1.47977029702849,0.0225349532289209,0.131539309657255,-0.319682037130257,-0.546795880426279,-0.364086469401289,-1.65229523721808,0.535314997217322,0.457742588203391,-0.932848629011841,0.482572034515906,1.86503689051438,-1.19856836940056,-0.381310349507,0.207287768788442,1.34966560872059,0.571393415195358,1.63289811944037,-1.3554633496218,-0.708841503588065,1.44642034202414,0.708524891894698,1.62269131508394,0.564513396149148,0.153916942430414,0.824017524332886,-0.185828217701348,-1.56860847247374,-0.815250806274377,-0.218869464372126,-1.31021968768696,1.40232330293203,-0.238150182333232,1.01416538257371,-1.29008719803072,0.649344574787634,0.312247602012323,0.0286739580873469,1.38727335927372,0.470746810791868,-1.21335022992724,0.74936597291248,-1.70064730815602,0.941514528698669,-1.08278917088039,1.80293032937028,0.53270358328032,-0.30130789370305,-0.163200768518045,-1.17468549780145,-0.292305036457925,-0.171222613134891,0.305350681062141,-0.0174518876518954,0.174827264489288,0.121598154286029,0.833831614163708,-0.345074656422158,-0.199923035512679,-0.151680980065392,0.871014962695097,1.56632332391858,-1.27107408783074,-0.358129001586221,1.46472117122949,-0.780348613933902,0.480093666718864,-0.323592230055619,0.0735028023868272,2.15865032976213,0.116322087422591,0.00696762040680571,-1.74526898117743,-0.975512153459926,-0.706237557616491
985688.992642603,982651.738824921,-1.80365495039538,-1.52883455074542,0.00808219397168157,0.181976076924669,-0.350858619297462,-0.55125859541864,-0.327047403772843,-1.51691542286319,0.537332056796641,0.59929260875359,-0.991200064095291,0.434308938178583,1.82181584015028,-1.21387419502333,-0.344053640550061,0.231663061221939,1.49163230229639,0.588552318543886,1.6245847583475,-1.30086041096738,-0.680067829464904,1.46383344377239,0.653669966166216,1.60804379419557,0.561322780586435,0.124579661352451,0.825136475389713,-0.194156264759819,-1.50897009658902,-0.816107042760853,-0.229451260154198,-1.29941297410811,1.42949803295936,-0.246091361141252,0.967942678416979,-1.2591598234411,0.651613662574056,0.275525871023716,-0.00729829381664261,1.2961889972875,0.375982080879713,-1.29519962905875,0.714638491957422,-1.71631229689873,1.02862220628817,-1.08245507015878,1.78807828471287,0.573156953858689,-0.308544588876379,-0.143079478664926,-1.19285045897863,-0.332549154041156,-0.203776234147347,0.312829532575804,-0.0106642889331296,0.21950616706118,0.0749507977927344,0.813851613690881,-0.377875123519743,-0.263926555461994,-0.150786132053719,0.841986367475903,1.52149943596635,-1.23388321133513,-0.350212444885388,1.51747164028835,-0.759367602791201,0.473886530033459,-0.286030228725404,0.0680076664462926,2.21400372894437,0.0665680498775473,0.0144774658418197,-1.73043158505217,-0.954312488955736,-0.757313800100275
993838.217557336,982651.738824921,-1.72581436788105,-1.58169088936412,-0.00705875980428199,0.243295911922139,-0.383273772276822,-0.551316600289473,-0.282654373347631,-1.36023439047241,0.538993843460904,0.763253661011974,-1.05812495804791,0.376042011741231,1.76202916702634,-1.22879203953362,-0.294907564681959,0.262884070535429,1.65659705653292,0.610104749045455,1.61098381237088,-1.23239460559229,-0.643256818438102,1.48263066830943,0.583548975530276,1.58421574872092,0.557175095295271,0.0890343891017551,0.825078110670818,-0.204369933870729,-1.43312671825041,-0.814890112526155,-0.243333289478571,-1.2837620535226,1.45893836481782,-0.249011303393141,0.908665150306138,-1.21541988636418,0.65374268264102,0.22918449647231,-0.0502214278613248,1.17991311038238,0.258490971802103,-1.39337236873986,0.669570345234809,-1.72739662354102,1.13326752955144,-1.08076427097345,1.76314536306489,0.62391945163076,-0.318690686657863,-0.116344268998059,-1.20801613039323,-0.378772200263283,-0.242400916425813,0.322060387202697,0.000187342884905925,0.275679592990104,0.0183896625404069,0.790260837883938,-0.418291227148688,-0.339588718424757,-0.1502333526979,0.803855985481151,1.46410251351167,-1.18376087342459,-0.335757334128341,1.57797075370908,-0.734072250749364,0.464903333478399,-0.240984843897844,0.0632896281785037,2.26945949306011,-0.00133362178147882,0.0241260261688591,-1.70675492759897,-0.930818615056175,-0.82086012049236
1001987.44247207,982651.738824921,-1.65060517328624,-1.62484702562182,-0.0185425095444461,0.307173014592188,-0.416441396541127,-0.525643361960523,-0.249289436531681,-1.22722053417635,0.53172197843968,0.88627139823488,-1.10406089175048,0.3168481399437,1.69870135297877,-1.23164393849606,-0.247459593479937,0.302273189668244,1.80312610493304,0.623137533852155,1.58627703872404,-1.16700024654656,-0.609255074640456,1.49986985066736,0.524879942159307,1.55030831878213,0.572565153052434,0.0628637146708142,0.821436756260162,-0.20959696428859,-1.34954555295755,-0.806164189895697,-0.264673392121451,-1.30746649178441,1.50101871513334,-0.261465908689352,0.847217821093876,-1.16718796643684,0.65367723139448,0.177887399956797,-0.0865400330349375,1.07643207050053,0.152316373904214,-1.46963820533872,0.617195141802563,-1.73476545901874,1.23362307419293,-1.08824598247889,1.7301212988911,0.675997036237416,-0.340079810758542,-0.0808098191428624,-1.207197815471,-0.418433333110809,-0.280848112693463,0.324183333983215,0.0201669379194606,0.324619631926736,-0.0357529978483255,0.773438934194346,-0.451266449526756,-0.385361242024347,-0.164167580675716,0.775710062942095,1.41102937555744,-1.12356092076137,-0.293363280315014,1.63152524652822,-0.727574909473639,0.456157143087558,-0.217562435655352,0.0539844987166529,2.29901158526083,-0.0766981976751523,0.0463728652289014,-1.68509893409069,-0.921447849292413,-0.869982817002418
1010136.6673868,982651.738824921,-1.59779928339816,-1.64977965253156,-0.022462253163438,0.365604041665352,-0.444780406536023,-0.468943392064092,-0.241089312931138,-1.14209109498831,0.513166533239765,0.940110520108674,-1.11409359358327,0.267502559529476,1.64176580934536,-1.22271745175777,-0.207849769536053,0.348083560876907,1.90898035932764,0.624192014001472,1.55351218935064,-1.11947731535817,-0.588568592610085,1.51818826414899,0.491604970639146,1.5097389017386,0.614816651558589,0.0538856904504787,0.814454060740068,-0.209636121195933,-1.27106580544368,-0.792130784366302,-0.295637816647521,-1.39000839075509,1.55683914716771,-0.282136267409586,0.796795440116686,-1.12177884432907,0.651978730571762,0.127129445456302,-0.107339487274995,1.01425306258688,0.0865427777853191,-1.50418913967127,0.564274241468861,-1.73828503952221,1.31893508231113,-1.11176576134702,1.692865017897,0.725792169258481,-0.379819284388147,-0.0395720534259308,-1.18813232753027,-0.44399124941458,-0.315213241218978,0.31708365070098,0.05130928674082,0.358762130499791,-0.0763995266741677,0.77221153465125,-0.472042187766711,-0.377252993726405,-0.201183767928275,0.768226623961255,1.38051197768254,-1.06176611698666,-0.218070257785537,1.67158874677865,-0.752637248595402,0.447177567794662,-0.231083041234254,0.0392167020962114,2.28820358388133,-0.158394520935228,0.0788792781655761,-1.67927221671951,-0.942348344979022,-0.897808171078514
1018285.89230154,982651.738824921,-1.5439290327045,-1.66987191062406,-0.0244422826847584,0.427041087332628,-0.474878895903856,-0.396213515600105,-0.240040998029007,-1.0634878486692,0.487226015556503,0.97401676131601,-1.11079413571302,0.215018812190596,1.57937034620435,-1.20679318353337,-0.167733713128177,0.399826171526453,2.00783208955284,0.61953621915173,1.51225229074077,-1.07146254546598,-0.569548040476808,1.53628207650112,0.463793468816815,1.45992439851596,0.669197647556165,0.0502762994885187,0.804088730606742,-0.206898338211155,-1.18554440637432,-0.774127653862516,-0.333462985643638,-1.50517510355909,1.62103266402416,-0.309651502451126,0.742763683306347,-1.07205040806717,0.648614491772446,0.0701304381185787,-0.124772490069553,0.958384387617215,0.0267695196326995,-1.52577278036874,0.503529369328624,-1.7392197809799,1.4049992691502,-1.14212540909975,1.64811648168044,0.777969884289763,-0.429511597954529,0.007792688886574,-1.15916156731668,-0.466636613657994,-0.350957922939651,0.304711571827812,0.0894360777504886,0.390307831341047,-0.117005382631179,0.775000005846089,-0.489606576701801,-0.348902414850818,-0.250325554818882,0.766284914614745,1.35181842470196,-0.992562155407786,-0.125430768389094,1.70876281210173,-0.791021763974019,0.436768939322568,-0.258949760859523,0.0210071539290595,2.26683593022172,-0.24271435687933,0.123199169451412,-1.67184082589636,-0.968271305665177,-0.913875471348346
1026435.11721627,982651.738824921,-1.47627672653416,-1.68474717214175,-0.0247822561299548,0.501054536518328,-0.511707318530474,-0.3072584038875,-0.237548777283768,-0.965011909317163,0.457860767119873,1.01088682503304,-1.10144488837466,0.15077830124815,1.49501428251731,-1.18047258931532,-0.118438725064851,0.464249425404135,2.12120386080122,0.61418510380029,1.45515967697109,-1.01125407054342,-0.543083232095218,1.55507274055794,0.426561422659271,1.39129403244774,0.736111559237362,0.0477245183421954,0.788923219323519,-0.208009846728121,-1.08801958654912,-0.750317476705158,-0.380994363387238,-1.65005747060682,1.69742601643638,-0.341029700125837,0.673899582825609,-1.01065862098492,0.639971892530104,-0.00220703060571511,-0.145622048361192,0.888279926829246,-0.0449657526493269,-1.54746124812633,0.426046194495572,-1.73341144048657,1.50440762968872,-1.17719962143065,1.58537247683138,0.839661014230645,-0.489384642636036,0.0657745022275127,-1.11532528284838,-0.494643960650559,-0.393461325826992,0.292503045273418,0.132273110119358,0.427392594001489,-0.165170152274628,0.775420612549497,-0.511601444085823,-0.310793995388828,-0.312409198304992,0.764208394760269,1.30996817330772,-0.906325682882224,-0.0141749232873327,1.74783161810421,-0.835447710148478,0.423961980111054,-0.290922876498214,-0.00158079267884789,2.24174996898168,-0.337609734629421,0.179753624302658,-1.65529137482444,-0.988094388706529,-0.927726881595481
1034584.342131,982651.738824921,-1.42166101426896,-1.67040920061785,-0.0171633740418273,0.563753839811762,-0.556987352773812,-0.235197851653985,-0.232812418898582,-0.86547260285769,0.452405892369429,1.03267442521834,-1.08324425539446,0.101967471635313,1.41217603476723,-1.13782982796916,-0.0779331707541517,0.532936786178561,2.21993411482348,0.616425139462312,1.39084285484606,-0.963679332064482,-0.519089841083329,1.57488048341605,0.378227655652418,1.31006392030056,0.804780192890131,0.0549057403369797,0.767500897793882,-0.239791947945361,-1.04530257402007,-0.740509710515211,-0.434216173911893,-1.75676454128599,1.78277741566233,-0.365494257408268,0.613551269147995,-0.971563203557371,0.609234115310263,-0.0757971249514662,-0.165469776536688,0.831193314796388,-0.100402236604098,-1.57076357912519,0.353004162956883,-1.71291663162193,1.59140077409075,-1.20445584007505,1.51117533799828,0.89113609561252,-0.527223962199962,0.124122083034222,-1.05258207062026,-0.529109175209169,-0.421904848504966,0.304870729019405,0.14553559582507,0.454747182598406,-0.198057568828594,0.763398269100223,-0.542878958369642,-0.264696822066231,-0.374024922656063,0.775905969241337,1.24301560825292,-0.830442738591001,0.0800578874085709,1.77449279212288,-0.860516593690163,0.410976604155142,-0.304034398819632,-0.0134539270642289,2.22673779975735,-0.409167671404443,0.224964945634426,-1.63894549825983,-0.984390781817557,-0.94116487983803
1042733.56704574,982651.738824921,-1.3840717346828,-1.63694612159009,-0.00386339218012119,0.612807370631013,-0.602103132964427,-0.182082113609724,-0.227281596236708,-0.778488187419429,0.466431168265865,1.04183301441037,-1.0615763112299,0.0719685018685645,1.34006292991938,-1.08944772939427,-0.0469833799238219,0.597543428872773,2.29972288121515,0.625560897309318,1.32962327984856,-0.931452801280479,-0.498435321827822,1.59502273308948,0.328252453763528,1.23049464346972,0.868708933435623,0.0680242521667397,0.745760753108551,-0.290937588406529,-1.04607653602309,-0.740618861212723,-0.485115528646241,-1.82255482246064,1.86622591011773,-0.380926138548476,0.568428105348643,-0.952472117576839,0.566564122572994,-0.140939172621483,-0.181671723243319,0.79307379710011,-0.134701027192278,-1.59197076090182,0.293116570576423,-1.68620064007077,1.66140747224768,-1.22376006072023,1.43827545084879,0.930975655678818,-0.545665299037419,0.17579948656561,-0.985759247175274,-0.564306107319048,-0.437829387258616,0.333937657460341,0.136552903030401,0.4725428832935,-0.215496489314126,0.745304523637053,-0.577256786567182,-0.218569936489548,-0.428983258557409,0.797270450461534,1.16754296051257,-0.771230876399694,0.152705343510825,1.79025972498862,-0.869921775685181,0.400664463667097,-0.303214566223432,-0.0172251885323617,2.20700906868801,-0.467343111208699,0.252353590074632,-1.63224612004678,-0.980711741165511,-0.954863717227713
1050882.79196047,982651.738824921,-1.34498991308302,-1.59930744121003,0.0114161596187249,0.662925505420295,-0.648835982699589,-0.128166930779128,-0.219930358249113,-0.689441152750129,0.483342507743234,1.05077693875888,-1.03772215974312,0.041916069286046,1.26438371998379,-1.03738343221514,-0.0154161697392186,0.663906926874559,2.38013870265685,0.635567068302844,1.26481217322923,-0.898022419364765,-0.47661496949787,1.61584734849142,0.275577980654564,1.14380512824028,0.934267453738163,0.0825472027182724,0.72299035295071,-0.345784251844743,-1.0491288524206,-0.740257554902345,-0.538156394737985,-1.88493690873968,1.95178796465587,-0.395220806772947,0.521394407299625,-0.933687088846712,0.521593602479828,-0.208452114901893,-0.197998927022658,0.754210224701776,-0.168372598841407,-1.61245332658627,0.231124144956864,-1.65624011120237,1.73279530243529,-1.24067611194775,1.35979101141065,0.971161424680057,-0.560621057079837,0.22962898260555,-0.916393049870322,-0.600189029611595,-0.451691583569248,0.366366613179345,0.126471103659117,0.490876572595935,-0.230600175952515,0.72541107251824,-0.612153323035633,-0.170858163263555,-0.485229617167484,0.820260424683107,1.08566336625176,-0.710179081863074,0.225680851784537,1.80536705597452,-0.875540325771651,0.390513458548585,-0.298869962044945,-0.0176854475581592,2.17214976659586,-0.537941257014028,0.271810624920562,-1.62556049816094,-0.983045450115872,-0.971241465784447
1059032.01687521,982651.738824921,-1.3031987986877,-1.56258913616192,0.030487016981798,0.715775167808658,-0.697586127966136,-0.065315294090843,-0.206418378398055,-0.576588302785769,0.504151597432057,1.06372442505954,-1.00558733805386,0.00582365943729209,1.17543104415546,-0.982317377232604,0.0190353757581009,0.733907176245516,2.45890863394465,0.648882063691768,1.18951366589442,-0.860204332957936,-0.449386295006763,1.6380645244483,0.215557784744826,1.03981112833518,1.00392419397273,0.0870593071580661,0.703620265614164,-0.408905033699414,-1.04998383155983,-0.740190952938,-0.596403082287182,-1.96179324602519,2.04088136216122,-0.410556558428845,0.479036295341028,-0.923476236626395,0.48753146587558,-0.285065866793506,-0.214702946357468,0.70991685866149,-0.202594004709866,-1.62992817911029,0.16370157372627,-1.63221103663519,1.81040421455219,-1.25085612667493,1.26681670907972,1.01284441650763,-0.577197765601908,0.28131447828258,-0.850885127711249,-0.633922665604663,-0.472455409862079,0.39427206721773,0.122229267446065,0.515938662417423,-0.238549179236175,0.684360431056975,-0.655675457644473,-0.132540398814857,-0.543664882031362,0.845292409705991,0.999037791468927,-0.647474443129774,0.30701894828236,1.8135556135788,-0.856663162696167,0.381644465919694,-0.294237761560835,-0.0104235878867822,2.12803481173607,-0.616288141881717,0.303351384044922,-1.62198265006607,-0.989974830669741,-0.985495137652226
1067181.24178994,982651.738824921,-1.2684532623845,-1.54527426678122,0.0530857843720513,0.760468255991278,-0.736142866464703,0.000366249575592061,-0.180022171453937,-0.437021307458847,0.527483047346223,1.08536756215284,-0.965718454705913,-0.0355869359225537,1.08630826019674,-0.938834385894722,0.0497513615877998,0.792889437101591,2.51410122539049,0.666332199109896,1.11436026947106,-0.824300326222607,-0.417844398659067,1.65708822449271,0.158194277797598,0.928213666846559,1.06391303624257,0.0618706381704357,0.700802435100201,-0.469479335190314,-1.04418360816253,-0.742156007511933,-0.649867491111619,-2.05074136848871,2.11528008990901,-0.425489813239886,0.463177158920979,-0.941314438396076,0.495417358132779,-0.357605305943443,-0.229904292099198,0.664921673233532,-0.229131319200998,-1.63602609062351,0.10602950936506,-1.63452329325094,1.88572844070986,-1.24030194746135,1.1688017339983,1.04617715721734,-0.59106400663041,0.312222327812387,-0.816942047085979,-0.652174140906857,-0.509195814624204,0.402072010788154,0.137252411374195,0.549592942935382,-0.226312870225707,0.599894813657622,-0.707582651879783,-0.134974216467649,-0.587984087541635,0.866793666650801,0.93283606837552,-0.599850029274542,0.385035645941429,1.80419505373394,-0.781419843938479,0.378448951175724,-0.290065050557985,0.018689444306117,2.0776301415453,-0.686172274698507,0.355973891772834,-1.62461440960214,-1.00621765790594,-0.98886415400589
1075330.46670467,982651.738824921,-1.23906968582199,-1.53533756271291,0.0748194321284885,0.79672463317287,-0.764818145992306,0.061248581009925,-0.150954272709874,-0.301707423468133,0.550058267173861,1.10740292370914,-0.925510933468815,-0.0760312192654643,1.003198420666,-0.901991821240827,0.0755816212756344,0.840462745425162,2.55084003571496,0.683228748856358,1.0462655563103,-0.792042990808345,-0.387217693818428,1.67282245302889,0.106929285772434,0.820079405064366,1.11275459270268,0.0246239089756398,0.705796008550842,-0.523774307502842,-1.03605072080471,-0.743564105548531,-0.694394717621603,-2.13652577024515,2.17353024694332,-0.437862252089922,0.461495810893597,-0.969718294526201,0.523149472862671,-0.420866824515292,-0.241433728278678,0.624407869521291,-0.2481855991735,-1.63491412442919,0.0594690430541529,-1.64593941700561,1.9495062293605,-1.22086666818044,1.07661341938495,1.07175432588188,-0.602630091070637,0.331177119482512,-0.798881405473826,-0.659558520422543,-0.546360081901077,0.399296082017703,0.159159848947659,0.585093752730069,-0.204568827561244,0.500574439499705,-0.75795946818722,-0.154158121242868,-0.61982101398572,0.884747455269209,0.882745585901209,-0.562021419873008,0.454170651940343,1.78487421745214,-0.689587868285467,0.378669941505129,-0.286523821014792,0.053687689068519,2.02653898166459,-0.74711287655488,0.409410611144973,-1.62867081192835,-1.02501358532436,-0.986936993092305
1083479.69161941,982651.738824921,-1.20552394096814,-1.51882417826314,0.0985457955389665,0.832221123881829,-0.790996464010826,0.123019504038704,-0.120406642687117,-0.168390461680397,0.573263415843597,1.12883700982792,-0.881098804404992,-0.117016783664218,0.913248518435343,-0.860753944379671,0.103366019304006,0.888086736946303,2.58195348829396,0.699043244532148,0.973427360808676,-0.756118691759512,-0.355197137902835,1.68530185765586,0.0538765047227007,0.702756546298079,1.1606910400426,-0.0132829241099124,0.709532864889234,-0.578637241040613,-1.02421121667561,-0.741905317038358,-0.738514712243487,-2.21672241003789,2.2282536933374,-0.44758077906556,0.459975073969603,-0.994605338439128,0.5526965331806,-0.484942883108715,-0.252201966868642,0.58172585587266,-0.265350518839097,-1.62822884515788,0.0116390928913225,-1.65182062390498,2.01020523410227,-1.1977196748426,0.976131340047086,1.09540093513722,-0.612363383168068,0.35087905014897,-0.777581600311149,-0.664646767658917,-0.582288194420039,0.395799572557438,0.182101405914589,0.62071404215883,-0.179636651336318,0.394949841010144,-0.806469585185246,-0.172295863360299,-0.64949812099622,0.901586424017902,0.82821331130128,-0.520251974282153,0.523980797631729,1.76036010833915,-0.59532943096299,0.378308138941457,-0.279546273554268,0.0913691143432394,1.96859950456702,-0.812386246373373,0.454184039476541,-1.62677582934774,-1.04180669950408,-0.984055456512018
1091628.91653414,982651.738824921,-1.18622196247136,-1.49620089281069,0.136442395438117,0.861372014685618,-0.815091243380979,0.173083268049679,-0.0986475614928617,-0.0693139495720358,0.60394792347182,1.15883021742601,-0.826044680989246,-0.15765726875714,0.817940353629469,-0.819205074873687,0.138506102285864,0.945454756140391,2.59701449532052,0.709371273019386,0.910001116328961,-0.719324136152044,-0.335760707374383,1.68943477182082,0.000750865784659419,0.594041406703665,1.21051880264955,-0.0528300512776085,0.707171525668634,-0.638314790992946,-1.01452171122661,-0.739355964921241,-0.792384162049607,-2.24671144630551,2.28641050842172,-0.440462004858695,0.470989015826184,-1.01217371545971,0.599486520937254,-0.540091884850616,-0.265974192147312,0.541781837933847,-0.273624345003437,-1.61248811785547,-0.0330785216205763,-1.65312349422977,2.06656710881566,-1.19057364477379,0.862425226696019,1.10872484227911,-0.618545521932942,0.365186371117752,-0.754028701594435,-0.680316160518456,-0.620699790949546,0.388390402697695,0.199609398748405,0.650553851115937,-0.144262103500737,0.295722002070252,-0.837878185866539,-0.190649805746209,-0.67671801831384,0.916592578025829,0.769035222518963,-0.475178180857443,0.595929161663512,1.73119622793632,-0.501968772986351,0.377535452385756,-0.25678860909569,0.141311676238561,1.88960511627413,-0.870740314696627,0.478498520074601,-1.62066476847809,-1.05113682102617,-1.00402226192479
1099778.14144887,982651.738824921,-1.18845380707998,-1.47379039337769,0.185683218016386,0.881266545209928,-0.83640409025545,0.202866749894281,-0.0920697654154147,-0.0177455648383802,0.641187778930369,1.19650066092278,-0.768846983744347,-0.195372934887544,0.728236936944133,-0.784264032913067,0.176551071727642,1.00915537830635,2.59473536674625,0.711382419759649,0.867566660571312,-0.688946455592811,-0.336683210366598,1.68366938745583,-0.0476312549946434,0.507476042423097,1.25804019188415,-0.0933050559171534,0.697103449191547,-0.701160605918043,-1.01132988100116,-0.739049549629906,-0.854595495663471,-2.21540339434702,2.34456039448155,-0.41904721345826,0.4950776433931,-1.02070797801325,0.661291628282453,-0.580794699648265,-0.283255547385521,0.508980582784169,-0.271216835171237,-1.59402011565514,-0.0681299783576235,-1.6527445532302,2.11214201072123,-1.20684279647309,0.746992766959602,1.10933353521062,-0.624637023462817,0.371946987241775,-0.732940629892598,-0.709320275223254,-0.659033628063546,0.376413592142906,0.208910949889873,0.671977542296922,-0.101638884443747,0.215609472957233,-0.847693898436096,-0.209833857377349,-0.700070772271864,0.928112189246799,0.711699303902709,-0.4321254780159,0.663219465452482,1.69877108072088,-0.422929896377912,0.374621588896567,-0.222719817448943,0.196523172080175,1.79929383917478,-0.894826520291044,0.507161700885131,-1.6150513139779,-1.0451869316663,-1.03508399172354
1107927.36636361,982651.738824921,-1.19495474470897,-1.45215068684145,0.231519180837426,0.894684980389975,-0.852970891102893,0.22390168466394,-0.0905893362014394,0.0138334743048806,0.674449955622519,1.22971823537605,-0.717089146744498,-0.227621238527096,0.64852458932859,-0.754290659739403,0.210163410075132,1.06471036773991,2.58348457288945,0.710303978109115,0.835442224451107,-0.662674362048569,-0.342259646183356,1.67429321591701,-0.0891163551554611,0.43757059399657,1.29714865510046,-0.128466735613978,0.685182472346474,-0.756585844721589,-1.00938079619541,-0.738848067519341,-0.911111218851787,-2.17294484261218,2.39242832610433,-0.395025914551892,0.52000722704024,-1.02636727238107,0.718198730271591,-0.609969995330411,-0.299451962981195,0.481492922408601,-0.264961666614047,-1.57333425976132,-0.0962482904476501,-1.64968350132645,2.14754833839917,-1.22582610135748,0.640904887756257,1.10409983911951,-0.628045976158512,0.375630055465172,-0.71440505386755,-0.736918036151705,-0.692196810007158,0.363311280723679,0.21351738555937,0.686839313083787,-0.0622235072914379,0.149624971089362,-0.849184242162371,-0.226453697343257,-0.718969964617662,0.936278628389573,0.660571307083668,-0.394929526406658,0.718566680912138,1.66755355169139,-0.356858628211713,0.371520660251701,-0.188806302359703,0.247680136100874,1.71700424109572,-0.905920570036092,0.536431511910933,-1.60223044103557,-1.03217289303357,-1.05373149185785
1116076.59127834,982651.738824921,-1.19958578421533,-1.43088335263144,0.272579196831624,0.907388948404712,-0.868175400997425,0.243387760075717,-0.0928392329553045,0.0395844466091599,0.709828790163787,1.26180981907936,-0.668153518580614,-0.257576433464682,0.576606854007831,-0.720751719870806,0.241315577612889,1.1177351090292,2.56707127010164,0.710921221509016,0.814921946123611,-0.640090054201124,-0.350385512495874,1.65917234453439,-0.127503867413954,0.363472382238001,1.33249970304204,-0.15792845156094,0.674500258509234,-0.811238564635164,-1.00966464170007,-0.740690080781395,-0.964473829538062,-2.1360406321204,2.43165425315972,-0.381822372985465,0.541153775270008,-1.03017609205382,0.76522258681947,-0.622454544082973,-0.313527506100461,0.451751101487247,-0.250435895781819,-1.54445161772326,-0.119080737945481,-1.64178908747495,2.18096933389859,-1.24186942402967,0.531620909014789,1.09870770146337,-0.633371683261731,0.386157686755481,-0.693452129807571,-0.756501243894376,-0.719930213422531,0.350254771638081,0.218360961184591,0.701108674997205,-0.0233533166168278,0.0899615009536284,-0.846451899096264,-0.240491410089514,-0.731182995416739,0.946090627096348,0.614109243506649,-0.358847768070808,0.765072634527834,1.63405302932987,-0.297782858976401,0.359774355737156,-0.15808966902607,0.297072678768455,1.63130959924935,-0.918543466301956,0.55794143890795,-1.58658983556401,-1.014948263374,-1.06291316621555
1124225.81619307,982651.738824921,-1.20730954253927,-1.41831809924822,0.300621349574239,0.923004248504896,-0.884837704035687,0.258710390470484,-0.116818595572319,0.0424507573422623,0.761650160412571,1.30082683817995,-0.630166179072159,-0.281885333921427,0.544290476941156,-0.674560969455444,0.266063437878621,1.17216807200649,2.54171930583238,0.721530076574971,0.849614366000706,-0.634431808342289,-0.375453768106555,1.62784240946264,-0.156440584124467,0.26882940406076,1.36208286735355,-0.167131507602269,0.671914803617185,-0.870185159320845,-1.02682510382424,-0.758623188747091,-1.01440521803986,-2.13401785501225,2.45314337740963,-0.418670961530984,0.549999433919362,-1.03647713894633,0.776064360603453,-0.569836783424244,-0.323732151759871,0.410810958858172,-0.204309621673305,-1.48769572176678,-0.122132041380508,-1.62389784554103,2.22347380592351,-1.25579621781726,0.413682438743251,1.09907295538028,-0.654309003011686,0.428274358271694,-0.667311704596583,-0.748945914306322,-0.733982985648785,0.336723682851014,0.22788720430352,0.718280877348142,0.0150681430739723,0.0560495913563661,-0.833322769732167,-0.247995591540576,-0.723010900597752,0.969956019966754,0.590843038155614,-0.327988117439772,0.784305153413761,1.60039403936346,-0.264336754425587,0.307862914037658,-0.143044020616113,0.346095929522992,1.53500182469224,-0.94897632522695,0.541683312178896,-1.57396583243539,-0.988424272182456,-1.05045012434581
1132375.04110781,982651.738824921,-1.21532134805862,-1.41209462641072,0.317494988093595,0.940537990741269,-0.900556705786534,0.270372322045391,-0.156006125242003,0.0275685950688011,0.824666968251249,1.34310401397263,-0.60121248757375,-0.299775635781297,0.545284987448138,-0.619519606509751,0.285212477113215,1.22472551753018,2.50788697763722,0.739198492141421,0.926370882846283,-0.64144376404165,-0.413443486556614,1.58292782675909,-0.176173635274472,0.158018403136603,1.38538223740646,-0.159329029476902,0.674658725880395,-0.930751872683715,-1.05523932630524,-0.788340674981034,-1.05871444478177,-2.1553703947012,2.45786152095072,-0.495791818083024,0.548298066164043,-1.04319728122085,0.758447135867516,-0.468961653707552,-0.3307633354529,0.361351300409822,-0.135278049394094,-1.41228553692488,-0.108923191594705,-1.59748057878544,2.26953218946344,-1.26630508093251,0.291849624798719,1.10389490133884,-0.687554962764688,0.493661401161511,-0.637874243590332,-0.719486521884599,-0.735943738008614,0.323619506661824,0.241619878940552,0.73618973981785,0.0525277450428583,0.0444122401515591,-0.811590311157925,-0.250700486366785,-0.698155269782857,1.0033122287329,0.586411815697105,-0.30147550240124,0.780960576399041,1.56561178024824,-0.251271724967235,0.223762784597859,-0.139853044354417,0.393181339753339,1.43116211397663,-0.990632657041994,0.49659816956358,-1.56190575502635,-0.954597966585879,-1.02125581663783
1140524.26602254,982651.738824921,-1.21989931106562,-1.40333504250023,0.332648310692767,0.956261033439198,-0.913125935022557,0.280588519060897,-0.19497074192443,0.0144746942826584,0.879798229908697,1.37952514740408,-0.574792990452692,-0.314245979516779,0.550668025737132,-0.568619103241724,0.301676871103908,1.27003642274113,2.47336471105146,0.753887629024183,0.994808890400605,-0.645665579047701,-0.447193924411345,1.53910787689748,-0.191570932154372,0.0527938626585632,1.40318223311708,-0.15070553252616,0.677379365359393,-0.982958579422892,-1.07800779300048,-0.814127744844037,-1.09629181035127,-2.17729343704746,2.45688633571178,-0.568394649510184,0.54694664737051,-1.04971986835532,0.73654075635312,-0.377649333004776,-0.335680630903694,0.315408564499388,-0.0736437118653216,-1.34277015223519,-0.0945237391202172,-1.56933035766228,2.30712130149404,-1.2717612272289,0.179243236132863,1.10683499049624,-0.716626469935448,0.554758424443845,-0.609304876067267,-0.690684936755439,-0.735340287706683,0.310893377883544,0.255484673770412,0.753607543842448,0.0844379329684237,0.0371898765303789,-0.789819409866704,-0.250683549088629,-0.673645051421838,1.03318017062201,0.582871394069394,-0.277478878353765,0.77519982467271,1.53277041847264,-0.240332565716898,0.143741727050672,-0.140967060815541,0.434002565405842,1.33292816661582,-1.02994260800551,0.461803699878878,-1.54660048220716,-0.922188419633112,-0.998306166666944
1148673.49093727,982651.738824921,-1.22214940249277,-1.40015580893332,0.357493151455443,0.974901950832286,-0.922447941411375,0.289790368635485,-0.243558918753313,0.0169942561602777,0.909372349060988,1.40237187963988,-0.554494338437973,-0.318971941425147,0.564519604573497,-0.5277738834144,0.306405458808134,1.30898144498917,2.45247455412901,0.767958467726868,1.01367987138798,-0.631697883416223,-0.460829513208099,1.49239366371458,-0.191160525338347,-0.0399244343258572,1.4220871493353,-0.137293052173941,0.674324511908097,-1.03141260703141,-1.08477456145106,-0.84013520271065,-1.13417176748151,-2.21173488101856,2.45199949256632,-0.621876946172481,0.566069960948589,-1.07241218563177,0.717490741390147,-0.317194857465815,-0.340770703550725,0.28749980756351,-0.0208556431037323,-1.28401033782908,-0.0815566821568219,-1.56004839947432,2.31288680774588,-1.28044174135839,0.0881946696833408,1.10993187970671,-0.742259049404064,0.620783462655359,-0.582398006474285,-0.678243345323008,-0.725128780070524,0.306365501898978,0.272350587653291,0.780592808572088,0.106159757611296,0.0501140088437843,-0.77660922752988,-0.233862111955953,-0.666444877040723,1.05767566198638,0.567216052787225,-0.26435282813297,0.770163924546163,1.49730837437173,-0.223955034657365,0.0890811069234849,-0.151291878113928,0.465135728335552,1.24369239536836,-1.08009236852545,0.458128428662625,-1.52071176481178,-0.892242906321104,-0.987840064236862
1156822.71585201,982651.738824921,-1.22274553508917,-1.40740626370681,0.401944824228445,1.00267892332814,-0.931504661806925,0.298431082301317,-0.313903917522819,0.0467540027741713,0.903898395295528,1.40694286655472,-0.540868983334194,-0.309311435093798,0.595492088715017,-0.497137877664392,0.293131117206355,1.34480392218688,2.45389249130162,0.783137500957363,0.959699123529534,-0.586326541209697,-0.443632831300363,1.43666737376977,-0.166092761481282,-0.121641552268545,1.44657567900618,-0.11528709643327,0.662474802689602,-1.08018337674941,-1.06744638428864,-0.870550635923484,-1.1778451784134,-2.2748602947112,2.44407142408015,-0.651541092513723,0.619433230089855,-1.12453129087566,0.700413193414898,-0.296411048007225,-0.347107228602402,0.286390901900719,0.0237316863753129,-1.2349202950228,-0.0699703022268877,-1.57840387652717,2.26874649876704,-1.29796773893537,0.0249039161525919,1.11645887875707,-0.766620982826252,0.703168874180383,-0.555226500291357,-0.69206955160161,-0.69999885790397,0.313980896136978,0.299222566990919,0.82726895743139,0.110574609837488,0.098815040040774,-0.775388684652904,-0.1894766409255,-0.685776491322289,1.07867282746246,0.528288300581134,-0.267943510867398,0.766812222120761,1.45432518979276,-0.198212962466567,0.0698917120603487,-0.181974357435918,0.484124551319181,1.1620506231789,-1.1530910369353,0.476916755399845,-1.48303022320158,-0.864806605363965,-0.971227178238699
1164971.94076674,982651.738824921,-1.2206553988898,-1.41680774912474,0.456216208345729,1.03410615868489,-0.937488502389443,0.307201118722232,-0.398249291070055,0.0892567873831078,0.879696685529191,1.40370760298249,-0.528887733656662,-0.291781825131994,0.633395543060853,-0.469950817957232,0.271369638487867,1.37905769323319,2.46385473630662,0.79841986650675,0.862818255735304,-0.525707594629475,-0.410711785624471,1.37252048947187,-0.128293360449625,-0.2004523648744,1.47397836148948,-0.0887928771650211,0.646223921861828,-1.12893196900817,-1.03687416748615,-0.902364952794642,-1.22458698120439,-2.35102170091983,2.43122151246688,-0.667728251316959,0.690373919755991,-1.19262917589681,0.683752562723492,-0.294245428186028,-0.353660858673098,0.297701186835339,0.0658105406339857,-1.1879669998606,-0.0579757444653237,-1.61074740711125,2.19737953495548,-1.31652863003054,-0.0274806057106814,1.12327482166361,-0.788748137245018,0.794159964098099,-0.526064801444076,-0.717866794688169,-0.665903131082778,0.328665231074219,0.329878823957892,0.884477677025161,0.110299856786305,0.162436769924248,-0.77939300174295,-0.129700330537452,-0.717966197216946,1.09746248245538,0.477755328436294,-0.27831239658182,0.764486855453983,1.40527385220796,-0.166291812626148,0.068181782572999,-0.22046680406826,0.498492237765913,1.07754001251153,-1.25234943559513,0.505660512431504,-1.43149200824579,-0.825983795748076,-0.960316251661447
1173121.16568148,982651.738824921,-1.21531494146417,-1.42185037131177,0.505934290056453,1.06422566598691,-0.945222290007511,0.311917100299636,-0.473357803245704,0.1296297126137,0.853264710817568,1.39770825403855,-0.514559448154636,-0.277560770001952,0.668713571589582,-0.43910398055195,0.249798708657051,1.41056015358529,2.46803221905446,0.81105617685383,0.773087793962723,-0.468865389258475,-0.375635260604239,1.31386244708829,-0.0916627413182969,-0.270485037368548,1.49819571652649,-0.0657766410506155,0.630936917448596,-1.17162699346781,-1.00704057399308,-0.930659429041113,-1.2649630472439,-2.42062558184235,2.41532511352086,-0.68058651232733,0.756098445469605,-1.25174573223387,0.667621204574796,-0.295162140273747,-0.358333422081315,0.311454715243292,0.101466203917497,-1.14453948718724,-0.0475949136675752,-1.63393605205054,2.12442483017343,-1.33056066679139,-0.0739464902015096,1.13041643788931,-0.808926974325694,0.876819166704549,-0.498066641887799,-0.743482155634608,-0.632029031916066,0.341470392264989,0.357294306130139,0.935960244564911,0.104138071146762,0.217713001900795,-0.780321110646464,-0.073268975141587,-0.744285920672799,1.11532703757081,0.428481066081089,-0.287868824062549,0.763103040477238,1.35480293731146,-0.134792779694083,0.0664476481656383,-0.260094013435005,0.511881509096654,0.994915358587546,-1.34884108423643,0.529590965824485,-1.37850815503001,-0.791083297608192,-0.947672225507313
1181270.39059621,982651.738824921,-1.21202882305716,-1.42136147565904,0.543066967932813,1.09327032209807,-0.968733905955101,0.292952541787946,-0.522346999089577,0.14433358015737,0.821424463065258,1.38613556451084,-0.491290839334029,-0.290511263460777,0.710367182581844,-0.372601279630751,0.225887588032142,1.44918263434587,2.44943399915914,0.824100199130643,0.735537592495449,-0.441552318612775,-0.323150753875115,1.29069361784919,-0.0491217607305064,-0.316926698829419,1.51245837531327,-0.0511645422148488,0.608928255425128,-1.19690291910972,-1.0006938422785,-0.959317751396128,-1.30648586729228,-2.51198840625144,2.39170997624223,-0.693614849699096,0.831806726332026,-1.28203851100819,0.656388308450045,-0.299695358602745,-0.332588645377541,0.338169560641755,0.123498071914975,-1.10835522067714,-0.0402563519377304,-1.63678221063926,2.07188417338267,-1.33089470393655,-0.099746064412268,1.13890607543193,-0.838737872014452,0.960908805780735,-0.482274657075425,-0.770902807080577,-0.594345006226254,0.344129623954674,0.35523530509719,0.964735227347111,0.0590789916505008,0.231259058519427,-0.771709942524287,-0.0155221270008375,-0.741068357153435,1.14734647725129,0.391344425567176,-0.298374297843039,0.763115018874621,1.28855897524869,-0.10226117414614,0.0487750176598707,-0.323979525579079,0.542838719455556,0.91025517568071,-1.43253811998017,0.543344025554245,-1.31482109979819,-0.803650320770022,-0.893489045180595
1189419.61551094,982651.738824921,-1.21140742085037,-1.41370142240609,0.569741339792311,1.12204334065022,-1.01121510249028,0.247674623848648,-0.545324313504471,0.134882123527391,0.780514239495309,1.36764204732851,-0.455807008022115,-0.332251440779282,0.761102677273279,-0.265260711299746,0.197502207483975,1.4975946814101,2.40233573393045,0.839736996275891,0.751577942563621,-0.442017447817524,-0.249002004327017,1.30343746188458,0.00228125854918512,-0.341142565467689,1.51664652228562,-0.0429320790761078,0.578013370542585,-1.20495302714526,-1.01830309671493,-0.98953458022318,-1.3496233215435,-2.63363158393881,2.35633499927623,-0.707379584777671,0.922433981156251,-1.2822128906597,0.648339255777121,-0.306755326248321,-0.273106707951768,0.380012311095408,0.135781906853374,-1.07352101581406,-0.0345006747371605,-1.61572400596391,2.0359538540763,-1.31641918894091,-0.107433415446629,1.15135136577873,-0.881635274873203,1.05268621930681,-0.477085894933138,-0.800895956931575,-0.548836525997854,0.334765302574326,0.323127779348377,0.970747005995724,-0.0304468563435172,0.206491097235344,-0.751081837783449,0.0475594071616574,-0.705989240449122,1.1951725154324,0.363634456172198,-0.311338325252122,0.764526566812502,1.19851113940997,-0.0669051918235624,0.0121883325546334,-0.419668680010731,0.593315026642477,0.814435587174302,-1.50850954754238,0.546806067827166,-1.23609610611611,-0.867160375157351,-0.795164368963036
1197568.84042568,982651.738824921,-1.20693138687708,-1.40046714873078,0.595739971655218,1.15039208584747,-1.05480558243831,0.196884345242245,-0.564462743968908,0.120186681911399,0.735885425346669,1.34328251148494,-0.417780818015932,-0.378855491389899,0.813501148374879,-0.150257774588604,0.166505985174282,1.54633347081576,2.34422094553156,0.854026010476263,0.772424356722737,-0.442495886346784,-0.169354872312352,1.31794468337881,0.0575931689556094,-0.362503045135079,1.51747215236168,-0.0357585732110171,0.542708661788747,-1.20919142014087,-1.03685033501103,-1.0192896980397,-1.3933086598608,-2.76775130207682,2.31354271916212,-0.720012268182191,1.01474442521901,-1.27490330877101,0.640206445448579,-0.314306113924482,-0.204300433385633,0.426042555584264,0.146322884345774,-1.03718321863855,-0.0294589629016534,-1.5878306052519,1.99539350442435,-1.29718359426137,-0.112888738121653,1.16135388308528,-0.925397939177805,1.14498694702692,-0.471560560384366,-0.831166941290696,-0.498469980867077,0.323380185387266,0.286264638628869,0.973970251758427,-0.132495633782388,0.174264422992333,-0.726097072897145,0.114621185059227,-0.664148889035375,1.24578510635671,0.334952988127234,-0.324866790595219,0.763990987730648,1.09995516581898,-0.0296630288655258,-0.0285978135128897,-0.522927284545686,0.648166779860494,0.712598369558767,-1.57907036164755,0.551617968955931,-1.15405114280122,-0.934685628824585,-0.687597489112318
1205718.06534041,982651.738824921,-1.21181641402481,-1.37230976299415,0.609216393107036,1.17740445965417,-1.08266489009243,0.157315695522496,-0.58043494846825,0.0878895542697776,0.698418342103347,1.30925156104139,-0.388178508825722,-0.412063814015415,0.857938271245173,-0.0383637423292532,0.130332972553715,1.58843974959067,2.27356732573145,0.867568922856417,0.790488134904242,-0.439411937648846,-0.104078396752005,1.34487146778011,0.107759015689751,-0.380835042916595,1.51969132078255,-0.0439558275217672,0.504291921773392,-1.21822177139201,-1.05834002560037,-1.05036083201599,-1.41382128773025,-2.86579482730211,2.26836693002198,-0.722708795348631,1.08141941506763,-1.27009719300217,0.624791702283728,-0.319895696063667,-0.133007113315874,0.477453903011147,0.16533294348478,-1.00978181258885,-0.0230515765393576,-1.56113339053788,1.95570558203841,-1.28851213791009,-0.136443523764003,1.17658823374882,-0.960820859039313,1.22271862920657,-0.464498269321404,-0.852970631212441,-0.431846151055609,0.296929699491242,0.258447263011065,0.973629091308819,-0.219277398617625,0.161333602343386,-0.696126559119924,0.17794320809667,-0.635403383211649,1.29304687897428,0.307092791021166,-0.351032018712019,0.754945187496525,1.03413371639418,-0.00645115551085028,-0.0689701292630706,-0.593169379856625,0.705936996107956,0.617367637217645,-1.62977802790099,0.556885925649868,-1.10699793932918,-0.995770351844504,-0.594211376943067
1213867.29025514,982651.738824921,-1.23120730306831,-1.32296985821834,0.604153293460279,1.2065750188571,-1.08460462694235,0.137091524426278,-0.599073707020614,0.0222227046862538,0.675676731149942,1.25603277451898,-0.372643638251979,-0.419942056775266,0.89422388866362,0.0725418652631186,0.0874892931882083,1.62335520698263,2.1862490179237,0.879886786248383,0.807353913709832,-0.430194042790549,-0.0620183612309815,1.39260234093963,0.153075971634195,-0.393733374867356,1.52854276189433,-0.0797154571909972,0.459821668908845,-1.23745598485325,-1.08626767854425,-1.0883951631525,-1.40317085009857,-2.9007476919324,2.22400260839474,-0.710451126739671,1.11063772282308,-1.27256208819072,0.597365783487123,-0.322659114621039,-0.0594540773637054,0.541110399088626,0.195047598249535,-1.002194973504,-0.0169661922339205,-1.54117017384805,1.91807853267623,-1.3021661354102,-0.18752441607981,1.19242760805689,-0.979757486256398,1.27742556991423,-0.454945386100595,-0.86287980322888,-0.343016194156761,0.249754047800525,0.24491726650179,0.971704644821428,-0.284225692222014,0.174162126194178,-0.660384291050474,0.238930667393456,-0.632886363592769,1.34124039068068,0.283928814622754,-0.394165890127337,0.731094724009987,1.02856228918468,-0.00579901889690165,-0.108012470999735,-0.605997302300254,0.770686535315101,0.529351610249887,-1.64746707261904,0.55964616551719,-1.09391839528572,-1.0547802470014,-0.520420675125997
1222016.51516988,982651.738824921,NA,NA,NA,NA,NA,NA,NA,NA,NA,NA,NA,NA,NA,NA,NA,NA,NA,NA,NA,NA,NA,NA,NA,NA,NA,NA,NA,NA,NA,NA,NA,NA,NA,NA,NA,NA,NA,NA,NA,NA,NA,NA,NA,NA,NA,NA,NA,NA,NA,NA,NA,NA,NA,NA,NA,NA,NA,NA,NA,NA,NA,NA,NA,NA,NA,NA,NA,NA,NA,NA,NA,NA,NA,NA,NA,NA
879749.068751066,974502.513910188,NA,NA,NA,NA,NA,NA,NA,NA,NA,NA,NA,NA,NA,NA,NA,NA,NA,NA,NA,NA,NA,NA,NA,NA,NA,NA,NA,NA,NA,NA,NA,NA,NA,NA,NA,NA,NA,NA,NA,NA,NA,NA,NA,NA,NA,NA,NA,NA,NA,NA,NA,NA,NA,NA,NA,NA,NA,NA,NA,NA,NA,NA,NA,NA,NA,NA,NA,NA,NA,NA,NA,NA,NA,NA,NA,NA
887898.2936658,974502.513910188,NA,NA,NA,NA,NA,NA,NA,NA,NA,NA,NA,NA,NA,NA,NA,NA,NA,NA,NA,NA,NA,NA,NA,NA,NA,NA,NA,NA,NA,NA,NA,NA,NA,NA,NA,NA,NA,NA,NA,NA,NA,NA,NA,NA,NA,NA,NA,NA,NA,NA,NA,NA,NA,NA,NA,NA,NA,NA,NA,NA,NA,NA,NA,NA,NA,NA,NA,NA,NA,NA,NA,NA,NA,NA,NA,NA
896047.518580533,974502.513910188,-2.98426861985847,-0.915410735602267,0.405236289778161,-0.293921046033044,-0.0633279329869383,-0.384214140401175,-0.957481479834361,-2.78430263119117,0.730937756711906,-0.283165777609937,-0.700024601383098,0.863849791317993,1.81905158561674,-1.04326678763763,0.0719112066613689,0.147298380721816,0.238103118596168,0.798867017840429,1.46007801646949,-1.84159136610512,-0.758076999929151,1.18190341210994,0.600582270057763,1.37235228035633,0.429843037252786,0.397200238210441,0.791074345264459,-0.984137202158492,-1.99123670368722,-1.11589943214137,-0.447242941409512,-1.04977157408132,1.03964774139059,0.415717165350146,1.54046210990518,-1.20883782360725,0.586446807051648,0.363144570456459,0.156211186072511,1.86677171644904,1.24333898352786,-0.833027662914099,0.874124253576734,-1.4239921489148,0.548645503583699,-1.61166235203375,1.17456193036398,0.378353628665503,-0.498653595280489,0.0187948535652386,-0.77652904994027,0.159208868597685,0.149000672655287,0.660268855098647,0.145193779699685,0.0202092529628522,0.522660006777896,1.10712370631885,-0.32241363120526,0.148507205867916,-0.0640700245229918,0.845707015242252,1.83934114645137,-1.03374256225072,-0.529111230508564,0.949638967705295,-0.901084374094478,0.267547712288596,-0.40061058127756,0.43539450766338,1.53394069201963,0.842979807374431,0.122558196596277,-1.82649550209818,-1.31866576158576,-0.456204393559453
904196.743495267,974502.513910188,-2.84803202148722,-0.945350996206007,0.395264251858751,-0.279843121750272,-0.0235889312050982,-0.430742238440315,-0.848471064236084,-2.73675197412519,0.709333658159216,-0.245320443134024,-0.693841577011168,0.872455391949839,1.83811966874609,-1.12064771238093,-0.0174558035217677,0.111991191998763,0.335699153273769,0.782377023418129,1.52722235825708,-1.76684409166774,-0.756974969834461,1.22606163388187,0.624403118658456,1.42515885190382,0.451148262401566,0.34148125909161,0.781499724791429,-0.897507180925404,-1.94147027314915,-1.09201072867019,-0.413635151406923,-1.04021724072902,1.04404251100568,0.39417724600183,1.51594641040225,-1.22348105053253,0.610295312701394,0.376446097702489,0.14303251216736,1.82592906185583,1.19187913644853,-0.859402944951189,0.894370557461695,-1.43280855426898,0.508468806843532,-1.52692009015844,1.26831392356764,0.393486933888522,-0.437511617489482,-0.0571012489310819,-0.829541575191619,0.135398056549381,0.0990331480294744,0.61845945568447,0.126004329949321,0.0309003262489404,0.468054690974064,1.04496541300735,-0.327768395510292,0.0839800726319895,-0.0426836431432613,0.850665827570106,1.82726805406286,-1.15677597482303,-0.549566019511371,0.949869720980476,-0.90196761745003,0.3069275238136,-0.377790366764498,0.398705709422009,1.60901798759247,0.828326112436975,0.0975242318247266,-1.84132248375924,-1.2668205197801,-0.524324218283322
912345.96841,974502.513910188,-2.70876150979325,-0.977995071403151,0.376581423758648,-0.259837191510686,0.011761013092606,-0.471290585926166,-0.747609309318744,-2.67048044154886,0.686111338071326,-0.208804256704683,-0.688614035930911,0.875830281451642,1.85858416923714,-1.18718985239878,-0.106336363766861,0.0815820271760307,0.429772478689593,0.761397097203302,1.58594789011495,-1.69333660404867,-0.757510082832858,1.2654118540192,0.652248999184088,1.47270988977339,0.466566086868924,0.289870342500301,0.774018331488089,-0.801630252503799,-1.88944856470002,-1.0623101949485,-0.381484658739224,-1.03876018392206,1.04584306700883,0.365164513332855,1.48234404617308,-1.23571512023378,0.629611614547276,0.389095562440701,0.131928394973378,1.78729772250385,1.13429529852038,-0.884921451916036,0.909329464822071,-1.43898343385778,0.476642005191392,-1.44216439431235,1.36201862666121,0.406360647417841,-0.385624770220877,-0.126742010245612,-0.879234107554644,0.10913488759154,0.0526002606452012,0.570514987567738,0.100443760086815,0.0430790122750671,0.414446005860283,0.991088942399671,-0.333795105193328,0.0248279709006655,-0.0286127764190464,0.853915688296935,1.81251393858331,-1.26925702264538,-0.561878962499048,0.959001425461926,-0.900864880195201,0.345411388937839,-0.362156700084536,0.361391616770253,1.68194327284615,0.80724127404465,0.0766220783951395,-1.85405847069333,-1.21484214432217,-0.583893552613827
920495.193324734,974502.513910188,-2.59082641067262,-1.01773767744225,0.334773936048452,-0.227361444861674,0.027806659232677,-0.489170989634062,-0.685623851070153,-2.57368280621886,0.665523551287245,-0.183191584435846,-0.691992342775592,0.868950065489439,1.88935477867192,-1.206708916717,-0.175772892164106,0.0703473032112167,0.505303565023215,0.734272606773062,1.62354574757193,-1.64334800370103,-0.767219197546583,1.29362645041495,0.691905204516252,1.50688476782775,0.464903077684155,0.261589851999529,0.777762524268579,-0.696082295141708,-1.85105298947827,-1.02583628224786,-0.358511205418277,-1.06920070193386,1.0456578551207,0.32070734057275,1.43421216189556,-1.24520664824954,0.636202273507712,0.399344391755534,0.12892138019416,1.76982305529704,1.07523017779345,-0.908149553263542,0.910770573292941,-1.44256741977468,0.475219213150255,-1.37685733698685,1.4550652197899,0.412191003384215,-0.372443872568197,-0.163296025199655,-0.912215850883047,0.0811347856884044,0.0248237913171855,0.514576424761952,0.0595186210026298,0.056319162041753,0.373874333130047,0.974372783833654,-0.343612159612349,-0.00692981673932827,-0.0397261012593008,0.855407532280165,1.80176907653542,-1.31900627074283,-0.55104335425751,0.99682579108261,-0.89844521160952,0.376340219638501,-0.37197240526614,0.328518387184646,1.73997239912101,0.742064501130675,0.0533526810392783,-1.85698282852146,-1.18022437109696,-0.618774607329107
928644.418239468,974502.513910188,-2.47194391572346,-1.06886132275459,0.27102184769535,-0.18410276118882,0.0340743641396657,-0.495257754949177,-0.641021830529157,-2.4472344031834,0.642339438351915,-0.161788370478626,-0.702973568830918,0.852826752439483,1.92976396317955,-1.19796504202889,-0.242239488946419,0.0691739374424583,0.578096994495501,0.698965589559227,1.65149987252524,-1.60264501208766,-0.786273027489829,1.316833937517,0.742819911444076,1.53623291496984,0.451057156272857,0.245592359136347,0.788632530279199,-0.572780438402494,-1.81753254819132,-0.981464268020906,-0.340114329017675,-1.127652965528,1.04266162156564,0.258847235329487,1.37000101629598,-1.25540529528556,0.634565689294319,0.408351614377069,0.129817674834808,1.76343286387161,1.00546613272126,-0.934430719416939,0.902837203431871,-1.44631070156853,0.494068432071759,-1.31585519322501,1.55773088391255,0.412740388349942,-0.382804305209503,-0.18318090782184,-0.939580066056355,0.0462038952977765,0.00534921533214752,0.4445597328909,0.0015619334245764,0.0715690435581715,0.336108451738033,0.979553342541067,-0.358018091257067,-0.0255369544930322,-0.0700584339871445,0.855052198437697,1.79139607250941,-1.33097703789092,-0.523829139258416,1.05702583256203,-0.896386386902638,0.405963768485299,-0.401821900645479,0.293661325461819,1.79143303102166,0.644034636701359,0.0490826167014487,-1.83567443149515,-1.14659511120669,-0.614945692173068
936793.643154201,974502.513910188,-2.34163207330434,-1.12726096062786,0.200914557668594,-0.135133529368806,0.0361372063836974,-0.50057396043585,-0.593444426346803,-2.30616771698336,0.616845631632124,-0.132702232639819,-0.717007764277612,0.83061933930456,1.96642328287424,-1.18678521057059,-0.312680460555823,0.0700987777701008,0.659534779512585,0.660418499724172,1.67653809313939,-1.55776366507624,-0.805045762280311,1.34032536953398,0.792552492624165,1.56527908045988,0.43748509798621,0.229194621211832,0.79946588708891,-0.445665408877178,-1.77945809796256,-0.933150800017537,-0.319168044036231,-1.19368674809825,1.04267156846221,0.187819666626236,1.29937479415729,-1.26656914167198,0.632219324871566,0.416071128895038,0.129675638376967,1.75145538151813,0.926777162311938,-0.964453862960732,0.89222446347416,-1.45281137624928,0.519553026051532,-1.24984473273866,1.65965419070185,0.413975340446599,-0.393430673763496,-0.201874399391739,-0.970325707729712,0.0055338201741411,-0.0160072830104788,0.369449171619921,-0.0594542654352761,0.0886150447438629,0.295698745656124,0.983721356703899,-0.371950822199983,-0.0451595102987126,-0.103604729610396,0.854329970118506,1.7766737769412,-1.33966686881176,-0.493207015292916,1.12163992129283,-0.892279740123704,0.436486851445782,-0.433158958819182,0.254466694787123,1.84501787285776,0.537845356359532,0.0541998203708349,-1.80281246983641,-1.10614342125154,-0.598897186009818
944942.868068935,974502.513910188,-2.23090084045033,-1.1849556657313,0.146632171926594,-0.0834170063061381,0.0116048840834335,-0.505686814430891,-0.553871147772312,-2.1785727754733,0.596561482170806,-0.0777168156007335,-0.740437133562777,0.793944352401868,1.97509586040269,-1.18236970013657,-0.36045796912162,0.0769542332823851,0.756827324841115,0.63165203663779,1.68826805017826,-1.52048003863492,-0.808983606606039,1.36554761126153,0.814151832045767,1.58961110024614,0.439676181994363,0.214808901197497,0.80564193757436,-0.358992633494303,-1.7460033576882,-0.896593867210264,-0.294161057858992,-1.24587099838108,1.06754029689921,0.115396583936668,1.24541823622157,-1.28026565908706,0.633394416709265,0.413954778693958,0.121713160435743,1.71922502754577,0.853867954151355,-0.998196672313225,0.879346527952527,-1.47685410071409,0.561859153940052,-1.19957555344878,1.72739333223489,0.421145461789092,-0.396059733382822,-0.210848117611259,-1.00648364687897,-0.0396444559452063,-0.0407406625956558,0.320412158751811,-0.0918536979129365,0.104496389362937,0.262575880207297,0.975050842767037,-0.375173842300112,-0.0670569361440059,-0.129578882451947,0.856600610204036,1.75660709007001,-1.34403538537455,-0.470756047475598,1.18139662074364,-0.882676439751364,0.457599676490207,-0.446853061322228,0.213483732818911,1.90532541489063,0.453248873242336,0.05768769975227,-1.7743338143724,-1.06947703437238,-0.590027150366301
953092.092983668,974502.513910188,-2.13841371205593,-1.24121379729699,0.109970234825941,-0.0266792303774111,-0.0459794312645576,-0.511173942848449,-0.522176216826814,-2.06288728325972,0.581888524295199,0.0109086845934913,-0.776625999732397,0.737284758422763,1.95103733406213,-1.18668057702308,-0.381063726119165,0.0913455481288826,0.87722245824065,0.612844669222467,1.68491704495942,-1.49050743235395,-0.794334672233438,1.3940980578257,0.803017362286561,1.61025132722187,0.460932357850763,0.202045616871981,0.806908067609297,-0.313992224119424,-1.71581406928444,-0.873086726222433,-0.262820597920008,-1.2777681020514,1.12315591346274,0.0386451029556844,1.20819788137369,-1.29686191244762,0.638589650058146,0.399828018093558,0.103951595776321,1.65997078710901,0.783818687441258,-1.03777521754446,0.862405227196624,-1.52183040546803,0.62614944164796,-1.16556099216326,1.76132782609609,0.436091497902043,-0.387891734315633,-0.207647330655369,-1.04967591650538,-0.0935151434955164,-0.0710869734437581,0.301968622385362,-0.089753655067407,0.11992081965643,0.236963823200295,0.950372442348048,-0.364989344659499,-0.0920787851967922,-0.147157273543029,0.862453716528837,1.72812986929904,-1.34156184254153,-0.457077679053531,1.23894004596999,-0.864765766101959,0.468348506310116,-0.437584772308404,0.168325453839107,1.9768977590492,0.38988041548648,0.0564542299629443,-1.75272791234001,-1.0377026228736,-0.594012318397168
961241.317898402,974502.513910188,-2.03422795559531,-1.3051922390479,0.0739484204062049,0.0436094170394143,-0.1279444182393,-0.514850273946495,-0.48533706853155,-1.93013646091135,0.566413888749839,0.126699836775871,-0.822162587641592,0.660785681839963,1.9075347790532,-1.19052326898255,-0.392388626732122,0.112383501251839,1.02550844576762,0.595093665410917,1.67343867170553,-1.45344668476024,-0.767026942673851,1.42828032354366,0.77737756418903,1.63132751330196,0.493207897170694,0.188135594596851,0.806050643394021,-0.274233216931814,-1.6763718011416,-0.846810467726539,-0.222691532428889,-1.30576798109302,1.19810631632331,-0.0551532423007915,1.16935984204145,-1.31292433544309,0.646423552573857,0.378647396877854,0.0796152345734889,1.57597134953049,0.699574461128202,-1.08414184293568,0.840512891599695,-1.58024368995242,0.709823764388537,-1.12870195952877,1.78675051392753,0.457527848242662,-0.373385133750757,-0.197690081406181,-1.100857041045,-0.159888453060519,-0.108130765604083,0.292144566552478,-0.0729618834111034,0.139547181532169,0.209548564702403,0.91456924923857,-0.346746761001883,-0.122936942584314,-0.163306509862208,0.869986339769441,1.68920281993114,-1.33175925787085,-0.441742943908558,1.30555068504889,-0.838083358987492,0.477863340785194,-0.417021109998941,0.113375812915839,2.05373637223008,0.310021469411561,0.0483667046010287,-1.73509005814191,-1.00797773737861,-0.610792860303645
969390.542813136,974502.513910188,-1.92519303667609,-1.37014181889016,0.0388544679587227,0.116619901709654,-0.20721774135624,-0.516890483395986,-0.442884795490496,-1.78645113344793,0.554162286247074,0.254400238236511,-0.871607132399778,0.583339848597436,1.8612221150004,-1.19406984537676,-0.396638157280979,0.136439102948877,1.18056287979944,0.581228760174624,1.66161523306933,-1.40640973964143,-0.734944074634178,1.4618906068792,0.74700128454879,1.64927024955512,0.523180157345473,0.172122353510358,0.806699633984838,-0.237064626633759,-1.62608417414115,-0.820220536379275,-0.185431147696136,-1.32696397912358,1.27050737996633,-0.143774754900065,1.12620777270138,-1.3207446465375,0.654787637825443,0.355225596888729,0.0532619529508705,1.48408250089064,0.606525149256508,-1.13799331394987,0.815373641967757,-1.63398865607202,0.798223382149988,-1.09185355250697,1.80944233768193,0.483917103373743,-0.358615993398475,-0.182467476836362,-1.1487701529122,-0.22702213453322,-0.146459326157514,0.285034000328188,-0.0569248711773281,0.165439770603269,0.177682991738415,0.87866258779712,-0.332729346978579,-0.159325211987242,-0.176387992996751,0.87358250767685,1.64525886967645,-1.31303663865981,-0.425134861033662,1.37376178079769,-0.806912952217883,0.487444700824113,-0.389515183055742,0.0626935463518947,2.11348916087064,0.204668703809538,0.0283622350620952,-1.73102569429471,-0.988205727840287,-0.646919997038366
977539.767727869,974502.513910188,-1.83881612609912,-1.42486935491861,0.0165357527415907,0.175762789996299,-0.258840974213689,-0.517292513938034,-0.403530560535725,-1.65003179616359,0.552304197932038,0.381350149736969,-0.923347135197939,0.527208658965027,1.82450732737217,-1.20097594651474,-0.379953995895275,0.15869665315007,1.32270905377411,0.584613943463039,1.65350260419211,-1.35470643847037,-0.703881017458203,1.48566096791377,0.710197027415317,1.65265800415001,0.535366928727853,0.151452858768264,0.808273229904401,-0.226603518513527,-1.56963874237576,-0.80806608351985,-0.175833749365957,-1.33606281493691,1.31676068628714,-0.18894456145696,1.08812893365147,-1.30878040899205,0.660624200061006,0.327508859943512,0.0228846779688693,1.40177903058681,0.51807121284885,-1.20228153412907,0.788115132441696,-1.66743650887262,0.878386844765111,-1.07862445563067,1.81508579574681,0.51477331329566,-0.356638224042587,-0.161783863092047,-1.1777179058637,-0.273972479331205,-0.17920598128222,0.286232338316423,-0.0496005292105943,0.198367565044151,0.138500535468875,0.853949410934561,-0.342386687081824,-0.209855255252856,-0.180142841147847,0.862549594863857,1.60370885064678,-1.28297711866439,-0.415905878072831,1.43024159578505,-0.782928396674384,0.492205380196091,-0.359961005325982,0.0395880202923854,2.15611935375146,0.118436901793911,0.00605515705761806,-1.72867874666476,-0.969326114464795,-0.691877739492705
985688.992642603,974502.513910188,-1.76295110492109,-1.47637112327521,-5.21737507449e-05,0.227302117572283,-0.290542224119251,-0.518949464502432,-0.364739548094928,-1.51146724502212,0.557154855138524,0.516561648596172,-0.983275038487004,0.48301713864596,1.79026194203512,-1.21422341082024,-0.34881537891701,0.1795676431716,1.4648093227674,0.59918816891748,1.64609994450603,-1.29685703534771,-0.673752474460662,1.50198957458404,0.662979543901913,1.64318762352605,0.532485221260861,0.123109972569839,0.809671384407161,-0.236201213415781,-1.5059862528905,-0.807663564104916,-0.187836091500277,-1.33594869924712,1.34420941744851,-0.201701985035953,1.04707209746608,-1.28238605738724,0.663062923503687,0.292892387482335,-0.0143741393050509,1.31766173504028,0.422821644090384,-1.28387705129074,0.754463881738792,-1.68569862639709,0.956858173626805,-1.0823526248195,1.8075474127296,0.550490135530335,-0.365694513128639,-0.136632741754134,-1.19483297793628,-0.31109490883487,-0.212522845647176,0.29173892521925,-0.05154244533495,0.238327808488554,0.0878723194102611,0.834495460496623,-0.373724273700036,-0.276933992152194,-0.178931398255022,0.836756326615243,1.55785405659958,-1.24372596814423,-0.413074634084505,1.48065849601209,-0.762710262482785,0.491677296140463,-0.326814629711907,0.0353911723028884,2.2095592057349,0.0673273875792988,0.00860747507154631,-1.71045029954255,-0.943440085811955,-0.736092563556184
993838.217557336,974502.513910188,-1.67150448301732,-1.53527027231892,-0.0196825713823944,0.290692058791738,-0.328282084750907,-0.516623037870298,-0.318175465865195,-1.35089428887263,0.561093173543915,0.674049293859238,-1.05416678183774,0.42648589792815,1.74142036710151,-1.22709409815185,-0.308892519627289,0.206288765946879,1.63168849559374,0.61587827571611,1.63208678686532,-1.22471492232279,-0.636183046828578,1.51978709306624,0.60197711214777,1.62590904932609,0.529729271172991,0.0885401444326385,0.809362923714916,-0.247237435122504,-1.42570135757813,-0.804756223897251,-0.202945561020371,-1.33535851756737,1.37556856307262,-0.214938413119401,0.993179010934815,-1.24571559555681,0.664977238471058,0.248414990764852,-0.0600512443917907,1.20785782368031,0.302026525390948,-1.38245972307743,0.710018514392932,-1.7015727607811,1.05108922544247,-1.08474609793132,1.79236086589354,0.594896218230348,-0.377977021325521,-0.104056667609917,-1.21077344236605,-0.356001286041875,-0.253504091029216,0.298068030221871,-0.0518987808123994,0.287778905223395,0.0249221669477828,0.809617508130212,-0.412165918318916,-0.357129646217093,-0.178557453361389,0.803054132155453,1.49779172797233,-1.19154059418383,-0.405242543313522,1.53940634720346,-0.737116928635109,0.489362880492622,-0.28696184206323,0.0308619695726531,2.27320014395008,0.00857638466539408,0.0218327672325749,-1.68115185546673,-0.911355512139829,-0.787130834029607
1001987.44247207,974502.513910188,-1.58701419264262,-1.58588446862235,-0.0361223511551904,0.355038052305147,-0.366484426369116,-0.489884764372061,-0.283865254754458,-1.21821321417443,0.553149345407167,0.789019418088761,-1.10282665430486,0.367781486904997,1.68933505932335,-1.22968041521651,-0.271711423530247,0.240805955479766,1.77695981612513,0.623128326188413,1.60899912438257,-1.15773367168966,-0.604736018486871,1.53675871186629,0.551727215625162,1.59692486413832,0.544320361387614,0.0644195158036734,0.804149649437404,-0.251858348514384,-1.3395918940623,-0.797556008246668,-0.225386400385091,-1.3723349131679,1.41848442946678,-0.238348376207896,0.935977572262645,-1.203926695261,0.665321881150668,0.197641366626162,-0.0993041734998404,1.10954005817971,0.192896384674618,-1.46014099055793,0.657835500861037,-1.71488517248607,1.14341924313666,-1.09635457749677,1.76790071378965,0.640884064586608,-0.400854677547635,-0.0645806772103751,-1.21040536463232,-0.394138565043074,-0.291461495377849,0.295091646727931,-0.0389436669301516,0.331647600347845,-0.0335117932300808,0.792648091397424,-0.443299353166145,-0.405388003598853,-0.192667753017631,0.777917761686382,1.44258082868314,-1.13128612441925,-0.368673118680044,1.5923726061778,-0.732148470648723,0.485630225160471,-0.267831552342085,0.0221261725796092,2.31658773462479,-0.0506511608435318,0.0546828839172472,-1.65107989455176,-0.892458232817744,-0.820022672530345
1010136.6673868,974502.513910188,-1.52709861073268,-1.61977838334365,-0.0459136304938191,0.412781967077243,-0.399092702976458,-0.437291518058415,-0.273571313421238,-1.13037946494804,0.53216804347946,0.843591049548194,-1.1179345064724,0.31588998799496,1.6413951233834,-1.22441398116717,-0.241029749140663,0.280785674167623,1.88346980896273,0.619381540227063,1.5805621209549,-1.10766653565407,-0.590032104979217,1.55597088536952,0.520087751694276,1.55811844418282,0.579176982472692,0.0569826015646566,0.794455006284294,-0.25006619662821,-1.25788276565233,-0.789728472146567,-0.256435757399784,-1.45463079568256,1.47020294886035,-0.264857311522614,0.886356089736179,-1.16206627675443,0.665422422777008,0.145970176738715,-0.124992854927791,1.04288184587669,0.119202915585493,-1.50240413220611,0.604343078802242,-1.72055949533295,1.2258857046777,-1.12028173432175,1.73607780766073,0.686939336092342,-0.438869954076567,-0.0209974266226357,-1.19235081546617,-0.419182409205121,-0.321457202498626,0.283390094445997,-0.0100535060002006,0.36652521490816,-0.0772860316842793,0.790681543375012,-0.464863991857488,-0.402174108460934,-0.225639976315208,0.767970054900861,1.40755190437217,-1.06941064957735,-0.301779787418902,1.63570258804195,-0.753561740380599,0.477696483369457,-0.277995546290378,0.0122775434477232,2.32514419175341,-0.115850835789273,0.0970743212382367,-1.63419804895612,-0.899646861297315,-0.834356901263856
1018285.89230154,974502.513910188,-1.46758793693142,-1.64949476284602,-0.0536432630189814,0.473738896026361,-0.433102594311618,-0.368134788159607,-0.270825537541612,-1.05043688915552,0.502721766453366,0.877928748196124,-1.11850042437311,0.260620532635666,1.58981205637709,-1.21285525504848,-0.209899002240626,0.327365332044887,1.98314081491719,0.609869176232176,1.54584256928148,-1.05751634949948,-0.57917608321636,1.5769551327271,0.494124925402765,1.51001931457487,0.626272578394467,0.0564451405486991,0.781291381993979,-0.244025430934203,-1.16887121220414,-0.779447069911341,-0.294195212301257,-1.56968922409518,1.53108832152041,-0.297863230873466,0.833630062972867,-1.11532751754064,0.665192314092412,0.0878229833735811,-0.146947759718623,0.982379929614646,0.0518892424100397,-1.53223117946895,0.543367539514425,-1.72334676203764,1.31147116733227,-1.15109869926253,1.697325365208,0.736758286392778,-0.486501199668898,0.0293891358696436,-1.16373071335296,-0.440516518467573,-0.350380924296331,0.266053625961809,0.0287164560171172,0.400628022323918,-0.119538541902438,0.794432576721496,-0.48318495954497,-0.376065305383523,-0.27042201599122,0.763833587492507,1.37575871871719,-1.0000446109195,-0.215753263425479,1.6784420681272,-0.788524667648185,0.467768344043487,-0.301700044465779,0.00082757389224757,2.31573665731888,-0.194942219904577,0.14505628910966,-1.61934159299782,-0.917973700598652,-0.843084270953601
1026435.11721627,974502.513910188,-1.39081978652133,-1.6763376234265,-0.0595910526127945,0.549919800206005,-0.473841966806897,-0.280537792276043,-0.263983749088688,-0.948092986207487,0.469146606618183,0.918875171201557,-1.11293618737622,0.192730820788253,1.52065588417332,-1.19052390906638,-0.168464527772863,0.388619710361442,2.10265777086256,0.599923715247664,1.49781565814086,-0.992626275208628,-0.560710826408781,1.6015016348868,0.461005783569343,1.44440182970902,0.687822640318713,0.058549003491313,0.764502010173854,-0.238208512163229,-1.06258762784652,-0.762630954143043,-0.341038755019301,-1.71627591755902,1.60720709575997,-0.335821611423578,0.766120076007455,-1.05404853310983,0.662403210492326,0.0141946353869069,-0.172608547617784,0.906989520238886,-0.0293534826456119,-1.56316459345171,0.466484669908303,-1.7187531735352,1.41567005915683,-1.18567936321599,1.64319447112999,0.798412292776981,-0.543337666350359,0.0942331179295061,-1.11942023838876,-0.46588294744641,-0.384618441189446,0.248798825374645,0.0759572972040757,0.442726387957219,-0.168904645493617,0.798335808155657,-0.504291465808334,-0.339256751888766,-0.326369578185424,0.760332384223196,1.33214421018029,-0.910323577155777,-0.108072434526776,1.72767056264356,-0.828518490614111,0.456894150350786,-0.327299932270849,-0.0111571753428102,2.2782377858999,-0.318887486010768,0.184004957516012,-1.59963678502838,-0.943426206345562,-0.867291343568501
1034584.342131,974502.513910188,-1.32885757543791,-1.66798034841522,-0.053697176774844,0.616083221576762,-0.521624558456042,-0.208139806513743,-0.254030270729093,-0.844614195814201,0.461171487886673,0.946300606769391,-1.09880683157153,0.140935936972995,1.45034235630602,-1.14793842081636,-0.129821116681757,0.459181383659289,2.21411442952093,0.599712728731053,1.43839810841903,-0.943048010718045,-0.539902605832254,1.62765238536354,0.417071788241593,1.36239877735912,0.758298527402329,0.0663629476306103,0.742258374488925,-0.266226284704752,-1.01113387486491,-0.75496088340818,-0.395751744965417,-1.8239939634273,1.69898708132597,-0.365492105481795,0.704773162839338,-1.01431010552823,0.635107268218448,-0.0608648801560661,-0.197414778890682,0.848106009757045,-0.0887677315036474,-1.59299457956612,0.39616358742549,-1.69778348632341,1.51605958564397,-1.21009595111925,1.57395605295168,0.850262957746073,-0.577166124631751,0.162588622348759,-1.05873613021425,-0.499773710148387,-0.411941553959446,0.260825035954226,0.0940747922370444,0.47202680399814,-0.200368757100489,0.789122196345391,-0.532788552113663,-0.295653139125218,-0.386568169923953,0.771812045047729,1.26490429855325,-0.827986998372181,-0.0122234284940465,1.76363494966603,-0.850203546064317,0.444855917837317,-0.33507106467893,-0.00993782306087435,2.22999896312283,-0.433833513250745,0.199145818318258,-1.57696438116339,-0.95797428675208,-0.895387798615943
1042733.56704574,974502.513910188,-1.28791860594198,-1.63565620909849,-0.0409217622371674,0.665675020005843,-0.570269939121169,-0.157020605910956,-0.244396720286397,-0.756125259230223,0.472850090608774,0.958782568936205,-1.08189109798566,0.107487052676928,1.38632481623987,-1.0978453607446,-0.0995092225920809,0.526449119310454,2.30540913968596,0.606060279273205,1.37594686412123,-0.912896918970851,-0.521289223013272,1.65092379821595,0.368852309120207,1.27619574389299,0.825674915036316,0.0762121927987522,0.717606705847544,-0.319074509685426,-1.00813055844492,-0.756605551750606,-0.451367565595075,-1.88535599469787,1.78992300739069,-0.386275546863602,0.65504968232782,-0.99694577304699,0.590514566056346,-0.129222401520845,-0.219867344329905,0.809245395117136,-0.12364214047454,-1.61929067746604,0.338685935256319,-1.66983953074734,1.60012432469972,-1.22546369730164,1.49989892790636,0.887368208911077,-0.590626653086454,0.223181575359237,-0.995939094645212,-0.537683264595093,-0.431976762840109,0.292087856321509,0.0864951043284481,0.486632958379147,-0.215227964435476,0.770046813471951,-0.56529757131714,-0.254021233557329,-0.444533152712034,0.792091590650549,1.18610273702347,-0.76346910175606,0.0617182438249998,1.78412371899308,-0.857088327689288,0.432496634906349,-0.32996461772957,-0.000753886277418356,2.20201057519057,-0.502371647127779,0.215953920967521,-1.56117561017256,-0.958391434850219,-0.909082294763228
1050882.79196047,974502.513910188,-1.24482909837749,-1.59927336709684,-0.0267744113220276,0.716312163518989,-0.621063543569925,-0.104318082775542,-0.233355472259987,-0.665572536087182,0.485491496796333,0.97059374783903,-1.06325621913376,0.0716989493420527,1.31607262644823,-1.04382494503277,-0.068168707424284,0.595296278399027,2.39706693933772,0.611841249302877,1.30723961309356,-0.881266455541207,-0.501202250548447,1.67312661306447,0.317057048179661,1.17934702809377,0.894672578466184,0.0857389143146869,0.69059356034178,-0.375843143591022,-1.00515644336333,-0.756788808862297,-0.510627495354068,-1.94562247341986,1.88206156917466,-0.40692485807069,0.60040265225963,-0.978908030676078,0.542644934718928,-0.201536998398606,-0.243724585529516,0.76764183194301,-0.159043940215721,-1.6444384853505,0.277596610162798,-1.63856565549104,1.68579784661857,-1.23886028962627,1.417393389958,0.924216246552366,-0.602064869280587,0.285793656565451,-0.931088524343849,-0.577268126265357,-0.452027924979159,0.32542432670913,0.0785073856681685,0.500821362389922,-0.228680292782932,0.748172752673689,-0.598223556400685,-0.211478537130802,-0.506001265006665,0.812354769058179,1.0995655201662,-0.6962488018317,0.137052468811992,1.80256980231932,-0.861582501191085,0.418965330827418,-0.322640741212592,0.011229342007319,2.17479723325852,-0.570144809772458,0.237339196247185,-1.54620645463309,-0.956393902071966,-0.920150556417767
1059032.01687521,974502.513910188,-1.20039599052709,-1.56479550570412,-0.00931834410308022,0.768012757859281,-0.672655538275808,-0.0426417567788915,-0.215486800425963,-0.55045727623736,0.502413562080661,0.987624192928212,-1.03706459470607,0.028760533487097,1.23294457831002,-0.986366953943095,-0.0339278702132866,0.666183632706467,2.4850125017305,0.619810879673868,1.229641436545,-0.845883937743088,-0.476335149615502,1.69750182421016,0.258212089905768,1.06068152104691,0.966232573729415,0.0835583337244178,0.668397012921277,-0.440908191735977,-1.00128272933534,-0.757168687769214,-0.575171605335525,-2.02000126134983,1.97560381818005,-0.427484797020999,0.550756682615263,-0.972432739495059,0.511151582047399,-0.281467178805542,-0.268395747068602,0.720365188277982,-0.195231846793159,-1.66589085736105,0.211438692872054,-1.61624979174626,1.7775050944482,-1.24586952672898,1.31977356963609,0.961830199833161,-0.616252726511947,0.344610755115012,-0.874069909358889,-0.612976560289888,-0.478632708823397,0.351978312109483,0.0782072655003855,0.523445637698914,-0.232193453018956,0.702092090413683,-0.639537715070266,-0.180767846317134,-0.567681608841858,0.834351389314821,1.00952389709165,-0.628595658822712,0.220640444077871,1.81288629319748,-0.836553849725916,0.405554646764078,-0.311941178280002,0.0346218450682928,2.14153599088117,-0.643916146213506,0.274292942611498,-1.53960669435304,-0.960311694886318,-0.92873966059755
1067181.24178994,974502.513910188,-1.16464472784037,-1.54169253018539,0.0106306515564282,0.809710156304293,-0.71231262869865,0.0222280428771406,-0.187439138940487,-0.415060872210114,0.524614603167467,1.01232090532639,-1.00245423150862,-0.0148362335307628,1.14574725790213,-0.936137525475138,0.000350954944244897,0.726672605374496,2.54891453777994,0.632569233783136,1.1541844242626,-0.810750650135242,-0.447468776724813,1.72302267155157,0.200151020994952,0.931469383858022,1.02872818551791,0.0625149223100677,0.663353957637829,-0.506953467562556,-0.999713153201654,-0.759833436523806,-0.634137519438097,-2.10577982236438,2.05387329187497,-0.442392596343095,0.527149619690253,-0.988899142412343,0.51963157569078,-0.357098970303937,-0.288926954430584,0.675025389482871,-0.224445829061814,-1.6750876117369,0.150472411667151,-1.61833623013264,1.86235404628814,-1.24121525807623,1.21660624433512,0.994048678669588,-0.635779263994916,0.382266600029201,-0.842756430843187,-0.632843225901561,-0.514688111364136,0.35899545802532,0.0912951547580866,0.557336786098747,-0.217106467753365,0.61955780810306,-0.690021766337511,-0.177260172056284,-0.613148882041816,0.856431692913682,0.935681862755604,-0.575519774370307,0.302337640167826,1.80724256073945,-0.761314402081332,0.395014862507614,-0.295004453315784,0.0727378427178313,2.0960269665904,-0.716186345424454,0.326409899237801,-1.5430621887579,-0.976361322421331,-0.932433391492424
1075330.46670467,974502.513910188,-1.13712421312689,-1.52799052881769,0.0299839030530339,0.841038340192087,-0.739336232372212,0.0816052592288729,-0.156529096555574,-0.284823925882441,0.547062777923281,1.03819954674378,-0.96690948939982,-0.0552032681039096,1.06543515958516,-0.894951039680405,0.0298810676424033,0.773516736522328,2.59006870929967,0.645932922863116,1.08885065661544,-0.779638246079412,-0.419508556976277,1.74565685669697,0.149434631923968,0.80751710250201,1.0780239539225,0.0301627107741225,0.669194729876313,-0.565624064021853,-0.99789644954368,-0.762429668915063,-0.682026544162252,-2.18805346811914,2.11290735486671,-0.452207853853631,0.521951576810214,-1.01834510084519,0.552881975494319,-0.420354845065341,-0.3041465724047,0.635680921631363,-0.245477211609186,-1.6751680805419,0.101038974633473,-1.63341570030752,1.93250389364515,-1.228675489149,1.12107050943327,1.01848105077792,-0.654628774635351,0.403679540709498,-0.830338653418104,-0.639585585070486,-0.551166555106741,0.353261441873664,0.112047854091022,0.594245708688364,-0.191539022327566,0.521212489470375,-0.739259894632356,-0.191946025392302,-0.642713219801555,0.875507124742037,0.881353121186027,-0.536199882436054,0.373417847284421,1.79086383497006,-0.66614004630483,0.387971838749399,-0.276990238203934,0.11617934745596,2.04491844846275,-0.778841779568441,0.380245000758324,-1.54913897922511,-0.996964463843414,-0.934438312743772
1083479.69161941,974502.513910188,-1.10526341669878,-1.50788430103754,0.0514748287070331,0.872113581718466,-0.763883586133779,0.142510371313523,-0.123839718267624,-0.155414728726277,0.570309905825868,1.06334344211419,-0.926616707278858,-0.0958539602881143,0.977979272643132,-0.849580374699149,0.0614695076634258,0.820634043794033,2.62593815935253,0.659127305166389,1.018103456184,-0.744507684693307,-0.389177000083056,1.764901642308,0.0967824752294277,0.67355616925808,1.12685665960052,-0.00269284158768664,0.674223339823467,-0.624447494427059,-0.991918084508877,-0.761607182651866,-0.729507589014792,-2.26573165167784,2.16899828778178,-0.459399161237718,0.516629608193352,-1.0444467216128,0.58729554679348,-0.484544154004179,-0.317871973624062,0.593975758475866,-0.264894338544923,-1.66909265224044,0.0500670524586283,-1.64310652543205,2.00007667680574,-1.21160526128304,1.01673581971923,1.04163387392667,-0.670864212108494,0.425644685595144,-0.814068625086141,-0.643783101420461,-0.586469173918535,0.347185579578544,0.133942223045757,0.631343683613239,-0.16321508559711,0.416364564760946,-0.786922551963149,-0.205543848260822,-0.670410721227463,0.893572172591254,0.822665859826444,-0.49345685590434,0.445440160863344,1.76964131453064,-0.568955382929087,0.38066851591893,-0.25611052569205,0.161835903362461,1.97805525671866,-0.843232990918425,0.432431786656151,-1.54809256167612,-1.01507941480265,-0.942141644773204
1091628.91653414,974502.513910188,-1.08985426869186,-1.48366624071764,0.0869214051178429,0.897381092527951,-0.786823303357983,0.18858622871967,-0.102270216157693,-0.0659920253175529,0.602895197600666,1.09579665244419,-0.874941602754591,-0.135628207758983,0.885968955029068,-0.806120211902783,0.0997944923611107,0.877841871079321,2.64624945498186,0.670084821494289,0.956597125255342,-0.709164671263047,-0.370451217329534,1.77299805357411,0.0436552848547005,0.554613043608471,1.177443916845,-0.0374261971003806,0.673879306341103,-0.685210323032842,-0.988003825081952,-0.759196817892982,-0.78726703506477,-2.28696577066661,2.22964824550162,-0.449537915660575,0.520666334593687,-1.06251610244424,0.634986835190938,-0.538685508064323,-0.330128610176088,0.554800506368552,-0.275552750873125,-1.65133543267305,0.00440203115970387,-1.64926840004194,2.06223143782058,-1.20986736779206,0.898521455132847,1.05411825370034,-0.679907333622816,0.440234964356424,-0.792749429844705,-0.65998028686896,-0.622698511231848,0.336535476654567,0.1459604019529,0.661057164274295,-0.126603457932735,0.321970827920419,-0.816698705346722,-0.219452367160659,-0.697506280510826,0.906633652360538,0.761569232506537,-0.450182020566059,0.516454969822617,1.74375067978143,-0.478732684472102,0.373501407006483,-0.223455882404211,0.214043513409219,1.88844283485455,-0.889448314398839,0.478852587864416,-1.54539161668687,-1.02369282285848,-0.969976136322599
1099778.14144887,974502.513910188,-1.09558300054486,-1.45965449426518,0.133812761931982,0.915502432682475,-0.80776947664541,0.215044234468479,-0.0967802247646042,-0.0230674468940904,0.643989358839887,1.13252895279805,-0.816369268740487,-0.172960436329766,0.796043488781099,-0.769150631598315,0.140320525953182,0.941878432568973,2.64873284185741,0.678176343136126,0.911480972024231,-0.67830155507719,-0.366810690919762,1.76854205306502,-0.00706655889384906,0.465538356537208,1.22656466062047,-0.0757257602211077,0.667430610252076,-0.745551311484423,-0.98814226029751,-0.756627270769052,-0.852993626083126,-2.24886278611084,2.2918930973984,-0.42448714756161,0.535301747946834,-1.07313339044729,0.693572878399518,-0.578473796762126,-0.338858571602099,0.522160866170187,-0.275256077774584,-1.62518034576206,-0.0292476812093378,-1.65324075606403,2.11318796106191,-1.2262748650685,0.775429465513129,1.05389871492285,-0.681453850050835,0.445312068835277,-0.768412756782678,-0.688948449521016,-0.656142092340172,0.320478409812493,0.1448662303592,0.681641400243561,-0.0843876466241509,0.246473936415438,-0.826176706530119,-0.234748496227726,-0.723730335358526,0.913166162629975,0.705224600124283,-0.411080255366594,0.581480022688793,1.71316048988056,-0.404316226727713,0.368375836153009,-0.186039028624947,0.265888677780168,1.79514793719296,-0.907747511749172,0.520048986994656,-1.54566745136557,-1.02063574354157,-1.00166616595942
1107927.36636361,974502.513910188,-1.10576740774926,-1.43729015854817,0.178640832786079,0.929721462737219,-0.824402063130744,0.232367413026323,-0.0972511277743347,0.000558778083330853,0.68412787016957,1.16597169415943,-0.762580017505209,-0.205375203672748,0.715110728828723,-0.736995866569791,0.177069981067255,1.00052450070215,2.64384069779369,0.684962035444748,0.876397230557061,-0.651500111669073,-0.368053388599357,1.75864913114332,-0.0521419595585966,0.392663005700235,1.26922291808023,-0.11066256203822,0.659338252750495,-0.799049295371201,-0.98845062501316,-0.753626956582948,-0.914595417864428,-2.19658944987019,2.34618764909487,-0.398608216907159,0.54996630055386,-1.07911680515888,0.74743604319427,-0.608001743206653,-0.344399231534574,0.493650531159349,-0.27045402670998,-1.59697553880893,-0.0546123199931594,-1.65455596294439,2.15412710228418,-1.2451408457476,0.659418610699937,1.04930277583232,-0.680423757828306,0.447852267186281,-0.744425482536589,-0.71751534012766,-0.683869109390961,0.303714430485738,0.13933076555092,0.69710235777104,-0.0447691024559686,0.185130332140892,-0.827454320262608,-0.248214519228496,-0.746497749342,0.915959044229114,0.655732915790395,-0.377048277485657,0.636041013705105,1.6820304290936,-0.344198337777875,0.362335299744194,-0.15145134187567,0.311326821916849,1.71020662085151,-0.916228073033216,0.552857089499695,-1.54019447563677,-1.01085424892645,-1.02484878371863
1116076.59127834,974502.513910188,-1.11328978503459,-1.41502272026171,0.219071138206746,0.943182330309472,-0.839048699162875,0.248146852587297,-0.101519029660754,0.0192772702390847,0.724992595538139,1.1980685870998,-0.712464213654447,-0.234794805128502,0.642931901324611,-0.70200135134152,0.211106665977005,1.05530472913003,2.63273057281279,0.691968102003441,0.8526214846794,-0.627866983521886,-0.372049999348882,1.74339542079925,-0.0932635696972879,0.315969570917886,1.3068153945597,-0.140475775395422,0.652241892618818,-0.850204219003999,-0.989261377114312,-0.752206195957865,-0.971722824258801,-2.15155590955356,2.39067056806508,-0.383545100116366,0.561524117136393,-1.08323168861986,0.790179051408612,-0.621720846922781,-0.348296505793551,0.463021583899586,-0.25906686768472,-1.56231205059455,-0.0750120480106171,-1.64938078388578,2.19153769458248,-1.26006061730482,0.542724435807289,1.04445701910966,-0.681340659396047,0.456533954184236,-0.71894458614495,-0.738501423120216,-0.707346576122924,0.287191694365497,0.136103234643151,0.711680638232973,-0.0069556300707911,0.130026459295819,-0.824084253039647,-0.259705990606008,-0.762535220813389,0.920706878565032,0.610910953933335,-0.344565642729759,0.681980010089093,1.64910285780955,-0.291236024129874,0.347768795271715,-0.121692943043795,0.354297147115113,1.62608955869787,-0.927863990265743,0.574639449156697,-1.52569730396554,-0.994181301053569,-1.03470281205091
1124225.81619307,974502.513910188,-1.12047950268177,-1.39725308363995,0.250605215523898,0.959245789193148,-0.856149589965002,0.261600921016587,-0.130125954263432,0.0251022684641685,0.773543580045307,1.23816946954492,-0.673975887801609,-0.26100806068053,0.609099196554696,-0.657068386518256,0.238268754683429,1.11140524155726,2.61121958053594,0.700737067957916,0.875181653403646,-0.617935915981121,-0.392616580954519,1.71426819159548,-0.124208530510691,0.219717080701769,1.33543445563706,-0.155368514589063,0.65324789009616,-0.901563931811239,-1.00101441241097,-0.764036145918343,-1.02213724375749,-2.15210956622079,2.41519543653318,-0.413794914228113,0.568398178699959,-1.09062221739459,0.794006150508817,-0.583959190318473,-0.352571705230657,0.421691582933153,-0.22314306173958,-1.50572032184104,-0.0792453518931943,-1.62900073812729,2.23378984092387,-1.2687449786346,0.424385614653797,1.04364735664329,-0.696820551706702,0.493421445869377,-0.688504296544687,-0.735753489796036,-0.7240165097033,0.269891784720886,0.146009151495399,0.733635418679135,0.0257465452952008,0.0947376501914446,-0.812209890377298,-0.263566271333453,-0.75888922810705,0.942508149965954,0.585903745341074,-0.314825332503494,0.706172787632698,1.61898565898027,-0.25964407155965,0.295796079255686,-0.114704074085325,0.396911737932606,1.53636740184672,-0.950626959965083,0.563682722452286,-1.50809687094636,-0.9629884506455,-1.01799607831098
1132375.04110781,974502.513910188,-1.12706215632464,-1.38364881633729,0.274035014817774,0.977649608739047,-0.873827635568241,0.272930933706041,-0.178194877120568,0.0180935846649156,0.830220150372496,1.28421453934458,-0.644627801592107,-0.282676326188473,0.609653880039169,-0.603155818387724,0.260008951770286,1.16718214937097,2.57946187352356,0.712096769937679,0.939200072278569,-0.61933838798477,-0.427685652354077,1.6724345389672,-0.145605837102677,0.104783394205759,1.35641820663798,-0.156004319921146,0.660424522141176,-0.953257745416299,-1.02187834942949,-0.787417640642185,-1.06608106826875,-2.18675232673435,2.42212447191969,-0.48470626130665,0.569713829193697,-1.10036432458545,0.765664046742079,-0.500324968530432,-0.356682939654792,0.370743633392599,-0.165878780258825,-1.43110578381028,-0.0685743960483242,-1.59571188608063,2.27958893685896,-1.2717943062933,0.304433869429345,1.04678039100609,-0.725059805181576,0.554276259792923,-0.654597777943918,-0.71184523015752,-0.733578258655135,0.252375802572507,0.166561883770667,0.759730309689908,0.0554762717968819,0.0783654952843411,-0.791932085190671,-0.261997923248516,-0.737806010426887,0.977826200248435,0.578767925378711,-0.287846735498929,0.710563201677802,1.59005081418774,-0.246454500889555,0.209940764067929,-0.124962094380472,0.439266459534788,1.43838279671809,-0.98869942641124,0.526238458067984,-1.48953319598064,-0.921846040127673,-0.984191114696997
1140524.26602254,974502.513910188,-1.12856207324547,-1.36563534471932,0.297042670813868,0.994238952204475,-0.888211368000066,0.284195331859671,-0.225523258041441,0.0151914418753964,0.878748512704054,1.32539812501206,-0.615625136569174,-0.301918638861646,0.612753683610907,-0.552149222264173,0.27957491431353,1.21837410328807,2.54624199211705,0.720713550932003,0.995013122724092,-0.617560221417419,-0.45815492606956,1.63003757749624,-0.163006159752654,-0.00441562253412612,1.37367253879164,-0.154838255036253,0.668298464612955,-0.997451974253434,-1.03689898580356,-0.805946571296261,-1.10276595804866,-2.22112913640834,2.42315480733939,-0.549841796006698,0.573322815146874,-1.10693014096339,0.734713257752614,-0.425224821704736,-0.358856484664406,0.323253717458474,-0.111988186147275,-1.3595301254026,-0.056943833272869,-1.55969680467062,2.31686316036248,-1.26945338596444,0.190827481253763,1.04824433327915,-0.748593821830848,0.611577515316998,-0.619199017226115,-0.686998618380948,-0.739290642087678,0.236635483702242,0.188101133887964,0.787210200935799,0.0812386808701595,0.065390368625716,-0.771116188195902,-0.255719528321118,-0.715087976650004,1.01137359011397,0.572216413163227,-0.260681356275177,0.714473209321499,1.56233138531691,-0.232434286346238,0.128013301140208,-0.137266303393167,0.477952638575478,1.33328021033828,-1.05303125930183,0.502010421607627,-1.47558818764396,-0.886588424171602,-0.969859300266604
1148673.49093727,974502.513910188,-1.12644672303861,-1.353886674383,0.327480158297282,1.01405791659106,-0.901013903020782,0.293782048731421,-0.275662523477005,0.0273982162360392,0.904295653143116,1.35119993615355,-0.591631159023918,-0.310860188552429,0.623867644929182,-0.510430382647835,0.287268499805591,1.26195864104988,2.52518695111829,0.729373290565481,1.01027026904755,-0.598266160977876,-0.469657392863794,1.58496976180505,-0.165569745892219,-0.0980489813172501,1.3927114357249,-0.147740026846421,0.67089497797455,-1.03887826707278,-1.03730831291792,-0.8246355261455,-1.13646793907419,-2.26038197843556,2.42030230402197,-0.598626981542094,0.592469143383342,-1.12430964800053,0.708919751917899,-0.376491471747573,-0.362304396021717,0.294273837147758,-0.0655336909328538,-1.2984185682463,-0.0470674736334091,-1.53927390667258,2.32141753070157,-1.27209477585646,0.0991385757807077,1.05203863960799,-0.769436088939865,0.67126520484412,-0.58597472379839,-0.677016517284843,-0.734390834699846,0.229714708016076,0.213363506652869,0.821348990629085,0.0959292305720175,0.0740379178432415,-0.7567429245238,-0.235690060333359,-0.70658441083041,1.03923611974337,0.553768482248837,-0.24431505409146,0.717970834767459,1.5310117295059,-0.214249713994948,0.0704012589393715,-0.155846299463833,0.506559958442534,1.23507253077614,-1.12729238819857,0.49842943419493,-1.46025546804476,-0.862129849177582,-0.964492951211578
1156822.71585201,974502.513910188,-1.12178554676565,-1.35618537502571,0.374980368510353,1.0435850132396,-0.918506436002609,0.301051754916067,-0.338658522929787,0.0681609416371661,0.894580455213993,1.35416510723636,-0.574379946418718,-0.305475773195109,0.651065237075247,-0.480204677508558,0.274079385647257,1.30088028520715,2.52677876682287,0.73943646414015,0.960423724040349,-0.547645760243995,-0.45116362549889,1.53062457258474,-0.144709462073303,-0.174089352823116,1.41940493732068,-0.130587199302221,0.664784341664611,-1.08484083010515,-1.01619364194619,-0.849591903465654,-1.17256886456171,-2.32075141959266,2.41493743008948,-0.627335250145866,0.640313013740939,-1.16486952426155,0.689380899207683,-0.367156956457153,-0.3711473103419,0.294485824358177,-0.0265268389112926,-1.24913507479869,-0.0410683672422626,-1.54517603343366,2.27082678756743,-1.28973052083146,0.0364132008735222,1.06287102105891,-0.791851851200247,0.743394181535936,-0.554328638073494,-0.694663754823416,-0.713086708549828,0.236214119773258,0.249837230853093,0.872344796718756,0.0894590931658559,0.122253369908043,-0.753848891391919,-0.19161500470155,-0.723062830744394,1.06300456918734,0.509208500338177,-0.246446174709927,0.721505023989701,1.48987833473077,-0.188491948486487,0.0486388739927917,-0.192524134028668,0.521261179980529,1.15290812771521,-1.18691961784392,0.516305456160186,-1.44019108810815,-0.855427678623009,-0.948311047535949
1164971.94076674,974502.513910188,-1.11515691007079,-1.36361981892397,0.432297875068674,1.07875022335702,-0.938685607571973,0.307568252133967,-0.412126996379339,0.123148495047783,0.86852753478157,1.34653848545449,-0.557927811038745,-0.293110969039316,0.686837136071867,-0.45220811513414,0.250749636076962,1.33962235699824,2.5363481458934,0.750714138216806,0.877548563322871,-0.48058054798446,-0.418183289319808,1.46641542512617,-0.112196281556756,-0.248404285904466,1.45039394925376,-0.107568632277696,0.653816833833872,-1.13570856300502,-0.984234129783392,-0.87877371979661,-1.21166533503667,-2.39360982326708,2.40641043037228,-0.649427868175886,0.702558597913568,-1.2178775958937,0.670685046578457,-0.372858042522528,-0.382397006872653,0.307270343579574,0.012316912259011,-1.20075915250344,-0.0361345130507234,-1.56120569423095,2.18969591140032,-1.31425895942642,-0.0184090508506276,1.07701198878064,-0.815850569712631,0.824763111450114,-0.520940778985522,-0.724859588943744,-0.682722920889704,0.248946413628743,0.29317679934919,0.932631503355078,0.0733152404466626,0.190268301373494,-0.754723000940565,-0.134646400263491,-0.750999466125073,1.08599319151192,0.448946014340072,-0.256544340395704,0.724487367931105,1.4395605716638,-0.157567838701891,0.040801821111731,-0.240089288604619,0.5308413455564,1.07048732593036,-1.25997043454123,0.545811887570749,-1.40379006763488,-0.837859584574521,-0.93147045622751
1173121.16568148,974502.513910188,-1.10782991597124,-1.36811150060426,0.485064371599819,1.11150043509177,-0.960763597476053,0.310127317442753,-0.478960272020872,0.173648972298758,0.840497023003935,1.33555763259193,-0.539555570160944,-0.284791895257139,0.722017860249778,-0.418977426469715,0.226835506449758,1.37689818544035,2.53913055961505,0.761366640900364,0.803136196866346,-0.419560629538972,-0.38227296401682,1.40774890684766,-0.0798245215047612,-0.316603306624897,1.47685437393995,-0.085980830463832,0.641444864214595,-1.18139070618704,-0.955589734714771,-0.905319085288477,-1.24693317750911,-2.46613760986778,2.39419225383056,-0.669269220355174,0.763177480646075,-1.26315543552036,0.652185936375029,-0.379072170034997,-0.387905391790735,0.322180621708732,0.0482637242567266,-1.15371296886361,-0.0317296876009102,-1.56963849843479,2.108484588052,-1.33538320714756,-0.0688417890799767,1.0909650921593,-0.84037009652413,0.901769336848872,-0.489564765107305,-0.753715799139953,-0.651661850187754,0.258466824295481,0.33124320000315,0.985815971934453,0.0501137435176877,0.251681032043611,-0.75282624799835,-0.0797710219302188,-0.772468447391444,1.10903135952393,0.389601738731203,-0.266693757845657,0.726968692465132,1.38597979117067,-0.12729012647157,0.0312846403176425,-0.291683759670942,0.541540415653164,0.988226773496191,-1.35346232952472,0.575256906615694,-1.34955781979096,-0.803861345447851,-0.916781242337377
1181270.39059621,974502.513910188,-1.11084066966786,-1.366898334374,0.520686735562765,1.13768106891612,-0.992655989709363,0.290043783593548,-0.519187633010631,0.193480029130286,0.804534077011498,1.32459224744875,-0.512389127572876,-0.298787379440269,0.761460328864647,-0.349104671272561,0.201250367415933,1.4192503827089,2.51463039033951,0.779113789986326,0.774794931204293,-0.395050373179173,-0.328841598110024,1.38935185451164,-0.0403550528361929,-0.360960062244054,1.49162650216307,-0.0696500715008841,0.621629362886822,-1.20785244881054,-0.953328324689474,-0.93125755949381,-1.27828276105457,-2.55333148474234,2.36957047642013,-0.683435950962927,0.836233421233552,-1.28573203264726,0.636863249727806,-0.383099397461996,-0.359164432358622,0.349227091788368,0.0790715215909102,-1.10941373169701,-0.0241491292727885,-1.5625174442476,2.05372679584612,-1.33904960149745,-0.102520740468243,1.11188635671726,-0.877285491168813,0.984563498688284,-0.472442183547072,-0.780347319782171,-0.612200776103138,0.254163845841677,0.334371019894373,1.00955232739816,0.00187526389179395,0.278754040545121,-0.740987557184498,-0.0244557552344344,-0.766100289196656,1.14116950486605,0.347906946507753,-0.282426373824821,0.730400816799216,1.31717524077353,-0.100108454321444,0.00678791683564875,-0.360372257477497,0.569361957808826,0.898846415782083,-1.43877348846882,0.587628187255361,-1.29069342497185,-0.822036681006899,-0.86815500899308
1189419.61551094,974502.513910188,-1.12220402906911,-1.35917357029933,0.542862084191205,1.1587622142806,-1.03653637478603,0.246837619336199,-0.534907355351809,0.186811942489944,0.758945346024495,1.31142779994454,-0.474942251625418,-0.335310415099575,0.806759377835987,-0.242951593771539,0.172457982341999,1.46806245708919,2.46086919779065,0.803476663047924,0.790435557649428,-0.40147793691334,-0.256538357858637,1.40680317523095,0.00742743469162096,-0.383879396880517,1.49535703959938,-0.0571325878086727,0.593198800086491,-1.21626365656105,-0.975150174998673,-0.957307675360502,-1.30706856153465,-2.66121679265393,2.33073976384068,-0.693543439552618,0.923320321651703,-1.28509915612917,0.623543094004044,-0.384948649279552,-0.297122297081811,0.388812588514929,0.106114045302712,-1.0643384498478,-0.013755047090721,-1.53790584990705,2.0195484335643,-1.32595902092449,-0.121398433199239,1.13940072824404,-0.927413457734455,1.07547998503904,-0.466941911758542,-0.805750023493766,-0.563126774134866,0.236480686795099,0.305592707280321,1.00684856866987,-0.0758047890391455,0.275138666293634,-0.718374055246553,0.0341689507610894,-0.731786910438911,1.18337457033889,0.320041832142935,-0.303508277077654,0.734569497158689,1.22809397962413,-0.0736649914259751,-0.0338585046181834,-0.45150136285432,0.614262794070821,0.799295746711622,-1.51563110016824,0.587562808352598,-1.22577037672475,-0.889890354218202,-0.782233802419218
1197568.84042568,974502.513910188,-1.13787908605367,-1.34662420810779,0.562231564593817,1.17783944805042,-1.083777006026,0.19485246226063,-0.547325687214364,0.171965042958967,0.704737733509341,1.2953748252228,-0.431724340867438,-0.376634035891076,0.854474449091296,-0.122822036090204,0.139528080339026,1.51915788812794,2.38950079523552,0.831736885936947,0.81190560500342,-0.415095817424839,-0.176034207620639,1.43193445810668,0.0608004678572293,-0.404549669544261,1.49541155319343,-0.0446967365718879,0.558887277115057,-1.22058633187233,-1.0034730368159,-0.985195349454283,-1.33381805934735,-2.78033099029089,2.28003375359665,-0.700807446178754,1.01689038354696,-1.28112982126163,0.606585550937821,-0.384241516595563,-0.224569752875138,0.433754000771748,0.13715610248562,-1.01364541965699,-0.000672645733714106,-1.50690631019644,1.9830408325035,-1.3070308360165,-0.14205900671468,1.1702011019842,-0.984758155697913,1.17304028828978,-0.462551441823816,-0.831575045937697,-0.505574572441435,0.212874288820362,0.266486693769805,0.995396465760123,-0.163216549998033,0.26779145889299,-0.690562982610045,0.0977649053391906,-0.69062672823829,1.22778587652171,0.292956617463456,-0.329287734538459,0.737552372948363,1.12438601525747,-0.0466134141225032,-0.0814290149782734,-0.553776199250704,0.664277176324839,0.696749550803183,-1.58627953988359,0.596155186505223,-1.16528979960844,-0.966618263134789,-0.672321997224308
1205718.06534041,974502.513910188,-1.16017311102317,-1.32448087025471,0.570484149975881,1.19625544201869,-1.11755596834122,0.151480121785733,-0.56436230709473,0.139359575424197,0.655647670088504,1.26715587367307,-0.394930320214203,-0.402239816664669,0.89757818781115,-0.00629164616765738,0.105521232684851,1.56408516097996,2.30716853561041,0.858244821984267,0.833899837528459,-0.427436619317628,-0.1107008652015,1.46506181064246,0.112422568111008,-0.422164606999196,1.49794536988018,-0.0457537888593482,0.520537473970476,-1.22903979464807,-1.03543736926821,-1.01751522083938,-1.34758585371841,-2.8727805241065,2.22711426831366,-0.699576171399507,1.08940765775027,-1.28143231075546,0.581099930933783,-0.380013782386226,-0.154824974036851,0.484131387359485,0.17202790175165,-0.973720862501371,0.0111010299657529,-1.4799986197766,1.94488297258236,-1.29884518800091,-0.175520848265351,1.19308765326782,-1.03252043031796,1.25332930691466,-0.457265910651346,-0.851457019475781,-0.440990441899689,0.181277497863167,0.231736130147152,0.982104975009432,-0.241822609179821,0.268828955600084,-0.660848280061989,0.159328237697793,-0.665865445682343,1.27151315684894,0.270803921176036,-0.358911071928619,0.731071823576951,1.04562243370061,-0.0323022289229799,-0.127755576588154,-0.6307618490559,0.714506630604245,0.61280159268158,-1.61609238529492,0.618622747353885,-1.11977484103765,-1.0324109291273,-0.562113043954574
1213867.29025514,974502.513910188,-1.19814736225893,-1.28869810651541,0.557407937998816,1.21690913653339,-1.12451988972655,0.127917637832358,-0.598009934704931,0.0684323506143874,0.619838057064829,1.21470726717128,-0.370453139113924,-0.388968992560947,0.938292709324905,0.108928142116767,0.0742419319839608,1.60240469823084,2.20912959758415,0.884559203166183,0.863521728875407,-0.438671794304893,-0.0755475527974266,1.51888711602547,0.165099097710519,-0.434705217116991,1.51271473856604,-0.0728096311766477,0.475218531417858,-1.249704215086,-1.07918988955749,-1.06319761814228,-1.34209018858523,-2.90777030671155,2.17627443630742,-0.681228900732989,1.12855033532789,-1.29499025148414,0.537768132177178,-0.366003586483281,-0.0927884277343595,0.549486467742358,0.214154546860027,-0.957896342548978,0.0198392742975092,-1.46545062527429,1.90738428423277,-1.31792890179453,-0.234694781362458,1.19389039444031,-1.05899754509959,1.30273376578131,-0.451455157353426,-0.861804440942,-0.368175713722617,0.138098140797398,0.205467118495359,0.969760980673037,-0.300145284745638,0.283927390353028,-0.629816257948886,0.220305292892759,-0.678684133456994,1.32071649613752,0.265064792485482,-0.389663219340827,0.706125207114606,1.02528011296439,-0.04551362325487,-0.169781531317076,-0.652436545924371,0.76619005456423,0.546772297259648,-1.57560844129081,0.646857558411657,-1.06936672392317,-1.09300121092709,-0.47025022951068
1222016.51516988,974502.513910188,NA,NA,NA,NA,NA,NA,NA,NA,NA,NA,NA,NA,NA,NA,NA,NA,NA,NA,NA,NA,NA,NA,NA,NA,NA,NA,NA,NA,NA,NA,NA,NA,NA,NA,NA,NA,NA,NA,NA,NA,NA,NA,NA,NA,NA,NA,NA,NA,NA,NA,NA,NA,NA,NA,NA,NA,NA,NA,NA,NA,NA,NA,NA,NA,NA,NA,NA,NA,NA,NA,NA,NA,NA,NA,NA,NA
879749.068751066,966353.288995454,-3.21641421559307,-0.891755198050433,0.456143333519806,-0.269985436591701,-0.1598777299309,-0.242021550594609,-1.11613177578773,-2.82187707555167,0.747739837128421,-0.369660400161387,-0.675606653791013,0.814913098617653,1.77618573220027,-0.928891423061661,0.235037822038145,0.246765107349153,0.128960826000842,0.812898106690786,1.32838751457158,-1.98371031002445,-0.743536029621419,1.12226042056073,0.526642298234165,1.31484426348456,0.384354777807975,0.436908726278527,0.775337921980668,-1.17084101705781,-2.01388834701962,-1.14258556500788,-0.568702121558767,-1.08652070814949,1.00163481100184,0.394521729547272,1.57606782176809,-1.15106255023548,0.538749561221235,0.346795633991853,0.180494331343852,1.92622767816499,1.29304471423487,-0.750816908694278,0.873135450231759,-1.42633249128791,0.623634055880099,-1.77758185675096,0.93211383684491,0.377046173834305,-0.590015620840257,0.144687145085032,-0.681471192754227,0.184517244362812,0.237244005909787,0.707585542574583,0.170692190520345,0.0356915193610965,0.651562580125359,1.26629364503788,-0.311005707739271,0.268843720827862,-0.0990412423169584,0.853719693501315,1.87212860312248,-0.85029879961615,-0.507962441805494,0.944822773011003,-0.915479734867833,0.246268869066851,-0.49950814544249,0.511267202732558,1.41690789157155,0.805957575735099,0.16960098252887,-1.76030203741633,-1.40451103079891,-0.325133301175881
887898.2936658,966353.288995454,-3.14154318062311,-0.896863023610039,0.443877615120994,-0.261347526332194,-0.128583152121688,-0.272946538045914,-1.06284392482933,-2.81280977110292,0.737069850398946,-0.348672319448487,-0.681696425296652,0.817342994147186,1.79015458560113,-0.968166225289208,0.188414977476855,0.217808159858766,0.185587832866887,0.806677610306728,1.36930564047651,-1.9401637459377,-0.74965927123516,1.14911827731621,0.542046195989548,1.34122718982802,0.398666460562727,0.420627859571109,0.776998202040652,-1.11602559665036,-2.00193143911915,-1.13385525767531,-0.539378361778378,-1.08784511469279,1.00085635983372,0.392360969374533,1.58054136438786,-1.16368466717519,0.550979543331446,0.350307959359541,0.167733272518345,1.90660245450904,1.27256838841702,-0.768683316534073,0.884642159306076,-1.43007416969693,0.610033744244555,-1.72379961701756,1.00771376393742,0.378625106071619,-0.561385932963747,0.101449803950279,-0.714841940643816,0.167152612551667,0.209249797601853,0.691114935055286,0.160824540240247,0.0413678526810426,0.61501539707928,1.22807894032903,-0.318878890946359,0.228680622155308,-0.0910475492677043,0.853938975459361,1.86603152341484,-0.906455448376155,-0.515288164291429,0.955100990745551,-0.920340266432133,0.264358248193176,-0.481061562824121,0.484834198695967,1.45459261973561,0.791104547327624,0.150573049807182,-1.76944030955418,-1.37519378815705,-0.372924152957001
896047.518580533,966353.288995454,-3.01786071736659,-0.912665832446239,0.430970381499108,-0.251132559707999,-0.0828354702365871,-0.321288636103552,-0.971285384842124,-2.78455681638173,0.715884205484968,-0.312384788657428,-0.6849202701873,0.825473294902316,1.80734651338723,-1.03401558940306,0.111478806650818,0.174938951622199,0.274434619420992,0.80090729131948,1.43475649078228,-1.8682819957225,-0.754477811436605,1.19234703285225,0.56803016695071,1.38889419642999,0.423041100484866,0.387354586254525,0.773950403406693,-1.0324534010995,-1.96985848811332,-1.11398707654182,-0.49876294484011,-1.08524712550474,1.00142118025057,0.384048878014823,1.5742911303436,-1.18187513532361,0.574942985379538,0.359490633821154,0.152476606263314,1.87424783611898,1.23370392046921,-0.795469838105086,0.902935556814935,-1.43736737741364,0.577378549011588,-1.64272301186028,1.11322304381898,0.385221819623722,-0.514910623553457,0.033805516872508,-0.76427419247387,0.142501275728609,0.163925405734126,0.657480688945004,0.144449281344764,0.0504033860137572,0.561594895690751,1.16756632276111,-0.325269964693145,0.166124508908146,-0.076101937665321,0.856006637114998,1.8607875249426,-1.00691340500821,-0.530534745264486,0.961950195435406,-0.924932475573879,0.296208849238095,-0.459489865651561,0.446598453138565,1.51509296963704,0.766402514336675,0.119368626119204,-1.78596062121641,-1.33367581358664,-0.443732446470255
904196.743495267,966353.288995454,-2.88644605458596,-0.927912750932518,0.415183700838645,-0.241900177803341,-0.0370273733078668,-0.372763368832268,-0.879422958456843,-2.74729780632175,0.691236383069486,-0.274211519988566,-0.688001099470568,0.8328330369141,1.81918294126844,-1.09978511801835,0.0302542993379916,0.128832616712861,0.360140347093654,0.795114464433579,1.4963306030245,-1.79073283733017,-0.75850451636741,1.23257904861998,0.595321871524066,1.43308731997295,0.446903889699605,0.354588350924053,0.769210669269208,-0.944621826881415,-1.93333217044226,-1.08970568121083,-0.455360759361613,-1.08195469561511,0.999782863545863,0.374915577989104,1.56176836414747,-1.19997839453947,0.598582082843217,0.367882878779291,0.137227091058843,1.83793074283685,1.19081148868298,-0.823135511248051,0.91745421361706,-1.44220686985885,0.540524680871139,-1.55815605158941,1.21615808277346,0.389787577791394,-0.470918149992539,-0.0353691269522189,-0.813711715165902,0.116959914456655,0.116455464361371,0.619484196778792,0.125908298175274,0.0582514784240396,0.504686617618802,1.10184164667296,-0.330456624801727,0.100785191660476,-0.062748954174476,0.855300444630571,1.85263156994998,-1.11202669034377,-0.544623767525266,0.966425608166538,-0.927303586699325,0.326237415373054,-0.43878942720889,0.405573945670555,1.58291853290318,0.772955400048414,0.104643421168166,-1.81238211679975,-1.2889301280522,-0.503852145918548
912345.96841,966353.288995454,-2.75274835427809,-0.948478437136406,0.391911456248079,-0.224206505274644,0.000108879187072877,-0.415464715051372,-0.793037856862345,-2.68925718159958,0.666555052616555,-0.238948850104955,-0.689615986593584,0.835809020983924,1.8321023160437,-1.15425053905411,-0.050142543217462,0.0904235104616982,0.443849167598059,0.782988145660138,1.54978366892413,-1.71646269997455,-0.761976112529469,1.26970806339946,0.625404565892884,1.4729911566864,0.464287229606294,0.320670665419393,0.764957898693921,-0.850529559089864,-1.89245180552959,-1.0591582702957,-0.41491056774554,-1.08711286567777,0.996713068295749,0.355765071186175,1.53828569898936,-1.21429471007822,0.617489972085068,0.376478546857607,0.124548527929748,1.80246358805399,1.14236438795491,-0.848221580474257,0.928244918996158,-1.44494746789928,0.509591200266304,-1.47564909888661,1.31429584985534,0.394914940199435,-0.435446179453035,-0.0983691613200505,-0.859355959083902,0.0908112435569127,0.0721546581230321,0.575109089014569,0.101013194563291,0.0678132123774554,0.449680734676326,1.04541398466228,-0.336690541804933,0.0418226516987142,-0.0556467306532639,0.854114345179166,1.84162411244781,-1.20789145859207,-0.552510261893392,0.977795873915101,-0.927134945856322,0.356602984828422,-0.42529441905543,0.364318630441405,1.65419996822819,0.776159794034371,0.09221400393823,-1.8395526048039,-1.24389238924224,-0.557278099484588
920495.193324734,966353.288995454,-2.63222434316922,-0.981512861853043,0.348699142267107,-0.187357495924319,0.0124884629540618,-0.433095686707366,-0.733466139102702,-2.59253047466518,0.648267190086707,-0.214034232801697,-0.692786018834922,0.833433716426688,1.85390748675503,-1.16633383493767,-0.116874008929537,0.0743928124212388,0.516833513557538,0.761745550128517,1.58733045069041,-1.66215417380389,-0.767126304088775,1.30324669470254,0.66719306191754,1.50397117988397,0.46703784172013,0.295192926071687,0.768469021515505,-0.747286432481774,-1.85639181659271,-1.01751654946203,-0.380325320770534,-1.12158328931622,0.995674794744862,0.317959926643119,1.49650880255181,-1.22273520286368,0.626376126690745,0.386215262994999,0.120977488520577,1.78163134688409,1.09338192804022,-0.867720632571744,0.930664438444011,-1.44448584683354,0.498672313538656,-1.40978872518972,1.40870363703508,0.400880857788573,-0.433972168746934,-0.133966414555364,-0.889903120157863,0.0681201044195098,0.0420839993883056,0.521544792744167,0.0617765460961854,0.0795986906894734,0.405447914878301,1.02150469583672,-0.346484809858029,0.00784569078985604,-0.0683693464349102,0.854370052144187,1.83406624075284,-1.25799475904754,-0.542588720865132,1.01225966537616,-0.922002232565868,0.383740468825004,-0.432008749154484,0.325954237816878,1.71691812239283,0.717487356201435,0.0568961366352997,-1.85481642733484,-1.21314373903208,-0.605240374975973
928644.418239468,966353.288995454,-2.50873087612572,-1.02950802595662,0.287339203350313,-0.137431652493043,0.0121748515934535,-0.439163685072429,-0.683786513244073,-2.46690108352549,0.629000918076443,-0.193751503283582,-0.699725029940402,0.824752580507908,1.88392417035717,-1.15797420947334,-0.185397014514048,0.0685475754494985,0.591935903544202,0.731192404156708,1.61923113266599,-1.61587762380349,-0.777485096378089,1.3367471317133,0.718290961971664,1.53361616331976,0.45984985675875,0.270973887381713,0.775793058010226,-0.629669864148066,-1.82108991146446,-0.967636006935354,-0.34946308584307,-1.18239738372123,0.993623974402632,0.261569678048916,1.43887726194945,-1.23134382325859,0.629015953894799,0.396264472540653,0.120588929119717,1.76721081786857,1.03494539430258,-0.888915682568351,0.927852695046955,-1.44594611438177,0.499695424988572,-1.3478771086003,1.50976803104692,0.40611604525087,-0.452294368952981,-0.159263203185538,-0.918093005595856,0.0410481032544919,0.0158798491896024,0.453870200636949,0.00690145309356875,0.0935916635307976,0.361996146413086,1.0148955937598,-0.361424829087371,-0.0168745269205077,-0.096284760427347,0.854658987563055,1.82711304389181,-1.28735163874636,-0.522390062770734,1.063723919889,-0.916912209559791,0.412139096899736,-0.455585446889755,0.28410433592368,1.77660196281168,0.625061800553188,0.0430356159296414,-1.83654583248578,-1.17813058739849,-0.612406888808898
936793.643154201,966353.288995454,-2.37588599571368,-1.08510004351134,0.220372505900027,-0.0834078707365341,0.00615109603064876,-0.447521097984059,-0.630734169692495,-2.33104213342416,0.608890140626639,-0.166217679203765,-0.709752883693232,0.812900675797754,1.90755767156449,-1.15127916633795,-0.260743536549535,0.0622553826376593,0.673807945597066,0.697742817465792,1.64927848213223,-1.5657990282681,-0.7861113692835,1.3718424445226,0.766816435936469,1.56248686909382,0.45413458539178,0.242258685063961,0.78177683687635,-0.512027001217787,-1.78282957608696,-0.915303171181933,-0.313529456569441,-1.24920990133825,0.995486100566075,0.198850322314261,1.37565163854472,-1.24281561113853,0.631614080543146,0.404792749964525,0.118252496928946,1.74474235095337,0.971285535635639,-0.914817630299153,0.922637146107503,-1.4504812441433,0.500743263265461,-1.28246906455693,1.60878951179901,0.412825900183259,-0.471898442330565,-0.186462983947008,-0.951556185460011,0.0101675920982473,-0.0156011387564883,0.382318515235642,-0.0503806361080685,0.10736243230718,0.313239123904382,1.00240732339943,-0.376826848481684,-0.0452039913421922,-0.126302238239896,0.854156078552852,1.81576958569299,-1.32295323805545,-0.502999756754698,1.11535676529854,-0.909243719659002,0.439541682382261,-0.476738843668883,0.235856269156425,1.84079339541653,0.539472205342407,0.0558838907487115,-1.79512608452304,-1.13033200616261,-0.589508051948965
944942.868068935,966353.288995454,-2.26252011403229,-1.13711393165508,0.165192820769538,-0.0328711097789489,-0.0125508013077612,-0.455600994793593,-0.590425079076271,-2.20898241625051,0.591486426734155,-0.116596109218074,-0.730822274460312,0.786044805197932,1.91173221445416,-1.15267776799159,-0.315378966043934,0.0625870299116478,0.763289014123071,0.669245630386294,1.66438105721852,-1.52655027125236,-0.78950095821013,1.40089965448281,0.789256746299266,1.58720989183884,0.456443259171251,0.220629441715572,0.786762651652291,-0.42838731274061,-1.74977149311793,-0.87835274580767,-0.281764314487758,-1.30157647937244,1.01295854586617,0.137002611301322,1.32347943572816,-1.25768910595665,0.633071662367045,0.404803407774092,0.110765372558865,1.71135151410605,0.908058822174349,-0.947087936002974,0.912185409782993,-1.46652439830672,0.524242798923056,-1.23159819518433,1.67956457662665,0.421371953930548,-0.481913254850178,-0.200236901416396,-0.986928452206725,-0.0314319899866212,-0.0465545818316111,0.330983954273309,-0.0884436070275065,0.121789848206403,0.275285852571489,0.988581269041834,-0.383819860266222,-0.0686870458746757,-0.15327432434076,0.854856057028306,1.79822263435087,-1.34255682446815,-0.487300376058085,1.16501667812009,-0.897970373116274,0.458574617770024,-0.48607703352933,0.190489612315177,1.91112038556827,0.474711109156332,0.0733075319765974,-1.75323093878631,-1.08380407084503,-0.566224596731388
953092.092983668,966353.288995454,-2.16622054245728,-1.18570696347658,0.124767148778303,0.0183574974489325,-0.0528284942225114,-0.465460918921444,-0.560054003622313,-2.09859868627164,0.579521119900754,-0.0344358266342401,-0.765712405541292,0.741579090495595,1.88884489264885,-1.16592219917761,-0.346269819745961,0.070526336822228,0.870710109618239,0.64754841308662,1.66510024160856,-1.49618901273536,-0.780789391955441,1.42953596762663,0.780778167151096,1.6096801674873,0.473266035645663,0.203049135251404,0.79007550583689,-0.382751403237935,-1.720460635192,-0.857070267681203,-0.247315443680761,-1.33066323269916,1.05610910707213,0.0749233556683719,1.28406017175833,-1.27705578256138,0.63618183396128,0.394678899659744,0.0960254928791052,1.65767845979002,0.845843969783849,-0.988415404755227,0.896292827595167,-1.49816523538942,0.571634652373742,-1.19540469459556,1.72190162386479,0.435844946536899,-0.479003647657076,-0.199926334788675,-1.02729302103482,-0.0854105542045129,-0.081445797126813,0.306420857567628,-0.0989670312980889,0.136907026894776,0.246564978283648,0.965662760048453,-0.379040193206859,-0.0901145711044572,-0.174363415704322,0.858441513720383,1.77249041949357,-1.34970323447407,-0.478387770213229,1.2133567925162,-0.878356927045584,0.46801568131404,-0.473720663601661,0.144196308989202,1.98962843008433,0.426326495397842,0.0866806314139555,-1.7222168728366,-1.04556711119275,-0.557811950027375
961241.317898402,966353.288995454,-2.0585760439338,-1.23816323727769,0.0843024263228443,0.0803166888324206,-0.10759567275339,-0.47418043608704,-0.526329899492711,-1.97315303199153,0.567804901001803,0.0736641764793382,-0.809921817718288,0.681018181635398,1.85055789862577,-1.18147021311255,-0.369652159748486,0.0851146744748642,1.00188933396827,0.625574390845163,1.65902797346368,-1.46040665305352,-0.763162339890893,1.46227216971589,0.759316636183007,1.63471025876588,0.499396499952563,0.186586556686754,0.794180080049194,-0.340987706043092,-1.68294572747008,-0.835000893764747,-0.20508871890849,-1.35270386972915,1.11595854075694,0.00139155236868652,1.24251126798966,-1.29735944755449,0.640959195485051,0.379808118750028,0.0774899319809671,1.58563016921703,0.77155672095181,-1.03775813690232,0.875758599189025,-1.53829805601213,0.638715888504123,-1.15545566380821,1.75987304422835,0.455966397636455,-0.468075348571884,-0.19096521188168,-1.07341791720471,-0.153904004530578,-0.121695010290974,0.28926566957605,-0.0986120710501674,0.156945429499955,0.218637576646775,0.936938994483746,-0.366223326753028,-0.112059440732534,-0.195413239061094,0.864348540394122,1.73809339980888,-1.34623961106612,-0.466960038594069,1.27052678772803,-0.849268084459664,0.476937632491875,-0.449832258954442,0.090588731053877,2.06417667670385,0.35103068635264,0.0902423963270349,-1.70741686269599,-1.02074785489335,-0.571164776476774
969390.542813136,966353.288995454,-1.94053439419403,-1.29045183924046,0.0451761495772536,0.147669376482772,-0.158198982446304,-0.479383093669808,-0.484165160323823,-1.83275670224828,0.559944789518086,0.194287550268539,-0.85598743668894,0.620780296234526,1.81155590398443,-1.19396067736778,-0.386629777737003,0.104180560049291,1.1422448210146,0.607522135948761,1.65392158900789,-1.41224316551395,-0.738289087801918,1.49569295397723,0.73643436644583,1.6588808711272,0.525680416372876,0.169784453210644,0.801026332242781,-0.298068536019778,-1.63237711099533,-0.809494861775991,-0.162905342433747,-1.36858635380625,1.17635085520685,-0.0684259224142043,1.19736499158564,-1.3091921262791,0.647557462228564,0.364517638914936,0.0588768541569179,1.5079061278732,0.689662088047329,-1.09208763814997,0.853522280044571,-1.57326760611821,0.712299531150061,-1.11279415378664,1.7979831339217,0.481615673423066,-0.454356788463005,-0.175305445011901,-1.11494909663664,-0.22257978652649,-0.161651528631064,0.274507804064795,-0.097849922710511,0.183720481084836,0.18778644531605,0.90943016801803,-0.354399569751042,-0.137504673793242,-0.212582009364527,0.868735896892445,1.69954033686842,-1.33296227971882,-0.451925015268206,1.33104995322742,-0.814841181057927,0.488596508311663,-0.418260447186021,0.0407934849827808,2.10437706445166,0.225666351284163,0.0702657840099185,-1.72476471220554,-1.02128322926388,-0.619322098812668
977539.767727869,966353.288995454,-1.84209421649909,-1.34103768729338,0.0233886893770692,0.205176848576733,-0.197121324622244,-0.477332816542191,-0.439741500640269,-1.69828599502659,0.560971852358996,0.311691906546341,-0.903655567807562,0.576075154971402,1.78629579413611,-1.19860997837433,-0.376344548072682,0.124406065568086,1.27715898406451,0.610595890460244,1.65142263155215,-1.35750806164274,-0.704038612702215,1.51752056050617,0.710768817233634,1.66812617005182,0.537932383610495,0.150491912766621,0.805743104643783,-0.286963070469607,-1.57539530323718,-0.796740234945796,-0.152826358616757,-1.38486954511456,1.22132717342805,-0.113692996171661,1.16229605291673,-1.29955034000306,0.652597236112029,0.339844878689519,0.0325417271287349,1.43955126043106,0.608525784294511,-1.15333194736908,0.82898216829577,-1.60762210208319,0.783241227855755,-1.10310683181424,1.81378868478152,0.507821193114189,-0.452251719324391,-0.152113898306163,-1.13714366315561,-0.265079456140996,-0.191992523162832,0.269493661558611,-0.0991000839075128,0.213194706547248,0.14807258319304,0.890956408001656,-0.362478365803213,-0.186532510074756,-0.216474356036992,0.860957208346908,1.66064732743639,-1.30669283729456,-0.443761234091289,1.38222547334626,-0.797348341612017,0.500843465469009,-0.390049127036087,0.0168655200426452,2.12600040948448,0.121618584766746,0.0262596640690896,-1.73846738714339,-1.00459965672982,-0.666000511507148
985688.992642603,966353.288995454,-1.74863102423556,-1.39622183151428,0.00554846922278657,0.259866550779686,-0.232076126094318,-0.474512264483321,-0.393032820841934,-1.55944350539189,0.564766339023595,0.436713039006129,-0.960077977793809,0.533740601123968,1.76129825330502,-1.20374070429653,-0.353050677973584,0.144315862546649,1.41780795764726,0.622332054475587,1.64682647781091,-1.29626432260368,-0.665581330235835,1.53229786741412,0.676401770929632,1.66630539917762,0.539874547034594,0.124365513329661,0.807506574483201,-0.293761219321047,-1.51176214806215,-0.792096670906982,-0.161151769766231,-1.40156442098795,1.25693701037601,-0.147536655005418,1.12433150745173,-1.27867596337729,0.65422892001196,0.305198828705192,-0.00307953408951327,1.36460722694654,0.51523415615587,-1.22922445440605,0.797128849242797,-1.6421373687966,0.856264771593384,-1.11049693358516,1.81632459206207,0.535422230433146,-0.459205153369531,-0.12485760058462,-1.15210753024458,-0.300689566142344,-0.223483325027796,0.26666854118977,-0.105636923041745,0.245810913562863,0.0960118344137691,0.872850556866366,-0.386213070176778,-0.255592971716751,-0.216435272075777,0.84151752420385,1.61369396229612,-1.27254270359202,-0.440910977818972,1.43008446342081,-0.787198531841667,0.510705107566652,-0.361587300914018,0.00363943855943157,2.17309238616306,0.0633426263649456,0.0140746474961739,-1.7226993880095,-0.969378445956929,-0.699340829523959
993838.217557336,966353.288995454,-1.63542417412373,-1.46300391399853,-0.0175423732715409,0.326280320083049,-0.27632442028716,-0.468650974436093,-0.336744379339169,-1.3973379226714,0.566240232327935,0.582854951989156,-1.02860218243433,0.477663838167233,1.72395879521901,-1.20708853626533,-0.32391278604095,0.168509815693765,1.5831417247807,0.634163552532751,1.63550596187344,-1.2198369203798,-0.618147984459509,1.54676923674724,0.630708166135701,1.65801165153568,0.541295762723726,0.0909404318860511,0.806355431539503,-0.301808828478275,-1.43089694518205,-0.785129692776261,-0.172478557350277,-1.42213125057482,1.29817781811777,-0.191022829313826,1.07238322370037,-1.2503098556586,0.654042669740187,0.259180792720656,-0.0484354889598766,1.26447852650547,0.392970753878796,-1.32346257504441,0.75329041350136,-1.68096355111636,0.943584595009491,-1.11803301477042,1.81340862323996,0.568244035281334,-0.4682052241897,-0.0901633331926523,-1.16749624955805,-0.345056746068956,-0.263054584024251,0.261122576812783,-0.113195107065271,0.285061879931503,0.0291797492672142,0.847668862468912,-0.415527330494327,-0.341668926570511,-0.217515307570848,0.814718704813766,1.54918603215258,-1.22722251870837,-0.434747038979238,1.48520893950828,-0.774274594754338,0.520474858318674,-0.327470477400314,-0.0133026905758076,2.24469430381317,0.0149007046176165,0.0310406888245179,-1.68492155398643,-0.922769706995759,-0.729573557383291
1001987.44247207,966353.288995454,-1.53733508236148,-1.52051150305933,-0.0380798766880047,0.39012972581618,-0.318788188137476,-0.444479591114066,-0.298223422581342,-1.26157676945443,0.556399988191363,0.6910722148774,-1.0787379253259,0.420855055119298,1.68139289285923,-1.20541758415767,-0.295503851918283,0.196854595659729,1.72618205982471,0.637132925054146,1.61574305478771,-1.1504383152099,-0.584607763176225,1.56310266594787,0.588260809066968,1.63669163042172,0.553325053358338,0.0655606027722517,0.798529391642817,-0.30568549118531,-1.34362560942043,-0.779855150058475,-0.191712340950813,-1.46785859834533,1.34292399491497,-0.233908571301158,1.02000356403187,-1.21806384074445,0.652902835898005,0.208110099193462,-0.0878658038241259,1.17109534791964,0.280687263638286,-1.40260899123698,0.702730289214113,-1.70669065235182,1.02951616994911,-1.130534102644,1.79918246197966,0.604398514442968,-0.488304445956115,-0.048094403268768,-1.1712473940528,-0.382763364409711,-0.299215040130666,0.250134102458811,-0.108198820595741,0.323004231929135,-0.032488629063875,0.82888625398667,-0.442599699171466,-0.396542688069925,-0.231281117426302,0.793893519302729,1.489503955509,-1.17356869664409,-0.40510150404782,1.53653560011745,-0.773442680548372,0.522004476419046,-0.310904114335486,-0.027464461628593,2.30597639140139,-0.0252142920497716,0.0766603574871839,-1.64392567903694,-0.890520014361012,-0.743063722755207
1010136.6673868,966353.288995454,-1.47041754229959,-1.55997274186238,-0.0520175743218623,0.444362980774227,-0.354189056065438,-0.39675351904026,-0.290380689733696,-1.17307485283613,0.532291821053569,0.735967113470747,-1.09456087944944,0.37250839492517,1.64359545771788,-1.19894216960471,-0.272673810023257,0.228425156731535,1.82771487725805,0.627699162723294,1.591365380908,-1.10051834675131,-0.576413432883326,1.58492338865726,0.560064388753613,1.60380200597947,0.582232002668396,0.0571995948121344,0.783851443373493,-0.302575605725557,-1.25867025755908,-0.779826543214641,-0.221014637278437,-1.55305146954001,1.39299400273123,-0.273002978776891,0.978143855314217,-1.18749098184999,0.652900091222715,0.156943646003614,-0.112472536797619,1.10753180233848,0.203085888725853,-1.44898684742254,0.651041154411637,-1.71460948268701,1.10708995167776,-1.15177727160434,1.77607565697014,0.642450702354512,-0.523372965985873,0.000808970915169567,-1.16014856268124,-0.405332060676501,-0.325059253798651,0.233217528370952,-0.0844770293505452,0.355176759508791,-0.077069205184383,0.825148984032803,-0.462563380254918,-0.394238668019261,-0.263061731787132,0.788657332518588,1.45070760106386,-1.11692303425814,-0.345143304440409,1.58097735469727,-0.793969980543429,0.512794432662201,-0.3237894894549,-0.0358550601949431,2.33238708327796,-0.072995913882803,0.131017886783259,-1.61885818743604,-0.887324056407818,-0.740104369886118
1018285.89230154,966353.288995454,-1.40489825715745,-1.5934761615522,-0.0638257157201967,0.501706108283397,-0.388811963147214,-0.335076639782214,-0.290904526207998,-1.08873779886473,0.501144245507492,0.765963867631619,-1.09794842339162,0.322212238323671,1.60107123558238,-1.18793520294074,-0.246887245195148,0.265414565691473,1.92465616383609,0.61399488110684,1.56167098633938,-1.0493937550535,-0.574126541963748,1.61054349586147,0.533149315310917,1.56183385629688,0.62008643784523,0.0547205777267827,0.765446432009339,-0.295907394887975,-1.16453607369241,-0.779457506841829,-0.255995741342544,-1.66183197958478,1.44830812270215,-0.311650063244948,0.935364889037543,-1.1512915753234,0.653711226138781,0.100578902688779,-0.133440481238774,1.04633397420255,0.129867192687775,-1.48657231089381,0.593153063974546,-1.71239509088833,1.18920613843177,-1.17595905208538,1.7456452097291,0.686148746709573,-0.567011255993367,0.057714625189534,-1.14017929231938,-0.423741878394649,-0.34916524394248,0.213930378123005,-0.050632427249749,0.390185819301471,-0.119505399662626,0.826571654290282,-0.481500009487314,-0.370358641051767,-0.303809326949567,0.787832487577093,1.41469092989096,-1.05119437849777,-0.268510652100003,1.6269134191899,-0.821330262516883,0.498844421433402,-0.346474614696457,-0.0415400176904933,2.33595977125581,-0.144301229855685,0.181232095194022,-1.59817395717854,-0.896668727958154,-0.740663532114654
1026435.11721627,966353.288995454,-1.31852159574842,-1.62661364773836,-0.0736095293236321,0.575796212798075,-0.430926480870776,-0.255901514844079,-0.286578275055509,-0.976596724428279,0.467621415321367,0.805576788117776,-1.0960953044204,0.261317022824667,1.5479082909367,-1.16424477724034,-0.210344879080828,0.317312911856898,2.04718940476725,0.599871915337556,1.52326581484956,-0.981706823737945,-0.566995829105745,1.64518482221131,0.499263838866414,1.50493338199632,0.672018494418526,0.0554034609111867,0.743029040456646,-0.287593301050666,-1.05006426267225,-0.775841367201188,-0.298806969112377,-1.79396369020744,1.5231329077022,-0.356943624241226,0.881894834136464,-1.104305298868,0.654903336772996,0.0304658802912486,-0.156933279035113,0.969759042690302,0.0385378951512785,-1.53070369863443,0.521276761487272,-1.69939630521395,1.29580873497874,-1.19864562988015,1.70502888708781,0.7426206793805,-0.613626124126809,0.135172228777718,-1.10767694898033,-0.444116585908491,-0.374468760564483,0.197715532524998,-0.0072114229374955,0.43626411772126,-0.16721982461577,0.828041600137839,-0.501848220355775,-0.335285494032747,-0.352441040994424,0.791681032463162,1.3651122642171,-0.963487477061805,-0.169957140649179,1.6854939130533,-0.847048786313645,0.483048128666335,-0.367003068972337,-0.0397202742557893,2.28729394865337,-0.299169379244324,0.190438645499946,-1.57643306489237,-0.919767953131485,-0.78118233199644
1034584.342131,966353.288995454,-1.25553239804954,-1.62905498388038,-0.0698621545144662,0.643799719195695,-0.48050670136149,-0.186854616628591,-0.278000709969267,-0.870041175898871,0.459023944557622,0.835527302495116,-1.09109644973544,0.206804318725784,1.48925133688876,-1.12145675800642,-0.176732871886111,0.383733618371677,2.16753434638581,0.594493445765393,1.47334659391468,-0.935344148909435,-0.554377415311692,1.67857796120948,0.457554162501384,1.42064107232488,0.739290160035027,0.0561362312961879,0.718316808097885,-0.315824536178286,-0.995102190393016,-0.773288395769469,-0.354912616374497,-1.90048868937479,1.61801858204891,-0.391299654634308,0.823263810498136,-1.07927175067033,0.637117725976436,-0.0402814749084283,-0.18538491110847,0.910212319659102,-0.025032322571002,-1.57148745542947,0.455550159575867,-1.68121209804928,1.40676578995204,-1.21982157430502,1.64415696777874,0.791563451861903,-0.641708621879541,0.211113314476404,-1.0619224404296,-0.47724101716892,-0.399385905491703,0.210427082185463,0.0141664460605277,0.467937738362555,-0.194233821719432,0.816538363713904,-0.52699810403639,-0.30149739427093,-0.413743966166913,0.804508257815728,1.30056043306503,-0.880256183894593,-0.0779447663661235,1.72823099619001,-0.861055074360769,0.468244692966204,-0.370109203158795,-0.0211160159204565,2.23098540034514,-0.430219732367382,0.184499443466966,-1.5383600166227,-0.932533081024172,-0.815149343594755
1042733.56704574,966353.288995454,-1.21148866876589,-1.61219581241687,-0.0596561266465352,0.698480458531583,-0.531004749068086,-0.133606303464663,-0.268385024281435,-0.77719254611068,0.46533463771986,0.854782519136919,-1.08520955381822,0.160425398611573,1.43127519849712,-1.07089438685993,-0.149844356977878,0.449110774545678,2.27058463833247,0.592151269411342,1.41817457430095,-0.906227386264661,-0.541954113574619,1.70515844736928,0.412255087456684,1.32217205269373,0.804887046822111,0.0551563846533111,0.691346645532995,-0.364645929515363,-0.979713783540111,-0.773717154331151,-0.414835348963735,-1.96831067258292,1.71173958108673,-0.416422518668718,0.764900535969376,-1.07232736519807,0.607674615743107,-0.104972505405962,-0.214992322590387,0.863731091384302,-0.0677563661334157,-1.60683253316952,0.398605832479869,-1.65881814195524,1.50671201195332,-1.23415808028837,1.5729823952661,0.827749383166772,-0.651545246387781,0.278493660635021,-1.01550685829504,-0.514868549919673,-0.420175168548923,0.239422730723734,0.0190496855414469,0.486080814291535,-0.205112294917279,0.794283051052341,-0.552735432537497,-0.273406945476581,-0.476293678261561,0.820081147514172,1.22698307778307,-0.808766704188425,-0.00217474626814638,1.7549660241049,-0.862409296742821,0.45239545889388,-0.360644224736681,0.00857547913767242,2.19945640493963,-0.506180383249736,0.192906111326719,-1.50130299837827,-0.929637833494849,-0.826432573354305
1050882.79196047,966353.288995454,-1.16762603450836,-1.58560422791127,-0.0466693459829221,0.752105129468178,-0.583258478388659,-0.0804536240476866,-0.257091078429487,-0.68393068392509,0.475316207574636,0.870696821360496,-1.07532760332172,0.114140006918978,1.36595535570028,-1.01495664569942,-0.12202588740578,0.517173124557994,2.37005261575868,0.590807567308661,1.35476410148193,-0.877296313116722,-0.526729472297229,1.72888068638705,0.362783406862665,1.21164914295381,0.872728702601434,0.0552459287592373,0.661664762758565,-0.421694002170285,-0.971097308078354,-0.772760867198074,-0.478600127412675,-2.029892741002,1.80651198363375,-0.439367749092949,0.702547242689325,-1.06530658170181,0.571244687109988,-0.172917451815114,-0.245406538763941,0.817163405772345,-0.106619560885425,-1.63869439470083,0.339591828951972,-1.63089978940315,1.6046744988526,-1.2461131505568,1.49132560929719,0.86212295333961,-0.657791668573255,0.34574332976881,-0.963025944406339,-0.55497290816912,-0.440552415940805,0.273159980183815,0.0195759663637134,0.501230634022696,-0.212687804246063,0.767865848157167,-0.57959495671172,-0.24270437133925,-0.542974520200423,0.836618993843936,1.14389683396174,-0.736342483050155,0.0736383030852608,1.77615077402998,-0.86021976193353,0.435780008280967,-0.347936872154386,0.0396643243358059,2.17544917591841,-0.571658744858397,0.212033083772785,-1.47341812666039,-0.923233555769588,-0.832123800994393
1059032.01687521,966353.288995454,-1.11942641359076,-1.55804387230808,-0.030814401434426,0.807202046913829,-0.638527053120161,-0.0196591748981616,-0.238206422813311,-0.572287179060784,0.487439233802284,0.892891450207233,-1.06106194730437,0.0596191713008127,1.28730227200149,-0.953874377687682,-0.0891371428682465,0.588825575118007,2.47171335589656,0.588742515462204,1.28003459459054,-0.843047667434561,-0.507734949651913,1.75427076183241,0.305910934604368,1.07258149961659,0.944522769132632,0.049984953946909,0.632924389811961,-0.48618631830677,-0.960519912702585,-0.77103402354353,-0.551345754318687,-2.09916994690348,1.90552731608042,-0.461812390639771,0.635347369543409,-1.06474999685701,0.544192781954188,-0.249015863618833,-0.280939359992653,0.760465338924477,-0.151001666096598,-1.66855981311466,0.270204997203997,-1.60821219946982,1.7136772113734,-1.25388722971667,1.38962375488112,0.897932762895425,-0.665287462540681,0.41382548392497,-0.914700551968263,-0.595233770930247,-0.468808631975613,0.304054850810019,0.0269782771050866,0.521334610234168,-0.213627418873997,0.723656171331659,-0.611206339901882,-0.21851114213836,-0.613638147526873,0.8532964362866,1.04903109906272,-0.659444084165388,0.157265952442178,1.79352670236055,-0.83512584395098,0.414537507207713,-0.325344275544185,0.0851906644409362,2.15439590185496,-0.640013507487742,0.25138501971685,-1.45777848291616,-0.919207184532722,-0.834038340070802
1067181.24178994,966353.288995454,-1.08505587339494,-1.54088943598888,-0.0122783620551635,0.845111124116056,-0.675729443585467,0.0414950612208339,-0.205650861971962,-0.443217917047835,0.507060655245973,0.924214739509617,-1.03396939307289,0.015736646321724,1.20691677923567,-0.907578189484087,-0.0522575941522336,0.645900443125336,2.54025516527621,0.597564275295364,1.20885843941081,-0.808326283528811,-0.482583359793639,1.78274252793889,0.252420094632518,0.933792880411149,1.00464687663288,0.0333947631233132,0.628913630921797,-0.550767379488826,-0.959525416147904,-0.775513279062964,-0.614608219382897,-2.1807372811232,1.98346816370748,-0.473990681707656,0.607927518133554,-1.08671242873158,0.559808078631928,-0.319433259482951,-0.309825666019747,0.711147731518622,-0.185644290990017,-1.67994538467873,0.204887290062433,-1.61905240875917,1.80882845337077,-1.25207310456141,1.28431473043415,0.928478493053244,-0.686966521399835,0.450497693973178,-0.894802726827087,-0.61650691702321,-0.513212953402776,0.308928081004512,0.044211859794534,0.55268111255784,-0.196823933626605,0.642543613991525,-0.656856726116092,-0.220311730926159,-0.660078507657033,0.872673440740563,0.972849408716676,-0.607458203668022,0.234235401358139,1.7942455961909,-0.752075523723375,0.395436489957208,-0.29149611365711,0.139260978114442,2.11659581340438,-0.707909442237283,0.308098503871673,-1.45975597015273,-0.933728821019865,-0.833231310199403
1075330.46670467,966353.288995454,-1.0561353012726,-1.52663604800597,0.00619527237556836,0.871392318451099,-0.700161222280268,0.0960559111377707,-0.16877996372364,-0.325069007476228,0.526695436494305,0.957033646041221,-1.00446103605727,-0.0188751414433692,1.13214755882563,-0.8699186972664,-0.0152772320970229,0.691580931277547,2.58873786940635,0.608674518897358,1.14373602506211,-0.774373381054269,-0.456749557717504,1.80813823679238,0.206149248346515,0.801812774385938,1.05370217755454,0.0183365980160445,0.634552976790759,-0.607166404221936,-0.959898631921789,-0.779798728205236,-0.668117153934482,-2.25177411257338,2.0442006736369,-0.47828222033606,0.595852240603482,-1.11169465271858,0.589514078603123,-0.379232393884056,-0.334322284640648,0.667003306681484,-0.214499557628126,-1.68016232838832,0.144728342550347,-1.63859419214916,1.89031094553643,-1.24568435160527,1.18214189462438,0.953589067225884,-0.710255193918448,0.472535341707692,-0.885963926950255,-0.627643369746093,-0.560668348329439,0.304510735400986,0.0646502954691861,0.583630815852829,-0.174623307165238,0.55495293821934,-0.700217060687811,-0.229739850547124,-0.691035403334076,0.890147879454374,0.906776702417722,-0.567482351648125,0.300037768098955,1.78871777674195,-0.65626049541707,0.376256326839636,-0.250686594490133,0.194771869665205,2.06483082589687,-0.769961253917009,0.362103958169914,-1.46009287574626,-0.951563201197744,-0.838854341398142
1083479.69161941,966353.288995454,-1.02524354909462,-1.50771836184204,0.0277361465532532,0.89836243047659,-0.722476133258566,0.151500904438472,-0.131725436410356,-0.209235723558768,0.548688718381855,0.989786819872961,-0.969808326686346,-0.0535104158299115,1.05278137821564,-0.82887698589991,0.023183670019016,0.739058895121361,2.63289143703971,0.620573060063545,1.07646246484837,-0.737735601216882,-0.429400902618463,1.83112937693084,0.158972867542669,0.664057169736019,1.10326394549612,0.00189039581592077,0.640115955858574,-0.663748509885659,-0.956913153776531,-0.780892713132024,-0.721148868790563,-2.31683592232924,2.10389454082924,-0.479670253898781,0.585767669088852,-1.13404479775678,0.622052537450923,-0.438631419185258,-0.355997588701021,0.622476533013898,-0.240414280932561,-1.67498919287234,0.0855775190638909,-1.65325211609947,1.96885903547311,-1.23653378650523,1.07391088609949,0.977711848284456,-0.730351936607118,0.49501654362922,-0.872970188216982,-0.636924779641455,-0.606092754748363,0.300046673620666,0.0856716823685,0.615588255741367,-0.149097873949766,0.463464278632725,-0.741153279276379,-0.238437301312911,-0.720097966673922,0.907570265672047,0.839317939989681,-0.524883266383236,0.36760956136332,1.77934125576762,-0.56028250199196,0.358728866312894,-0.209504979451395,0.250872582419165,1.9852711322568,-0.837302935560178,0.408354395240561,-1.45231813184187,-0.969362284951296,-0.868697807808428
1091628.91653414,966353.288995454,-1.00631426684336,-1.48475706489298,0.0587033231628534,0.924764482969628,-0.743578975685332,0.194153187168584,-0.105911284415094,-0.122804228340414,0.584955446776088,1.02648318327836,-0.925403214201694,-0.0891069930994804,0.967846199432913,-0.786419734424645,0.066473953882808,0.796966723541086,2.66731798816886,0.635838524823414,1.01407845763762,-0.701500200657797,-0.408417815969214,1.84145654014592,0.107965765359684,0.533126312654057,1.15541398054207,-0.0209342682810101,0.643017491435216,-0.721548574073427,-0.954038860000892,-0.77798742588226,-0.782537781829869,-2.32952755678033,2.16835410125964,-0.471987501882327,0.576374461450332,-1.14619743527643,0.661998653074173,-0.493542100549381,-0.367131403252543,0.578216526531203,-0.258567966166974,-1.65781562300325,0.0360944783581838,-1.66408106718807,2.04060458400986,-1.23520782152978,0.950520922851893,0.995315784167103,-0.743354345606137,0.512693798664971,-0.849643208485488,-0.653518191646566,-0.64473998184325,0.290254632842109,0.0953505937829616,0.645553357019873,-0.116290845337859,0.378980610341702,-0.769924399132254,-0.247397735852419,-0.748622735715261,0.917008843996537,0.772752282694444,-0.480918940148924,0.434814396889707,1.76015354494917,-0.476194859390515,0.340356249630571,-0.168231557537938,0.301573950945842,1.88756026031385,-0.883160144293009,0.457169617798819,-1.45116909035759,-0.980328686724252,-0.912672439873359
1099778.14144887,966353.288995454,-1.0096724872971,-1.46171954683094,0.100562814080291,0.947097204352687,-0.763398165220114,0.21558222008426,-0.10044619636407,-0.0828331893345104,0.635248560671114,1.06486728412648,-0.871665033107145,-0.124327039536456,0.883686009043342,-0.748679436294032,0.110070025734296,0.863859682651723,2.68333779760461,0.65181461060709,0.967819948360733,-0.671261152637226,-0.401636682671204,1.83530257955687,0.0563748644645456,0.433142565148983,1.20672626996821,-0.0545437147243262,0.640430264367558,-0.779152215675742,-0.954298157594709,-0.772925775299924,-0.851505422030934,-2.27607622307622,2.23483489369397,-0.452499370298563,0.574714025874993,-1.14869865015604,0.711960865396882,-0.536183529273008,-0.366408511984274,0.540775185549763,-0.262981996261194,-1.63025603185429,0.00570202063580805,-1.67141533220943,2.09656398622425,-1.24951516105713,0.821798274926981,1.00032284347942,-0.746480110281746,0.520548078981901,-0.818204069460272,-0.681723909922787,-0.672775323665265,0.273088649006785,0.0882107529828903,0.669421045623088,-0.0764845527190779,0.312378296316278,-0.779652896155644,-0.259141654157737,-0.776283127064412,0.916800229423721,0.716295509678462,-0.441040320345056,0.49683978446172,1.72976257893783,-0.413024234744966,0.325774525307873,-0.13286555715452,0.342275567915681,1.7911670069827,-0.893545655190197,0.505843927431209,-1.45931332406788,-0.979089489960646,-0.953989370703691
1107927.36636361,966353.288995454,-1.01759919746937,-1.43966290050984,0.14022138578629,0.968104229517407,-0.780133426133302,0.227324003116116,-0.102050549729735,-0.0601894383106165,0.688514337075192,1.09956398776362,-0.820920766839064,-0.156894102083879,0.804838258082928,-0.71419734161437,0.150428538056393,0.928019734459293,2.69443740457768,0.669410429970991,0.928274683710217,-0.644837752356727,-0.39784714780894,1.82173929533788,0.00686657392954972,0.345627921862831,1.25363554922571,-0.0890169439799536,0.637130450974258,-0.830735756943172,-0.953970170561922,-0.765563735753067,-0.918374194689587,-2.20473660964899,2.2960700742794,-0.433168219404908,0.569531715184964,-1.14478897132995,0.757493560337804,-0.572910860199381,-0.357568529679544,0.506025570414618,-0.263183473607827,-1.60003061573631,-0.0143538825726016,-1.6763053893427,2.14244111157826,-1.26475061578542,0.695089070102716,1.00202828693967,-0.745762546723033,0.525453567995856,-0.783254972921669,-0.71023408697105,-0.691513859730156,0.25408859811979,0.074003684398589,0.690765974898332,-0.0380119543532527,0.257539481064182,-0.782584246131048,-0.269406852838977,-0.801777921011765,0.910327504081368,0.667313554404958,-0.405067062724585,0.550466198649045,1.69498499376964,-0.36505118603509,0.310483444702431,-0.10452377411159,0.371880309520041,1.70416995314465,-0.892286532403387,0.549760537730345,-1.46266551065294,-0.970408719174254,-0.984749941657894
1116076.59127834,966353.288995454,-1.02388100790089,-1.41724596212417,0.177393417966136,0.98636776185482,-0.795404947313097,0.238940164585275,-0.108041519706009,-0.0405218176764166,0.736656403355891,1.13264684153102,-0.773607820353128,-0.187618893973023,0.733164122576666,-0.679572046235367,0.18659720780739,0.987422656821276,2.69737926739265,0.683402730385443,0.896856957241298,-0.621257320391193,-0.397362275540961,1.80491929954704,-0.0383704681257163,0.258877780408968,1.29442634200044,-0.119833869888086,0.633848175291097,-0.879905130250906,-0.954004896142295,-0.760174567461996,-0.979776002863259,-2.14909360043132,2.34677613741738,-0.420373770036454,0.567198272696885,-1.14237947160234,0.79409439253807,-0.598267549754857,-0.351083423739809,0.471175904490855,-0.257837969447789,-1.56636108056824,-0.0318427907349413,-1.67505141988141,2.18324591040714,-1.27724476691646,0.57090141555458,1.00158166264353,-0.74646540411518,0.534011724086159,-0.749740379407933,-0.732836646773281,-0.709083868962463,0.235558009759213,0.064022738773455,0.711192804384108,-0.00269759344555621,0.206201167553716,-0.782599503124988,-0.277538313968178,-0.821378922414279,0.907832372716006,0.622174555930516,-0.371062448356332,0.59722095397265,1.66047948871703,-0.320668941399765,0.290549162366221,-0.0808904341539522,0.402299751451496,1.6256703771278,-0.899369461012491,0.578430592654291,-1.44747184085226,-0.951804102551613,-0.993661216585722
1124225.81619307,966353.288995454,-1.02809096986627,-1.3933224373138,0.210571132446069,1.00300669407085,-0.814864982738051,0.251155724718817,-0.142574565047038,-0.0247397094341066,0.778509562832198,1.17368330122368,-0.736277414286037,-0.219110368279483,0.696329650506278,-0.638824119610841,0.213520247969602,1.04880693492632,2.68589719855631,0.689945813280128,0.900070978006867,-0.608792292329019,-0.41213141229596,1.77662217333572,-0.0726127822292508,0.16196947614079,1.32308284558249,-0.139393682157872,0.639466412017393,-0.924986351599381,-0.961902360540541,-0.765027580622141,-1.03036300799437,-2.15584011692433,2.37375532653004,-0.442320614975837,0.5733198888917,-1.14603669848435,0.791447527175671,-0.586445977395119,-0.35061462167335,0.429307877711984,-0.230920860103229,-1.51310603885777,-0.0374613819565337,-1.65523846128739,2.22428441625618,-1.28108642037056,0.451386434634015,1.00023132684232,-0.757672093279516,0.565691807882799,-0.711342854244058,-0.733994113873446,-0.724610158458807,0.216288926208083,0.07272868113066,0.744347214006785,0.023166012222022,0.168387962053307,-0.777084762948908,-0.272917399039373,-0.820705703370292,0.927042239480541,0.594505811838297,-0.337333701165076,0.627776983253493,1.6339227200006,-0.289808201279329,0.239940948635583,-0.0837497005386272,0.436980289922414,1.54406362807394,-0.918814073291044,0.575163858044403,-1.4260037942031,-0.916265701423617,-0.973799459875458
1132375.04110781,966353.288995454,-1.02997647545863,-1.36647923876325,0.242428943192068,1.01854188698279,-0.836940704495434,0.265062559883353,-0.200175384300795,-0.0117659950220642,0.817070225841154,1.22193591587357,-0.703576724618961,-0.251158378263792,0.686859857785961,-0.590935250893502,0.23468440072457,1.11287255372591,2.65979238224546,0.690601108363419,0.932461141741362,-0.603622991313191,-0.439521716787121,1.73769597845278,-0.0981170926601335,0.0534669514889686,1.34309215224712,-0.149491184166185,0.651816271997358,-0.96805576093469,-0.975337040292753,-0.777651685762388,-1.07264204182152,-2.20958510921209,2.38183902732194,-0.492152099264384,0.587501744425195,-1.15437349724425,0.75904590663688,-0.542098912985025,-0.355350065414181,0.380665027613154,-0.184818459643722,-1.4423470770495,-0.033285589550951,-1.61881002118865,2.26597964736119,-1.27729709806991,0.331898039449319,0.997870918969032,-0.776700771601405,0.616701782050679,-0.66820422458904,-0.71709215952302,-0.738540718183724,0.19651244227686,0.0972951600412146,0.787164593033399,0.0440044543758762,0.140681386917998,-0.765482203838071,-0.258386577631749,-0.802411922993005,0.96446073934077,0.580286874281143,-0.302271544010393,0.646609440201258,1.61229296415178,-0.266713626995847,0.162863549102986,-0.10552975947671,0.477806282188342,1.44838467162819,-0.965417403566876,0.55268535776277,-1.40408531536074,-0.870983938253789,-0.944681803006761
1140524.26602254,966353.288995454,-1.02621128933273,-1.33421623272615,0.275175709200052,1.03285179438864,-0.85526911380194,0.279863279258959,-0.257980258242027,0.00629514715834832,0.848700001258504,1.26634714951694,-0.669828927273784,-0.280862616273703,0.680389602692572,-0.543886411940745,0.254380609247411,1.17362728310646,2.63089781305715,0.689132507545472,0.959068333748848,-0.594095959639335,-0.462039576004741,1.69743890078752,-0.119211411301419,-0.0500892863415996,1.36006481667085,-0.156880267633469,0.665160269998259,-1.00371708272042,-0.982367319431981,-0.785474872425955,-1.10746689615835,-2.2644511355447,2.3839454569332,-0.536196848395775,0.605296658989258,-1.15874487911764,0.72395676652795,-0.501907703489079,-0.357961791731299,0.335558497857333,-0.139175337930102,-1.37116005300868,-0.0275667917534624,-1.57756986871953,2.29957110203084,-1.26746554122832,0.217257397573646,0.994159158985271,-0.790515172734802,0.666150693359497,-0.622350477398789,-0.697649187695707,-0.748164360953384,0.178868823320792,0.124685435666357,0.831761713416005,0.0620380736116215,0.116648691392738,-0.751955089457483,-0.238256620828109,-0.78111063088397,1.0016469042433,0.566752948896229,-0.265807098740005,0.665574463701627,1.59135978657569,-0.241076761851587,0.0893074770524665,-0.12894545374491,0.516834314770213,1.33394456497758,-1.06571434945883,0.552713079210762,-1.3930460471295,-0.836762384432307,-0.952177218169844
1148673.49093727,966353.288995454,-1.01979917614595,-1.31159443801028,0.310376177124923,1.05110938765098,-0.87506522963651,0.291538258340778,-0.310046553049251,0.0334420036248639,0.867318866944032,1.29245060059592,-0.640217755493105,-0.299343935229007,0.684749471207589,-0.502748380844829,0.262982391250754,1.22401239717259,2.60974456543947,0.690510804410841,0.969144056148083,-0.570283010451323,-0.470454058714104,1.65573915857381,-0.127562245555648,-0.139433410584792,1.37721319979142,-0.156053729599117,0.672011949939012,-1.03890930118568,-0.979877372533365,-0.795785611250993,-1.13682912350927,-2.31519247548372,2.38313133054939,-0.57464918941277,0.628007876120232,-1.16700194573198,0.694807431798386,-0.471638136651767,-0.36132735041862,0.306749186321726,-0.0978044834228507,-1.30817411444763,-0.0227761921141583,-1.54435334279258,2.30352975922594,-1.26661420162153,0.123304382155635,0.995713862929496,-0.80556143542231,0.716637148983013,-0.581710783901853,-0.688383871739762,-0.747842760362312,0.167631539206489,0.15661222776971,0.874268777642888,0.0664757093348796,0.117805008732066,-0.73943578698269,-0.213435197496206,-0.768296554088941,1.0330505943288,0.542692938642084,-0.241513676337089,0.678490841707508,1.56438967673618,-0.216466334697712,0.0333511784092141,-0.157715613459852,0.54571254169304,1.22844298701235,-1.15682003304853,0.563141117916067,-1.38779324269004,-0.823182213044731,-0.958703946422594
1156822.71585201,966353.288995454,-1.01151834372867,-1.30704906499012,0.358744546236963,1.08017217358182,-0.90361806608632,0.299104163999603,-0.366154072549325,0.0857094777152899,0.85713626788826,1.29027626935258,-0.617294087323386,-0.302314954845449,0.708593925517728,-0.471356317430605,0.249718274124257,1.26659331288037,2.60849465723122,0.695490170446303,0.933455491987537,-0.516344192218529,-0.45159313602926,1.60667168943397,-0.113518175734333,-0.209666829879167,1.40045549771248,-0.142689493162104,0.66857767435245,-1.08063197145531,-0.959538372554621,-0.814562066806507,-1.16566555762515,-2.37993678836784,2.38089107167582,-0.601975147065782,0.670444577212597,-1.19203337979161,0.673214250514062,-0.47051729900129,-0.370126699986503,0.307202236044056,-0.0625447954076501,-1.25670970551149,-0.0220069986234824,-1.53099732720134,2.25151005905417,-1.28618053506718,0.0601063884440871,1.00753468006677,-0.826144825059336,0.77770465537764,-0.545895210342627,-0.704466076784171,-0.731024479210155,0.167818039322637,0.201385988159153,0.925987042569416,0.0440610752948569,0.164411873285586,-0.734025189328791,-0.172279386024963,-0.77674832152553,1.05985233879797,0.491464324749427,-0.238146456441553,0.686199787215038,1.52513317806014,-0.18886863653296,0.00926841954779067,-0.205866347329634,0.559211089566164,1.14540370664826,-1.20563786128,0.584837658932346,-1.38349330704377,-0.837380231433327,-0.940948142366991
1164971.94076674,966353.288995454,-1.00208291618698,-1.31100354062792,0.417138495384612,1.11784518585913,-0.941641044172548,0.304929598253288,-0.428347282503319,0.153440741454831,0.835341506536203,1.27336300976384,-0.593685216349176,-0.298480027018605,0.74501493159563,-0.439243360117647,0.224591714938863,1.31028592542704,2.61372847316849,0.703881376192267,0.880039354226668,-0.443866466147521,-0.419350052570662,1.54718530747698,-0.0882038779128451,-0.281031446812597,1.42853988794646,-0.121031716693982,0.659104863777099,-1.13183741200117,-0.930454016354973,-0.840805426606421,-1.1969877168314,-2.45652431034485,2.37760375878158,-0.631819656706435,0.723164736925396,-1.22511013756196,0.652181485377276,-0.476788205829958,-0.382260276544279,0.320615360007793,-0.0245211134182167,-1.20346186893837,-0.0230684673841655,-1.52115922078728,2.16553035924497,-1.31924838437545,0.00234534192763916,1.02666384673839,-0.853217112961655,0.849820605800196,-0.508745223315823,-0.732632933235116,-0.704764944354247,0.172213916503882,0.257566683376345,0.984486207154939,0.00445294347959177,0.238292492764536,-0.72906997117348,-0.121964713422979,-0.793963831464278,1.08768026995008,0.419807248583435,-0.244366664337543,0.690406946213879,1.47267789487049,-0.157770387142425,-0.00576513222661831,-0.270436211176756,0.56687451148775,1.0623510017623,-1.25146107181015,0.612682376011503,-1.3674019528579,-0.849458286610097,-0.912903776271885
1173121.16568148,966353.288995454,-0.99406119485219,-1.31290390131663,0.470503644321937,1.15278595646516,-0.981080132746036,0.306061749284379,-0.484606879617091,0.214099712500639,0.811005056771088,1.25457195886648,-0.568033691444013,-0.298117457459979,0.78137272396369,-0.400059870440556,0.198575279406215,1.35281320337511,2.61097231048458,0.713477573455321,0.834787720138075,-0.37959253756171,-0.38342084421257,1.49364112159287,-0.0619545768656619,-0.347723118146136,1.45271093223601,-0.100205779005398,0.647630691850296,-1.17879547691842,-0.906090635481607,-0.865760115119206,-1.22512458517442,-2.53359638938505,2.36946939517929,-0.659952089496329,0.776302499847436,-1.25224616431823,0.63102112691361,-0.481620673550093,-0.38774393191372,0.336314357119453,0.0124862429950527,-1.15065961666789,-0.0232544438095002,-1.50612770842859,2.08030409661432,-1.34838719965138,-0.0525735618849479,1.04702454929761,-0.882385148741096,0.920893002276609,-0.474473354387366,-0.759676313548769,-0.676003296349577,0.173285546743254,0.306146153294932,1.03485605689377,-0.0404623188449411,0.305708147017595,-0.721370563508541,-0.0727341850465878,-0.804730932675743,1.11555933171514,0.349682580364972,-0.252160720068573,0.693904921543264,1.41529607316079,-0.127823475935796,-0.0234204570079373,-0.339016283288283,0.576478105692051,0.977469137258422,-1.33532818643521,0.640584048375559,-1.32091247344598,-0.829280968332424,-0.892164340216312
1181270.39059621,966353.288995454,-1.00373127082873,-1.30958089503285,0.503226830032019,1.17669869351293,-1.02154145520586,0.286483850065143,-0.516783206927742,0.239968624692355,0.775138437672484,1.24367139835774,-0.534701377511965,-0.312042302840786,0.817872161026903,-0.32691149649719,0.171957819313048,1.39668252821141,2.57863432845736,0.735819749665805,0.820312083246377,-0.356586120217929,-0.331272153440003,1.48090507852018,-0.0276649139296162,-0.391349625147128,1.46607025604104,-0.0829521814546889,0.629543908794858,-1.20649175764467,-0.907757452470819,-0.890280704457362,-1.24458939153392,-2.61284521262916,2.34430180877454,-0.675610844481599,0.842773237308447,-1.26795595727367,0.610872753905595,-0.479874329216831,-0.361535841966507,0.362457415021311,0.0513826546094958,-1.09839937778168,-0.0141966701489745,-1.48536945810119,2.02455093721153,-1.35575010743177,-0.0955228740047786,1.0795682777032,-0.924544791161943,1.00115575731851,-0.455644092020174,-0.782626709138351,-0.63398758781856,0.160097292892634,0.315323614144388,1.05191128742617,-0.0903620446047052,0.345567402349718,-0.705264172146153,-0.0234053630484442,-0.793915359946449,1.14547051909565,0.302945930047146,-0.270664593879328,0.698894884197195,1.34473221425555,-0.104463938771328,-0.05220898258579,-0.412811884011855,0.600177819770319,0.885110812657689,-1.42042592577228,0.649912116206035,-1.27153194019609,-0.851980697354144,-0.845604782385918
1189419.61551094,966353.288995454,-1.03155318843646,-1.30115235265354,0.519138902864183,1.19153444965,-1.06659885054711,0.244766603651073,-0.527808110823473,0.234786165893383,0.725026926992176,1.23944846599305,-0.491770792744049,-0.341080177726488,0.856927744130338,-0.2182053390272,0.142476562138931,1.44490697954903,2.51399663127353,0.771623750320729,0.834259780627212,-0.370639848910415,-0.260571559163185,1.50607890082258,0.0165529908058945,-0.415246583869392,1.46990019801389,-0.0678212657028459,0.603261673866398,-1.21709386963555,-0.934820597219151,-0.916498903452273,-1.25746572713013,-2.70133322472968,2.30020053650844,-0.68058862517522,0.926098322241365,-1.27365874003172,0.59006957935926,-0.471531422658349,-0.303788117614153,0.400150425721966,0.0944360298160133,-1.04292642879579,0.00406282395660291,-1.45786805012387,1.99334647370717,-1.34256317999582,-0.129809482945416,1.125627425411,-0.982854076296631,1.09508937286707,-0.450178146250848,-0.803461884006961,-0.576855137474448,0.13212857030815,0.287460291754924,1.03797563915055,-0.149478053248621,0.362062862835927,-0.680153955902489,0.0294694397021197,-0.761759698657638,1.17930651141556,0.27586205587603,-0.301165729594172,0.705577553266705,1.25479770972748,-0.085336800754479,-0.0942888983287753,-0.498193866267268,0.638746512900477,0.782876961506242,-1.50033556327524,0.646829628266188,-1.22499067667355,-0.923185614649379,-0.763713586181769
1197568.84042568,966353.288995454,-1.06811295798486,-1.28915220299831,0.529634009826113,1.20218366541448,-1.11387549574405,0.193921926356477,-0.534590191595232,0.219163121861598,0.665250622454549,1.23506218676665,-0.443475525018186,-0.37354582708285,0.89665987604506,-0.0968730700542461,0.109521581561713,1.49441725938153,2.43027955696093,0.812918951011457,0.853694039584053,-0.39615943226697,-0.18317810511378,1.54123785891627,0.0653299871089904,-0.435954486893362,1.46987516656591,-0.0528863844578548,0.571488261638862,-1.22312442251683,-0.971122515184713,-0.944964082165526,-1.26640016565897,-2.79426994168272,2.24324655587742,-0.681102874264084,1.01527229453601,-1.27839986757531,0.564586038889059,-0.459017987995843,-0.236587615063553,0.4422550058047,0.142479397777416,-0.98260924075466,0.0261542096495264,-1.42618914751277,1.9633137467734,-1.32307062662216,-0.167140049056658,1.17647216058645,-1.0498087331118,1.1949532456397,-0.447620174396701,-0.824322944561149,-0.511859425344796,0.096899421468074,0.246618776523985,1.01186294885943,-0.212141243926493,0.375217198801448,-0.650926523096084,0.0854187813804433,-0.723864457538716,1.21338900244603,0.252398881233887,-0.337890119702948,0.711312458267196,1.15073529641738,-0.0679914027210452,-0.143173103685181,-0.591844837452873,0.68111121884924,0.68642342354555,-1.56748301242915,0.657550629265185,-1.19123793927845,-1.00064768653025,-0.65319846418579
1205718.06534041,966353.288995454,-1.10967046985883,-1.27153115465419,0.530083221191261,1.21255158967429,-1.14915313628868,0.148781545905573,-0.552978337951306,0.184120428415167,0.607059539869154,1.21493033855883,-0.398103324078574,-0.385641206822342,0.937788139638636,0.0261163273171645,0.0803872468621923,1.54054798062409,2.33281342801615,0.853083821094618,0.879768827242137,-0.422317385820952,-0.119206480731649,1.58231465708732,0.119385820261754,-0.454393371158482,1.47483997256749,-0.0478456360100703,0.533752731754799,-1.23294345356122,-1.01356308169051,-0.980931220197799,-1.27191750496577,-2.87039516470332,2.18169807126754,-0.672491576564384,1.09241128947753,-1.28770622772674,0.528435271071342,-0.438680061739981,-0.172740470508034,0.493199799697681,0.191801001522316,-0.932263213227179,0.0454686842927808,-1.39889929382969,1.9279725062221,-1.31361377795722,-0.2141574394061,1.20557389690457,-1.10598457412452,1.27755334429808,-0.44469135636251,-0.841904643450882,-0.447179790850373,0.0607904136113884,0.205002992819371,0.985718153689225,-0.272054636155314,0.386578646305693,-0.620969956324299,0.144519091442742,-0.703582140343573,1.25217382618584,0.239302099072484,-0.368187553273106,0.706209926672419,1.06224125201896,-0.0629323129692193,-0.190733143855168,-0.668072200279823,0.722756713477651,0.606302500951728,-1.58616857051604,0.68336224000792,-1.15216483326207,-1.06935149513961,-0.536495426023016
1213867.29025514,966353.288995454,-1.16099091621578,-1.24729140699702,0.51076396162946,1.2254568112014,-1.15710196258355,0.12310283896571,-0.596851680500381,0.111581339785055,0.562055054963999,1.16713701519428,-0.36355846686152,-0.351595698848835,0.982088519676735,0.145785918889821,0.0635570001222889,1.5807422102258,2.22465354195924,0.891002890625696,0.920442417358199,-0.447840526884329,-0.0880356655863529,1.63843839072328,0.180199898744895,-0.467550003362347,1.49563617185326,-0.0639973356099726,0.489534637223184,-1.25387691688543,-1.06814396623622,-1.03194901109575,-1.27201657380979,-2.90146650467595,2.12447754684702,-0.646683744152251,1.14300547683079,-1.31001436944056,0.474230035218211,-0.404322281428694,-0.122165326943623,0.560107301065388,0.241307922950263,-0.908283377186309,0.0582233515226145,-1.38664106304943,1.8913006056663,-1.33129766936024,-0.278572780235607,1.19108667608669,-1.13416507687417,1.32329315023954,-0.442183952735066,-0.8524828234002,-0.389029828848082,0.0265647271621573,0.16803911178391,0.965945765657459,-0.316911793666218,0.396854870125581,-0.593561949746232,0.205815121334571,-0.724738858587029,1.30129931832541,0.25145127161003,-0.381795265520242,0.681199396336607,1.02600745801361,-0.085208093408798,-0.229867792521641,-0.694886193957301,0.761648970034549,0.544345134828343,-1.52856236515239,0.712223544133071,-1.08740049596688,-1.13207637808698,-0.441830817467867
1222016.51516988,966353.288995454,NA,NA,NA,NA,NA,NA,NA,NA,NA,NA,NA,NA,NA,NA,NA,NA,NA,NA,NA,NA,NA,NA,NA,NA,NA,NA,NA,NA,NA,NA,NA,NA,NA,NA,NA,NA,NA,NA,NA,NA,NA,NA,NA,NA,NA,NA,NA,NA,NA,NA,NA,NA,NA,NA,NA,NA,NA,NA,NA,NA,NA,NA,NA,NA,NA,NA,NA,NA,NA,NA,NA,NA,NA,NA,NA,NA
879749.068751066,958204.06408072,-3.24155901551822,-0.900485931770474,0.485714578155208,-0.228778769797891,-0.182580130870197,-0.182919086795532,-1.11125690858375,-2.81152443703504,0.738668607644758,-0.394189890591381,-0.653425138393754,0.78538762549566,1.76548302959327,-0.937370976254932,0.269866725833518,0.280739597207109,0.172622951476192,0.809320369974219,1.3061236271843,-2.00879278599144,-0.733702719381229,1.13264119778233,0.492494230473244,1.33595465972355,0.374840462959729,0.407546961291344,0.752752652362757,-1.22528231371489,-1.98298602639496,-1.14156211024824,-0.623511228135291,-1.11246143995251,0.970923229480276,0.357207666627413,1.59027853767032,-1.12657668523532,0.528876762501886,0.347594817681147,0.180746571888599,1.92859507974311,1.27780317724877,-0.717425365616597,0.904461482720729,-1.44014482607493,0.640166085633068,-1.80775737227122,0.859062011864313,0.392106053094547,-0.587874007758503,0.155304047945152,-0.671313442920445,0.173806897781457,0.248401880262941,0.699538950820313,0.167081098597762,0.060852442236571,0.692153448450722,1.31989255178452,-0.311962893027315,0.28466697985353,-0.0995760259636363,0.865660464403172,1.88962163367195,-0.845456026616432,-0.519765960688511,0.946281939920238,-0.931254722056428,0.279136545386264,-0.548229524800857,0.522715416262643,1.41299921419051,0.736999928807796,0.164431111968235,-1.72083700396845,-1.41127195133914,-0.3165317388327
887898.2936658,958204.06408072,-3.16847045862727,-0.904314180437977,0.471039473265146,-0.218827785748494,-0.152736301855966,-0.212296743419939,-1.0624496876012,-2.80531556559756,0.724679977996183,-0.377216940647873,-0.661078485488152,0.780998240111691,1.78113031295396,-0.968687811925338,0.219414124309158,0.250385035440977,0.226894534898202,0.798973828266553,1.34663661305827,-1.96686458083396,-0.742207260563845,1.15948991376733,0.50638954768389,1.36014362379338,0.388836930608835,0.392825294325452,0.7553610712578,-1.16484885813792,-1.97238606511645,-1.13283262088215,-0.595730859470513,-1.11614437632222,0.967595053492306,0.352717964719724,1.60087325219027,-1.13647715482999,0.538643541507698,0.349224239727388,0.164744056020456,1.90724332106421,1.25616549770131,-0.733365975928338,0.91425921690366,-1.44473225000613,0.632201683756219,-1.7527753015879,0.938206678381568,0.391786857113936,-0.563357251261274,0.109866111619531,-0.706074222815918,0.152522794367426,0.220234515498069,0.684895468352998,0.158764096019227,0.0698069690634935,0.651739260486323,1.28382708637103,-0.322352981826084,0.244538512567479,-0.0963570635782419,0.8658765480099,1.88026313734295,-0.894390288089875,-0.522549332710226,0.960617288902039,-0.941030205009782,0.296304465915914,-0.534145099341996,0.496909721837521,1.45398215070192,0.739621652460099,0.158711675430761,-1.73270408920556,-1.3801016674024,-0.35556385977805
896047.518580533,958204.06408072,-3.04727076430971,-0.908106758883341,0.452212989325662,-0.213629926010283,-0.101240142413972,-0.265630841127901,-0.986335573009855,-2.78340285201188,0.699793752987071,-0.34003998663364,-0.672262786105668,0.787546875469189,1.79210377374869,-1.02357160146191,0.147506496094071,0.197946329514247,0.304326309907647,0.801981200419682,1.40718916355631,-1.89143677177946,-0.751656597437734,1.19852181921844,0.536366684838217,1.39981166135449,0.415308490815037,0.37972440391483,0.756694057591489,-1.07737143547502,-1.9505399752363,-1.11178407112766,-0.546044440801527,-1.11847342277506,0.962893256234218,0.354751037600852,1.6033161499281,-1.15726132912043,0.562400684795768,0.354033754350737,0.147758924581789,1.8783034731747,1.22329855663181,-0.761630698641502,0.926193016678863,-1.4482038006974,0.602342147698614,-1.67068918224916,1.05386671345549,0.3886812649438,-0.53239364041666,0.0476356685028914,-0.752339500453456,0.125861733804508,0.176852298192315,0.653613359317621,0.142673975806588,0.0763239088790221,0.59529434580355,1.21958458042172,-0.328309368592891,0.181268726056866,-0.0891881442702559,0.862599971469191,1.87738049333891,-0.979765479807791,-0.531250179079344,0.971332152974749,-0.946715575652034,0.319604944896362,-0.515007875467349,0.455029735838208,1.50836101496178,0.737454386129774,0.139667533214378,-1.7595632093204,-1.34422340452553,-0.416481356019125
904196.743495267,958204.06408072,-2.92029353096605,-0.911345350159629,0.431322951228018,-0.20883500493228,-0.0500490177975173,-0.321457005392882,-0.909323192738569,-2.75487447594024,0.672751309526771,-0.301372376684934,-0.683382341288131,0.794072412087098,1.79863618692141,-1.07958304190016,0.0729565467665634,0.142919454204489,0.379759982322066,0.80512548512093,1.46434644781883,-1.81177644783822,-0.760364224252554,1.2352109082066,0.567055866402687,1.43681408042259,0.441182851301878,0.366698196961745,0.756518533719183,-0.98797380504963,-1.92552327592823,-1.08748375601362,-0.494326522327469,-1.1205812369719,0.956575792538197,0.356308401572309,1.60044906154541,-1.17852791774628,0.585851026435557,0.358378538871864,0.13089055462027,1.84635124598096,1.18763923343247,-0.790735297592793,0.935629060307647,-1.4497475401805,0.56880242373932,-1.58639051794608,1.16562872559509,0.384210385335926,-0.502823424508983,-0.0156721012075117,-0.798845569681566,0.0987888013642112,0.131723010174128,0.618818709123453,0.124622245088139,0.0816600218500903,0.536546685900156,1.15115454164227,-0.333380716169987,0.115514277400723,-0.0826856170934585,0.85716581168606,1.87245733987467,-1.06957624945093,-0.539759890547982,0.979805654612572,-0.950321503295674,0.34169617982699,-0.496096797161225,0.410602022865381,1.56882867121399,0.759782607357959,0.133281556978426,-1.79465346565777,-1.30570005665378,-0.469404722506678
912345.96841,958204.06408072,-2.79652301497571,-0.923537919642293,0.403197443634202,-0.191477786330249,-0.0152721451358401,-0.36319499865806,-0.83925644289229,-2.70248951670505,0.649632442530999,-0.26866801465284,-0.690631197301353,0.798344631322521,1.80686870795972,-1.11937065356732,0.0020105696925924,0.101033200988724,0.452251054866207,0.800310656198522,1.51272419438726,-1.74091965099899,-0.765743153533084,1.27120560675112,0.600634467351476,1.46969167822711,0.459359502469662,0.348131061312886,0.756452670561087,-0.896783704606504,-1.89620320201284,-1.05597588655274,-0.4468762168554,-1.13386828182865,0.951688349158236,0.345141527668649,1.58452749765721,-1.19438520784589,0.604081939865858,0.364346580702689,0.118535568020718,1.81633865104986,1.14986273348617,-0.814758684229079,0.942738153814418,-1.44953333858479,0.539852644630861,-1.50982232243074,1.26671339327373,0.384004154536633,-0.485618921547138,-0.0694120953253587,-0.839017583026848,0.0752046281275083,0.091176525634257,0.578382579786979,0.100061184735706,0.0887174222823518,0.482424369264832,1.09644973597663,-0.340018819214351,0.0604020330148505,-0.0827608810906281,0.853315241033838,1.86639202515576,-1.14757231907061,-0.542858673309678,0.994869108189078,-0.949920162486273,0.36434059779312,-0.485135192209211,0.367348704076479,1.62973650476101,0.758787771832735,0.121791567627448,-1.8196657160875,-1.2682788547979,-0.514805244827394
920495.193324734,958204.06408072,-2.67294178851942,-0.952646471635079,0.359375904868302,-0.153046912686489,-0.00420030269680337,-0.38493900200764,-0.778781402571204,-2.6108910657814,0.632285362453638,-0.24372735858889,-0.694814072609318,0.800747176728831,1.8214844604987,-1.13215891036986,-0.066880001832403,0.0775316368746787,0.525472358013196,0.784258097040039,1.55368905736918,-1.68190913631291,-0.768251937224112,1.31105452996119,0.643936864450092,1.50023960874505,0.467170728906604,0.322446128272636,0.758895346718573,-0.795743538498171,-1.86320266998812,-1.0118200311678,-0.401711261560994,-1.17148476181118,0.950156393737313,0.313523960270012,1.5492770908777,-1.20484386004529,0.61613627804922,0.37344443272935,0.112841928111394,1.79132147028228,1.10872476729923,-0.833889273938002,0.947044600256046,-1.44824475799818,0.517758506831531,-1.44238201471178,1.3652931026267,0.389971197828406,-0.491961362575753,-0.109089241775847,-0.87167401811555,0.0557298446163957,0.0559688683621101,0.526223057086447,0.0620485922959402,0.0985370653099784,0.43233701517364,1.06246675830703,-0.350831200636674,0.0201600840744755,-0.0957836432678224,0.852484095020355,1.8618731824675,-1.20680864933914,-0.536929550337703,1.02478379356508,-0.944371058745892,0.388802795508151,-0.488013070782443,0.322559729750668,1.69464774812336,0.708973499867078,0.0947212952117857,-1.82875143602017,-1.23438972209008,-0.55441433235304
928644.418239468,958204.06408072,-2.54084102288097,-0.998201861970518,0.299751496696261,-0.0972460335663599,-0.00943251899979714,-0.393466751907649,-0.721061345294263,-2.4849100847335,0.616913317564038,-0.222813587746725,-0.697780846232613,0.800688930747385,1.84137673358986,-1.12607164903617,-0.140383887058692,0.0657073427238381,0.604072577172157,0.758118117682169,1.59140002720528,-1.62743180745104,-0.769807819415634,1.35533341536278,0.696357294605801,1.53084361338912,0.467377935798543,0.28939006980608,0.762950399274159,-0.681285554461646,-1.82527427193566,-0.955800525614759,-0.356082090058219,-1.23306245524798,0.950065156414304,0.263048354889261,1.49678573650591,-1.21264527411064,0.623990834161783,0.384940067141901,0.111134587927703,1.76782252777837,1.06057629120834,-0.851561044855167,0.949125977641108,-1.44703454820471,0.499783944772727,-1.376628223791,1.46766569091308,0.400134765563142,-0.516429322245981,-0.14157342117395,-0.901990678062001,0.0365207018075765,0.0217969322063061,0.460251954257357,0.0100365864533026,0.111055385765076,0.381237899121081,1.04154251122131,-0.366117418057022,-0.0123372263786328,-0.120186530742983,0.853390362226337,1.85745411498557,-1.25633914449565,-0.523952583993852,1.06731170165845,-0.935410222776453,0.416287662321061,-0.502763326237968,0.272823699403871,1.76438317564582,0.622486581300269,0.0678130713674412,-1.81626430511751,-1.19692381797374,-0.577369760171756
936793.643154201,958204.06408072,-2.39882498430278,-1.05172293997845,0.232593528165516,-0.0365626014436006,-0.0191850390617413,-0.401993120427396,-0.66020130438653,-2.34620419608948,0.599982391933763,-0.199295329303733,-0.701855544341283,0.798497462659831,1.85840921802001,-1.11843233781095,-0.222066317618774,0.0539121313582301,0.686738781813667,0.727794945789478,1.6275585084338,-1.56914197522555,-0.770779407212601,1.40039668963362,0.749487073513807,1.56063091822641,0.466528291842076,0.251339758368437,0.765914829178076,-0.562244890354693,-1.78341225886517,-0.895259562358195,-0.307172098660836,-1.3051747232023,0.950292856413764,0.205287671542442,1.43684465696948,-1.22200233237292,0.630883075175299,0.396061430996264,0.108647211186201,1.73914717495639,1.00677869431787,-0.871865018501322,0.949216143569422,-1.44682554480998,0.480330831903267,-1.30681816195348,1.56997589522927,0.411086832343343,-0.545115181187311,-0.176260364750639,-0.936142777874906,0.014698446920409,-0.0165859304969799,0.387073509685961,-0.0479369285435772,0.123771340961516,0.32486806290803,1.01812278291889,-0.383219668757135,-0.0475050377165835,-0.148238216404743,0.85318602975117,1.84965008020899,-1.31190257651629,-0.51019783052126,1.11117036745333,-0.924778119459174,0.444056006585476,-0.519015294464402,0.216960406667736,1.8350739198358,0.538369408250715,0.0693248260367081,-1.77809091874576,-1.14705947380827,-0.566560050515177
944942.868068935,958204.06408072,-2.27986823539328,-1.09840349950609,0.177922993116916,0.0151960136628755,-0.0338702415463658,-0.411911038777588,-0.616188211112592,-2.22592256447949,0.586665280797285,-0.152048648581351,-0.719037076734462,0.781777602947891,1.85749932964839,-1.12334544701147,-0.282286452466676,0.0493044881672927,0.771900745580606,0.70094288558659,1.64684935913103,-1.52516632241513,-0.770380898368605,1.43486318625675,0.773511107728946,1.58622859827837,0.471357202010729,0.222884589494548,0.770143852630469,-0.480549660745658,-1.74832970244421,-0.855525370886468,-0.266141758714351,-1.35601504423302,0.963993016724526,0.15333560846943,1.38689110022742,-1.23635752445186,0.634461524198613,0.398925196724365,0.102362968888979,1.70323291031353,0.953393728124967,-0.901451637589305,0.94205402579731,-1.45501635385294,0.486379967232637,-1.25322259509521,1.64346535285266,0.422754493894806,-0.560578606126511,-0.19427077113952,-0.970358444993811,-0.0213640613474976,-0.05306617899475,0.335337804023667,-0.088469154056376,0.137517360368848,0.282373614011844,0.997894697097261,-0.391875703569676,-0.0728308352004861,-0.173964773236769,0.853639062592289,1.83453416587591,-1.34664459913217,-0.499970753250548,1.15197359389064,-0.909670802218668,0.462133849336977,-0.521239467500575,0.167502785988301,1.90645679994526,0.477071320108612,0.0839662917134997,-1.7403131350905,-1.10229088874886,-0.550648783667507
953092.092983668,958204.06408072,-2.18692750535996,-1.13506990033413,0.139485819784284,0.0586990321761031,-0.0561978243504867,-0.424278475496461,-0.590993288265145,-2.12667473277556,0.579076973702845,-0.0721463291479355,-0.753665110696651,0.747001487031093,1.83431824827749,-1.14541446785957,-0.314220353423254,0.0541242470133932,0.866000511224999,0.678772057572967,1.64831288750974,-1.49779742155795,-0.766384721674006,1.46066867039808,0.762417649876892,1.60980541589541,0.485520680498674,0.205598069318041,0.77684192921936,-0.442034424354953,-1.72086403060503,-0.84081391541224,-0.231615666074206,-1.37383579528139,0.997968927475194,0.108636605092618,1.34938899370613,-1.25708931360957,0.635419743556366,0.391927991087427,0.0912332542696628,1.65626423304603,0.900201967936595,-0.943949951345443,0.926500421656215,-1.47396393162208,0.524687578505281,-1.21864288139954,1.68786432883114,0.43729836866853,-0.557932755721991,-0.190865617847921,-1.00496697313085,-0.0765896153655648,-0.0886593155763949,0.312200088584208,-0.105022718287936,0.153321966626542,0.256736980174118,0.980008889131782,-0.388915017507973,-0.0861303004260539,-0.196083616542261,0.856179070092682,1.81094721141166,-1.35355915646259,-0.494713423632541,1.19148669819973,-0.887037256317819,0.469084445055393,-0.502535525683735,0.124905450643265,1.97833872199876,0.431973395858933,0.101699973735649,-1.71817597430303,-1.07370851355751,-0.547420963493737
961241.317898402,958204.06408072,-2.07467146480205,-1.1757823841722,0.0969301512928279,0.113579762420733,-0.0841613344304667,-0.435695296830399,-0.558581045613109,-2.00595086063608,0.571944642885095,0.0294316803012482,-0.795033288071792,0.702704136572644,1.80269568403485,-1.16910860238805,-0.345725651645443,0.0638408344662948,0.981726340151495,0.654814810659314,1.64782064067175,-1.46072359384064,-0.755715011502959,1.49144733549259,0.745897971607026,1.63766334930822,0.505766833750713,0.187709556303973,0.786020831502098,-0.398466746981739,-1.68263888379431,-0.821619330332289,-0.188642693645637,-1.38907781162193,1.0429208028983,0.0554868724442436,1.30605780387595,-1.278163886187,0.638014878722011,0.383289100700291,0.0786523933705563,1.59640700524201,0.83508222333867,-0.994453098295499,0.907634652266309,-1.49569691422239,0.576864455193524,-1.17619006090691,1.73663534207813,0.457120291387627,-0.549940048114197,-0.18123382059306,-1.0435971751207,-0.144003689834138,-0.129700889899697,0.289461083174319,-0.119132137904298,0.174955381617818,0.228666791596751,0.959054183821679,-0.381245723875677,-0.10029521959385,-0.219636335407019,0.860401339419446,1.78061245024793,-1.35343917675202,-0.485815575910032,1.24001365446703,-0.855570044877867,0.478460556123243,-0.474846618753243,0.0754164464925579,2.03808903671865,0.347019389829596,0.10886943784441,-1.71727783926113,-1.06372991958143,-0.56884462771594
969390.542813136,958204.06408072,-1.95578997201282,-1.22006628311211,0.0567883340216445,0.172417851088459,-0.113689936232067,-0.443134039803703,-0.518699966298481,-1.87430852899452,0.566942669137978,0.138542385439563,-0.839463862712209,0.657231546796593,1.77181909597708,-1.18787743152068,-0.369621979049938,0.0767978838579211,1.106117008611,0.635824282204256,1.64690768334287,-1.41393571281458,-0.736239777173962,1.52034085772024,0.728093850062803,1.66253685836144,0.525100363863364,0.168611391488082,0.795038919913957,-0.359870232092755,-1.63468194577888,-0.801460846411844,-0.150982731259987,-1.40583894057334,1.08961998132379,0.000483181371735791,1.26142222717126,-1.29192488567952,0.641022422011745,0.370599751733464,0.0628136773069883,1.53182809784975,0.761947075361713,-1.05007137343299,0.886129243778416,-1.52072673679364,0.634659047334589,-1.13906391953596,1.7808165670646,0.478767198080111,-0.542008780505814,-0.166184549580415,-1.07824866444626,-0.209217404022788,-0.170134167342162,0.26833576811362,-0.132624627065045,0.199458873854869,0.195646871663651,0.938106217155382,-0.376049800549193,-0.123633533310526,-0.239387955221118,0.862124577950031,1.74522929331096,-1.3457107054149,-0.475897368251521,1.29008579368967,-0.826138707654868,0.490845542315679,-0.444655885475158,0.0287856656308359,2.08447572813152,0.245107777183461,0.103334655251942,-1.72467377272597,-1.05605866553663,-0.601690440712151
977539.767727869,958204.06408072,-1.8449317676492,-1.2688349891789,0.0291268888975315,0.228661764823009,-0.145430620424247,-0.442653979204702,-0.472618332241777,-1.74218743747828,0.566457899901289,0.246967887986121,-0.885952436350249,0.616508356753856,1.74975919305301,-1.19498974730914,-0.37225145777804,0.0926586638587007,1.23345225256688,0.63208022991182,1.64580734658274,-1.35921601093832,-0.703460596682671,1.54057730791266,0.709080349785631,1.67676973917842,0.537494847602062,0.148201782826339,0.800654209710482,-0.343954737075665,-1.57954935085619,-0.787489820163588,-0.135811000671882,-1.42959219755377,1.13295756861443,-0.0504216350787284,1.22362502689642,-1.28993490224282,0.643246767165057,0.348064542353989,0.0390791048765549,1.46939985431786,0.683502106407473,-1.1102799282233,0.861642312817534,-1.55578340683646,0.695480891824316,-1.12709810181721,1.80706261191527,0.499224954244342,-0.540342027105053,-0.144177467323425,-1.10041690390814,-0.256286026352164,-0.203309267456901,0.25365740033375,-0.143959668675794,0.224113999194666,0.154608739609334,0.920513905091772,-0.381508182147066,-0.168765053978,-0.248652207887769,0.856533782647598,1.70561578821861,-1.32690568467953,-0.469453853695533,1.33598458105471,-0.811803121907775,0.506572145019451,-0.418267951530335,-0.00325405692248603,2.12066430176462,0.158701167381342,0.0809363119091833,-1.72582024887881,-1.03143376533772,-0.631261469319541
985688.992642603,958204.06408072,-1.73304752234355,-1.32668903313549,0.00883254002402807,0.286945082705495,-0.182798679219793,-0.43615330798571,-0.418291268094549,-1.60219890693254,0.568848948542535,0.362998603767259,-0.939155286303245,0.575100584111342,1.73209260950586,-1.19324654534109,-0.357849097937953,0.111531803575938,1.37309810653742,0.640031349872303,1.64341128216608,-1.29446309002472,-0.65764761661943,1.55443941439435,0.686318808904358,1.68240592027795,0.54435954331746,0.123871340913118,0.80299344475494,-0.346144859919649,-1.51527293621075,-0.778085117028046,-0.138765754949098,-1.46230554721736,1.17664883536362,-0.103473989218263,1.18692632559178,-1.27505286423713,0.644083696606864,0.313968790652269,0.00547657231708669,1.40150019036045,0.591117335069216,-1.18109446281052,0.831149620386151,-1.60342556093815,0.763231534165165,-1.13570206845314,1.81997098423524,0.519682246943191,-0.544589383721351,-0.115147125202252,-1.11414055447983,-0.292410086011325,-0.2340150272711,0.242123181453213,-0.15543352658055,0.250264898241213,0.101510719705158,0.903143957880338,-0.397312534977234,-0.238358767789131,-0.250580695219885,0.843195029222801,1.6570716343712,-1.29797770089933,-0.466125019452843,1.3817124558475,-0.80947923660638,0.525801187009264,-0.393432667267211,-0.0263680741706387,2.16252621514549,0.0926007982156633,0.0571762329550342,-1.71247392694013,-0.987944839812896,-0.654737425294581
993838.217557336,958204.06408072,-1.60204219098337,-1.39723654980708,-0.0156171173463023,0.356740064361431,-0.230473699401117,-0.425530347473881,-0.353541410989912,-1.43973852338929,0.569173604886246,0.49787619111287,-1.00398221977816,0.521152471023374,1.70539497917812,-1.18767868459285,-0.337252979277897,0.134374808786139,1.53641303125282,0.648804914007834,1.63525661749858,-1.214038763489,-0.601517120646717,1.56726738521387,0.654902569752489,1.68255228710275,0.550740809021037,0.0928564515608109,0.802108439460865,-0.351076226276856,-1.43415491163275,-0.766609781724618,-0.145965385974158,-1.50351323677225,1.22679540147228,-0.169898488975996,1.13853421304343,-1.25300865979309,0.642986444753856,0.268162152936287,-0.0379657960575039,1.31180803100598,0.471156722901308,-1.26904600526101,0.789328836821013,-1.66017246794268,0.844118266669766,-1.14766233220673,1.82812662905346,0.543409775162979,-0.551180925399096,-0.078176047144269,-1.12718314722588,-0.3349194564852,-0.271432508271239,0.226965877482266,-0.168734935046562,0.281607256272135,0.0330423589311811,0.879496711091599,-0.418167731979803,-0.326883996568746,-0.253132967594975,0.823592048789901,1.59132961777161,-1.25827256147998,-0.46029661175681,1.43400133352425,-0.807461003694756,0.546729257039138,-0.364313522861564,-0.0533462701043302,2.2274509734622,0.0372183911097512,0.058774420740584,-1.67741716656482,-0.93149718334611,-0.673006194910951
1001987.44247207,958204.06408072,-1.49089863676184,-1.45835840729309,-0.0383532302800885,0.421445574302189,-0.275441433544119,-0.400081617475651,-0.31114019462997,-1.30306870688929,0.557816015517107,0.595450332121145,-1.05143347687256,0.467778160148975,1.67394217954578,-1.17979253281401,-0.316660045946479,0.158437261724071,1.67599272976222,0.648011483379394,1.61964314377192,-1.14199346285969,-0.565569274381851,1.58426571270335,0.622973795156371,1.66907986833113,0.563569516896235,0.069144356078222,0.792675732774273,-0.352214942863668,-1.34456332434056,-0.761649536050079,-0.161575554860795,-1.56237099018706,1.27611160731008,-0.231357467974031,1.0922965295536,-1.22902415527872,0.641758041066834,0.217974169216324,-0.0753183607679176,1.22701360248131,0.359764549233212,-1.34528509867317,0.741350304551356,-1.6969634118874,0.924273932131499,-1.16109041430469,1.82447478811376,0.571053340064463,-0.568335021705262,-0.0319158439589282,-1.13197370595305,-0.369819041894509,-0.304051891464096,0.20867948470338,-0.168988974693138,0.31426765604613,-0.0293729157907018,0.861499855991593,-0.439009197696132,-0.382909226640879,-0.266846450749149,0.809559543088509,1.5301491247111,-1.20985589862413,-0.433742126084567,1.48450624098298,-0.812174762126484,0.554465587041322,-0.351498115841709,-0.072372447652649,2.2860041691788,-0.00805427994595152,0.0924232714892691,-1.63719463416571,-0.890618424238606,-0.676165312706698
1010136.6673868,958204.06408072,-1.41693032588288,-1.49984950686443,-0.0550533970352722,0.473643071141702,-0.310552461244544,-0.357076245806911,-0.304789336866728,-1.2112207463928,0.53295041210001,0.634994948777998,-1.0679984365266,0.424524543965965,1.6450847035621,-1.17204477781554,-0.298784303216094,0.182269555127601,1.77463998877705,0.635779281244794,1.60028997572105,-1.09067921559246,-0.562637150522044,1.61021513853612,0.596927168428991,1.64268308779699,0.586389936958583,0.0602206764110289,0.774715170110865,-0.348089393190144,-1.25519872828395,-0.768172718552344,-0.187413253385388,-1.64483907698997,1.32263269532408,-0.276836669972547,1.0594092577269,-1.20774516881938,0.64290942117842,0.169063944658317,-0.0981592322377304,1.16595220820482,0.280282245654963,-1.39523547820439,0.693325174860136,-1.70271875902687,0.997628308877974,-1.17736971138982,1.80982461548551,0.603209592305881,-0.599876264205264,0.0227357162069857,-1.12670539335044,-0.389173436990953,-0.325287254583705,0.189397926228337,-0.150091521640136,0.346454428716797,-0.0733943185710647,0.857176940205421,-0.457644364973339,-0.381831241832857,-0.295360645851087,0.808469174667756,1.48937215016456,-1.15736067174601,-0.381615836769722,1.53114094292922,-0.82784589359013,0.544312286878088,-0.364002112303486,-0.0770103277836186,2.31330400927949,-0.060534181119104,0.139383105623622,-1.60922424252135,-0.882999588292796,-0.673095261035543
1018285.89230154,958204.06408072,-1.34178234408979,-1.5376297001183,-0.0696387514302407,0.530256997090643,-0.345096524753255,-0.301532773619437,-0.305696964982467,-1.11902383773201,0.502403473331242,0.664642731800273,-1.07421177794066,0.380169841314345,1.61389419214403,-1.16020319720774,-0.277003056655145,0.2110411597875,1.87362039243176,0.620342937383952,1.57812398202642,-1.03620636579161,-0.566145448386652,1.64299337375863,0.57084401848742,1.60975786637988,0.616810823983954,0.0566527712239711,0.753501730429077,-0.339470823371758,-1.15416201905425,-0.775936690608605,-0.21748382349818,-1.74579791410976,1.37491109160259,-0.321016003060972,1.02757783673938,-1.1815663138694,0.646544169484549,0.115601902178466,-0.117360787279991,1.1046892311595,0.201240932701886,-1.44093424162445,0.640150815224131,-1.69618365947128,1.0785136332417,-1.19348069639179,1.79074267537491,0.642505512858138,-0.637751961270304,0.088140231878261,-1.11456913191845,-0.404070578871951,-0.343405413189668,0.169200915444987,-0.121202147374221,0.384379087685064,-0.115777503527819,0.857968552880297,-0.475661899023939,-0.361097773354336,-0.330188962161924,0.812630606775867,1.45038723652003,-1.09486101039634,-0.313911027408896,1.58304868475743,-0.845850390052093,0.529315761800788,-0.383225039187392,-0.0758136871821253,2.30671566872641,-0.15771263271274,0.16550004656874,-1.58921660091313,-0.891392233892057,-0.688038262977819
1026435.11721627,958204.06408072,-1.25052054353415,-1.57375073301219,-0.0829810790691228,0.600886910577735,-0.387878801462266,-0.229977211121882,-0.304713842058246,-1.00271586995633,0.468541209880162,0.698502614935869,-1.07619057736306,0.324213986132068,1.57096093050747,-1.13512569586533,-0.247240248918988,0.25294666453726,1.99375448352333,0.60159310074988,1.54535467521865,-0.969421190280983,-0.56826563974762,1.68271628617646,0.536502878666304,1.55631051684785,0.660122146262033,0.053706226445347,0.725134757024603,-0.333291852254142,-1.0379233055642,-0.782250508584931,-0.258076718224287,-1.86870608847826,1.44483574865764,-0.371849457347455,0.983844006610752,-1.14945022644477,0.649063368146123,0.0484804893677019,-0.140882737832652,1.02893667099174,0.106698506782601,-1.49326231204367,0.573097434264292,-1.67822031317308,1.18257600155039,-1.20867805194349,1.75802401492638,0.691094036322741,-0.678453987358698,0.172666152434028,-1.09214307907275,-0.422039784034005,-0.363262902590003,0.152193139738654,-0.0841713895221799,0.430306662869783,-0.161359259576605,0.855922483411118,-0.495663441958474,-0.330258457600591,-0.376276850460285,0.820070139576146,1.39670034102974,-1.01109442442615,-0.225849355291766,1.64342065309606,-0.86168273472558,0.50950022503593,-0.400999565590421,-0.0639240495140126,2.2719760579321,-0.303957985301782,0.176621807715565,-1.55992634110655,-0.904244862837078,-0.718205759458116
1034584.342131,958204.06408072,-1.17559022394722,-1.59130357055245,-0.0864042346992724,0.671094886738823,-0.439123694154258,-0.161571849196883,-0.299350883645788,-0.887158643616428,0.45083549478456,0.729517684059568,-1.07883965689883,0.26433653325376,1.51996290091828,-1.09360339788537,-0.218346016494072,0.309787936861169,2.11947417120919,0.586329423119341,1.50185131301099,-0.917750365546119,-0.565938479767413,1.72108101705135,0.494911210785587,1.47205288366406,0.718212507559744,0.0472000358789796,0.693751199675687,-0.354332137946289,-0.962181767196154,-0.786271779615618,-0.313578898353064,-1.9799243466428,1.53451996040945,-0.416339965898323,0.927318173876681,-1.13338442207579,0.641004713071876,-0.0217824581068629,-0.172290014110238,0.959429223926104,0.0271884960384098,-1.54615699702327,0.506272420184631,-1.65819219732773,1.29953457041968,-1.22440811596102,1.7051241999632,0.736309787582534,-0.705367237446599,0.258409037285031,-1.06166248757124,-0.451555730985634,-0.385532614812046,0.157089345886788,-0.0567663787411921,0.466839322436272,-0.191281711497177,0.842113101811534,-0.517902586330175,-0.303633995756503,-0.436771401025547,0.831299915037515,1.33038837376684,-0.923977086170836,-0.136733737117806,1.69368117226671,-0.868867379504802,0.488732153642447,-0.404244841569327,-0.0328335411395731,2.23380579371762,-0.433896740545743,0.181804947236369,-1.51438739638931,-0.908738459406512,-0.74115301365738
1042733.56704574,958204.06408072,-1.1354527755582,-1.58332736631176,-0.0768291059274454,0.727511706654899,-0.491550684905294,-0.110523606852464,-0.290154536367049,-0.79507448226244,0.4571104846099,0.751222388813619,-1.08383890444032,0.210352958836766,1.46888799224114,-1.04145495128466,-0.197450556760497,0.373386457166426,2.2301842768298,0.577734517726919,1.45332882557353,-0.896118779721114,-0.559615424895743,1.75046640130561,0.452315057096718,1.36187518230447,0.783099331197807,0.0358558587096343,0.664711037476172,-0.407292562713476,-0.949201907687542,-0.787096380294588,-0.378498486203066,-2.04685519485784,1.63174211314167,-0.443376072147182,0.864148472582241,-1.14302048529066,0.621731302169873,-0.0810828889986607,-0.208862838503965,0.912469824653449,-0.0144932816981231,-1.58915733284098,0.45387888084059,-1.64205812427339,1.41155848038527,-1.23845905753624,1.63600071870422,0.768233382720277,-0.708906359267364,0.329293538690753,-1.03004732084558,-0.491055277097433,-0.407029002361467,0.188281876202419,-0.046317820042415,0.484095849451931,-0.19426627244,0.815244711564646,-0.538613258852272,-0.289691228491366,-0.505074915342347,0.844404768981781,1.26141967496962,-0.850329274680308,-0.0637278581796269,1.72202944143337,-0.863868302084819,0.470441088910765,-0.388524860976408,0.0171489733504077,2.20884400873655,-0.50102426222944,0.186565746486534,-1.46329131860722,-0.901007614202156,-0.745756641412412
1050882.79196047,958204.06408072,-1.09142292993453,-1.56926937817552,-0.0653315563242848,0.78547591853493,-0.54631160792982,-0.0566148157822737,-0.278681113107328,-0.69937152177935,0.46429624295219,0.772565796568584,-1.08578822241344,0.152224311509172,1.41011192576043,-0.98386614907141,-0.174355094741772,0.44006904552979,2.34111707318813,0.568267951068289,1.39698101387724,-0.871371868572972,-0.550634181681136,1.77790183140147,0.405564289919495,1.23623632108427,0.850419648460586,0.0243645774950699,0.63232710762355,-0.465024706501714,-0.935201993612758,-0.785560554889256,-0.44819040462245,-2.11183524901787,1.73096194160143,-0.469976908472576,0.793591049702532,-1.1512268228586,0.599033194095032,-0.144498926994703,-0.247504876027723,0.860876011952661,-0.0575132674541027,-1.63030885258809,0.397094702572026,-1.62027489342201,1.52526703501419,-1.24950480130681,1.5561409351512,0.800131168686755,-0.709466885536096,0.402758569250228,-0.993596206433738,-0.532428417092691,-0.428459434826629,0.222342858600355,-0.0356928207157419,0.500933449925143,-0.195399694836491,0.784373433082493,-0.559090397540244,-0.27365793386652,-0.578454426955773,0.857335025149819,1.18303820890229,-0.772498276893844,0.0122007592739113,1.74772538381166,-0.85506654757186,0.450426845658588,-0.369694923527347,0.0704307332028678,2.18409755363241,-0.566960181060699,0.197585300254141,-1.41435971921434,-0.890044565701846,-0.746882812793301
1059032.01687521,958204.06408072,-1.04498996944028,-1.55158560164732,-0.0508353429860505,0.838750733944816,-0.598524857194597,0.00242342760725781,-0.256521742487008,-0.588834537196339,0.474228733129009,0.800618089549414,-1.07952927142575,0.0935113256824994,1.33915828362004,-0.925294518557571,-0.142538949028561,0.507151420436869,2.44541697585633,0.561363565741234,1.3294654481818,-0.839262302248404,-0.535837881348237,1.80610559242521,0.353681499113962,1.08795864028417,0.918640958839979,0.0143439777519134,0.605176973543154,-0.528185322591404,-0.922505199306446,-0.784678197710789,-0.523259998196999,-2.18031807922767,1.82817451847451,-0.491537390865075,0.72616479833138,-1.16285256568353,0.586814803410561,-0.213812617582262,-0.289410220516789,0.80193168228149,-0.104145790347714,-1.66318911176756,0.329319276681172,-1.60675386883167,1.64354139470509,-1.25659382495976,1.45646411726673,0.832612063713215,-0.716050298292128,0.469629430030791,-0.961216957009969,-0.57105490334933,-0.461482236509815,0.249559620993435,-0.020575437284896,0.521494997001427,-0.19034980940598,0.73589841640603,-0.585601351423427,-0.261725253793487,-0.649640758573788,0.871104844276572,1.09342964179058,-0.696048881036502,0.0920395519562583,1.76797245679164,-0.817513888664329,0.424407245043227,-0.335423841973289,0.134371515389116,2.16050269313474,-0.633543306949297,0.232847383838719,-1.38406485242331,-0.883845092416625,-0.743432645593927
1067181.24178994,958204.06408072,-1.0060766965457,-1.53588912187113,-0.0338314951741482,0.877569231451828,-0.637633567812189,0.0606421116476545,-0.221573534942995,-0.470676970491687,0.489307138345067,0.836738349515409,-1.06250012622122,0.0465599458588129,1.2640772624105,-0.877519214909681,-0.102458406768348,0.565280235076797,2.52745363026284,0.563198966498347,1.25949939598584,-0.80322722733406,-0.515055639912968,1.83649652917159,0.303326918565533,0.935180847661035,0.979942588469077,0.00727259576360496,0.59528190341134,-0.591598374129834,-0.918197499430537,-0.788366379688645,-0.593992427864167,-2.25207803481138,1.91129036953259,-0.502533922745354,0.683779098615336,-1.18299897457365,0.597923050679508,-0.281266422918947,-0.328830690680512,0.745419721806728,-0.147282523803392,-1.68024028969931,0.257011698642978,-1.61545087155363,1.75369970043688,-1.25969655208027,1.34661387447072,0.863016317929215,-0.735800563102787,0.514601335904576,-0.943871109118383,-0.598529068300066,-0.510596430905067,0.25990304277924,-0.00135928186085786,0.547270295384457,-0.176139857155472,0.665497429793582,-0.621837590967133,-0.260580439194169,-0.703810167438268,0.88734843151944,1.00692803572277,-0.636734033363869,0.16650527465542,1.77940116200105,-0.740542747853033,0.395166109979323,-0.284778208113112,0.203516345366883,2.12577302206885,-0.70010788896045,0.287095578228042,-1.37506630400257,-0.891188579453875,-0.745644428704107
1075330.46670467,958204.06408072,-0.975711903667188,-1.52195331905624,-0.0156483606793782,0.90119901190334,-0.660032547517749,0.111753098255559,-0.179376626831416,-0.362269947416192,0.507525836696079,0.876464825152524,-1.03885575051873,0.0172662194622918,1.19572438999488,-0.8428065109906,-0.0587689654240493,0.610795487292146,2.58506045676031,0.572798905249277,1.19642906080603,-0.766870853026525,-0.491317002879323,1.86656051059371,0.261701424063264,0.797102911720657,1.03015209692088,0.00738003701406899,0.601336403317114,-0.646400792594933,-0.920210175280433,-0.794157695184369,-0.652041153402269,-2.3153693331074,1.97549862357003,-0.502170295555883,0.667382501264575,-1.20498278725558,0.625728069718586,-0.337675279638788,-0.361488679830462,0.698219990002696,-0.182484389247991,-1.68161472944714,0.188975213805457,-1.6394756808331,1.84707990481968,-1.25975597798795,1.24078668288054,0.889600652270164,-0.763274028743527,0.53892167158161,-0.938527949161323,-0.613368935118532,-0.567532600406775,0.2573638886476,0.0191499423407139,0.574099830248612,-0.156419167366539,0.587865984652762,-0.660115317947375,-0.265545534106362,-0.736614783601984,0.90486072013934,0.932336139306006,-0.595991107112459,0.228668881553607,1.78499756134948,-0.644393247777216,0.366476374705041,-0.224600088551063,0.269920527891088,2.05840396994035,-0.768232572252907,0.334332190099284,-1.36596384845382,-0.908847234324576,-0.774565621509044
1083479.69161941,958204.06408072,-0.942117557216497,-1.50304465168059,0.00431331540707946,0.924056162581458,-0.679925101171177,0.163974733701226,-0.135182183139887,-0.254537084714701,0.526150534037349,0.915791772916398,-1.01100387935182,-0.0118812590519406,1.12205501215981,-0.804777808929202,-0.0131751271783987,0.6566030758748,2.63779471319326,0.582566183027218,1.12885139549325,-0.727428509204161,-0.465067375288478,1.89352895760594,0.219054316502541,0.649230013028565,1.07959374449527,0.00849912646970643,0.607262475667609,-0.700925917735488,-0.919137198628387,-0.797251753303828,-0.709943374385976,-2.37303858822488,2.03684570476744,-0.499128236335996,0.650607099182681,-1.22379521125194,0.654219335487701,-0.394395267632729,-0.392885785956326,0.648713973616332,-0.216790922689388,-1.67726194520879,0.118615849017948,-1.65904497082553,1.93738841475306,-1.25574661088935,1.12652572908509,0.915229791136551,-0.788942657976507,0.563075197417489,-0.930003615473965,-0.625995586770958,-0.624553046844449,0.254545469401383,0.0406217040345785,0.600981776780191,-0.134592578017654,0.505921460999614,-0.696643185198851,-0.269110942393901,-0.767451886651232,0.921634049424488,0.852972328780409,-0.553051454561647,0.291208269111298,1.78693139837151,-0.546738275120766,0.336891889844931,-0.162112433148241,0.337178501860256,1.97625729968441,-0.838299621630928,0.379834810174487,-1.35123974479399,-0.924613093046121,-0.80923262780201
1091628.91653414,958204.06408072,-0.921062257975463,-1.48106711400695,0.0314482263046981,0.949092290128467,-0.698972458983597,0.202056077427933,-0.105881189699119,-0.1752515603397,0.563264518949134,0.955961747468599,-0.973331139961104,-0.0431763051456258,1.04366818196172,-0.764495816893452,0.0344719327834133,0.713672844643416,2.68158134375573,0.599233304961016,1.0664754618823,-0.690515618926676,-0.444035457625091,1.9053175693259,0.171011186970855,0.508947563483338,1.13153634518403,-0.00219782889098009,0.611459545297125,-0.756223261485637,-0.917586989908505,-0.794897515049963,-0.775054413830213,-2.37436642671326,2.10263589104878,-0.491566526262699,0.631060842021028,-1.23069894270549,0.68772764167871,-0.448086395457482,-0.406180437314371,0.599949033330183,-0.241628378630265,-1.66055941889542,0.0639123640985225,-1.67412221640107,2.01653454044604,-1.25675288823137,0.999036160330049,0.935120066359405,-0.806122161846094,0.582300608288116,-0.9066761455678,-0.64440799554315,-0.66784875285245,0.245062765174624,0.047543350501095,0.628771845241128,-0.105494511341845,0.431489976407414,-0.722570138139384,-0.273868589403051,-0.798014709397809,0.927736263646934,0.779750204180542,-0.509413197383706,0.353026832504224,1.7743667584882,-0.46745006163325,0.307494276832469,-0.110351148717577,0.38920311374587,1.88396319854207,-0.882505260561818,0.430720687562999,-1.34606140862229,-0.932741244576386,-0.849809227195039
1099778.14144887,958204.06408072,-0.924394416072636,-1.4608867398594,0.0670101037192381,0.977099560897902,-0.718187774411047,0.21561293555036,-0.10357054752854,-0.142816811353568,0.626270142297498,0.995512020030079,-0.926177693011455,-0.0765657518188192,0.966505674201861,-0.726719992204993,0.0802484242144623,0.784558456221691,2.71302967125515,0.625381794105895,1.02077868564119,-0.662821202297152,-0.435117300174977,1.89638894369813,0.117807269246807,0.399442423331557,1.18553960597082,-0.0333400873661532,0.612975727709858,-0.811098974795957,-0.91862684808124,-0.787181838373602,-0.848518313037962,-2.29899476344257,2.17473116028981,-0.479783995850966,0.611013954155546,-1.22357418374854,0.728230446595208,-0.493678609366261,-0.392038449287158,0.558006028483236,-0.25010820773046,-1.63205999518531,0.0401035935930438,-1.68619290915811,2.07670300568099,-1.2701077337478,0.864925890587022,0.945549437409599,-0.810978387711357,0.592671817449456,-0.865873616277441,-0.673127451038052,-0.687295140847974,0.225448727775501,0.0305936569294815,0.656769842318001,-0.0681962370471966,0.37613546804243,-0.732387305683067,-0.282467993254437,-0.828524470539392,0.918475320186097,0.72597698363453,-0.469825911250523,0.410490597400969,1.74267655323735,-0.421102437803702,0.282257041619366,-0.0810202378145975,0.414569755261336,1.79223739723823,-0.883223057937277,0.486901751503187,-1.36020706849287,-0.930853217346377,-0.893990398502128
1107927.36636361,958204.06408072,-0.930206940928911,-1.43937254826107,0.101852687089685,1.00413246508548,-0.734570515309399,0.222650828545696,-0.106999471153028,-0.121948702576891,0.69114930717417,1.03149535358765,-0.879034539055142,-0.108603219741519,0.891603977273121,-0.69028796334662,0.123239631903376,0.853303778629781,2.73782223828793,0.652216337695487,0.979450625665303,-0.637241006487254,-0.427604690957898,1.88015737018513,0.0655383098050214,0.29865916830763,1.23575934583075,-0.066612930680054,0.61395639676213,-0.861219230651351,-0.918030889259249,-0.776535393414636,-0.91941127214769,-2.21260207363795,2.24134034037772,-0.467790027802493,0.589316491806978,-1.21150553554358,0.765552943674645,-0.534646866878331,-0.370988226293843,0.517844321752401,-0.253853998396524,-1.59977159675777,0.0253835129303092,-1.69424746091344,2.12698916783015,-1.28219887942624,0.730286431330058,0.95291153659649,-0.811527823937663,0.600886236957549,-0.821470662718633,-0.700611311501847,-0.698092224126757,0.204222441038358,0.00884250284887577,0.683376794050343,-0.031126628565372,0.328034307020654,-0.736465366284457,-0.289647839947268,-0.855903264136596,0.904782752958142,0.678359497327057,-0.432391197684396,0.462270752763334,1.70534291701324,-0.384806158149121,0.257516561571937,-0.058396041695767,0.431598212743956,1.70242450818629,-0.872883838175385,0.54011380026611,-1.37322066886404,-0.923819170863494,-0.932249715974066
1116076.59127834,958204.06408072,-0.934038535299209,-1.41585344378898,0.13520412315151,1.0266804248024,-0.751132842341463,0.23034672632538,-0.119966201649701,-0.10091277834011,0.744104994622212,1.06657471866616,-0.836722056237709,-0.140417218136398,0.82766576602304,-0.655252828538436,0.159503609417163,0.917498335947181,2.75240694871889,0.671154641403855,0.945890303366527,-0.615188435154655,-0.424879673588127,1.8607341445497,0.0191903145687915,0.201943972162702,1.27710947832016,-0.0963393307237288,0.616593990101947,-0.906327636677608,-0.918093890708298,-0.768454953862398,-0.982098876076626,-2.15830163020426,2.29353029614485,-0.462418771466586,0.5761550073429,-1.20306173820513,0.789028886803449,-0.566511411369987,-0.355304098992349,0.478581309673769,-0.251257566852789,-1.56385311477445,0.0132257956977926,-1.69362933413713,2.17068495273607,-1.28995380109559,0.60244056759314,0.956418730547389,-0.813324919462501,0.613308664936018,-0.778785328268067,-0.72090271550526,-0.709298794049445,0.183555989706701,-0.00444401268386232,0.712753598275245,-0.000571435269315011,0.283396124515137,-0.738829926496719,-0.291327767341556,-0.875422266437517,0.899245553854727,0.636514516977584,-0.396580924986464,0.507306512900252,1.67197793185802,-0.351243112166516,0.227456533094443,-0.0456411405541778,0.450867570469067,1.62389072284117,-0.871231645993544,0.573976929293596,-1.366276639474,-0.904110220965246,-0.943866063099317
1124225.81619307,958204.06408072,-0.934790498362436,-1.3859308769624,0.170269986866053,1.04470078724256,-0.771289609564813,0.241258288798479,-0.155409137771358,-0.0751646903976237,0.781840314265239,1.10706142675419,-0.798893533356008,-0.175769306680786,0.783877904185493,-0.618308947566468,0.187939519748704,0.983624509670988,2.75247194992634,0.677684473979187,0.92704223053934,-0.598076577636966,-0.431558897859167,1.83469951328989,-0.0191894995955175,0.104454576371211,1.30780676782439,-0.121169228880594,0.625488648448585,-0.94579427915939,-0.920587384980082,-0.76485206817973,-1.03447334124941,-2.15941340806594,2.32613756271931,-0.471686251561094,0.579566274019909,-1.20104678076076,0.786136849623996,-0.583216121047549,-0.348262119206858,0.437129415602334,-0.23535796938241,-1.51571036238245,0.00566160740613032,-1.67655014587443,2.21067296526048,-1.28972880208312,0.480291389009853,0.954915042259124,-0.818579215154759,0.637877973727101,-0.732751944780196,-0.728145671665955,-0.722910056412539,0.162460639497976,-0.000136865564343371,0.754474296560467,0.0208583345227751,0.242477906219642,-0.739028788177489,-0.280471804864407,-0.880382478685884,0.912410647149161,0.604146124808237,-0.35862094408931,0.546070111061762,1.64706346158415,-0.319294937310895,0.181869702672426,-0.0528178614114345,0.47751386667095,1.54468067110185,-0.898426924962358,0.588221426587563,-1.34540820201165,-0.86980889163611,-0.93545640036916
1132375.04110781,958204.06408072,-0.93038750020208,-1.34392432895923,0.211443184349673,1.05841276762952,-0.795467291244357,0.258310866880903,-0.220151793501049,-0.0404759103822034,0.80374943558327,1.15726440904465,-0.761109128956889,-0.217119583274032,0.762947177421679,-0.575513891306041,0.210136422360822,1.05676760070837,2.73317315903093,0.669238482196382,0.925439638757784,-0.584177150299994,-0.44866318081168,1.79902489932101,-0.0487836963481439,0.00252675378402074,1.32820855886834,-0.14054303572834,0.643202390753972,-0.979004787601477,-0.924276546706666,-0.764421030408471,-1.0750021589981,-2.22611988769745,2.33684977510493,-0.496900075740124,0.605586379387022,-1.20540625564912,0.752185355971443,-0.581136043318479,-0.35102372097048,0.391524675551742,-0.201086106120167,-1.44804882497027,0.00387008462604338,-1.63638319079818,2.24831659271399,-1.27781566330469,0.360299497237212,0.947356913255239,-0.826058314080925,0.678781036089782,-0.67836772616135,-0.718486373703641,-0.739487868268383,0.140707481688644,0.0274318422721455,0.814081537931008,0.0343318363252602,0.20398467593552,-0.734995076528771,-0.252372379109188,-0.865750320671641,0.95037335498737,0.582099140739954,-0.314009008321501,0.581470846573878,1.63172358244271,-0.284376923459226,0.115937430189412,-0.0834051801281445,0.516650890720826,1.43896441737864,-0.98620600940662,0.596714612517727,-1.32777753568713,-0.827700776334353,-0.936493203488815
1140524.26602254,958204.06408072,-0.921622213528019,-1.29707251184184,0.253023373934164,1.06991697007849,-0.817709046967523,0.276371409746642,-0.288735383245371,-0.00269548841948391,0.818864837360355,1.20555732257616,-0.7227604767734,-0.257826174437384,0.746451351953527,-0.532600358819839,0.230379848965156,1.1269119978822,2.70787359903221,0.657064682603554,0.923634000215818,-0.568530186426458,-0.464485677850901,1.76111931219073,-0.0743054409571189,-0.0962333010984757,1.34421280040419,-0.15744121184422,0.661914661999564,-1.0063064588169,-0.924506226691201,-0.761488283636983,-1.10812753285423,-2.30320516854789,2.33970108410902,-0.520465369785968,0.63630449941408,-1.20824802457111,0.712412547821562,-0.577501431882332,-0.354332900707104,0.347426428642834,-0.164510841819334,-1.37810663708381,0.00365523060497925,-1.59003683720256,2.279880200211,-1.26005589368268,0.243664028161227,0.937446280819933,-0.830178017106765,0.719887644912545,-0.622375513113705,-0.704430756793473,-0.754500664597563,0.120068849599497,0.059662263269838,0.87495697050885,0.0451576420646754,0.167387026324514,-0.728951049469925,-0.219425504463249,-0.846079614402578,0.990893752385782,0.562413565812272,-0.268165937908391,0.615345300435862,1.61794082882048,-0.247850292618253,0.0497302580071496,-0.11758676148122,0.556283247974915,1.32042028163828,-1.10969648010807,0.614273851690841,-1.31445488967611,-0.789074253452866,-0.954840836385862
1148673.49093727,958204.06408072,-0.911793961266403,-1.26692119834783,0.295255383668047,1.08785442858323,-0.845540612162844,0.289311617178874,-0.346195190888262,0.0430486293926699,0.823770986809988,1.22885572257421,-0.6900113735009,-0.284822184508184,0.745901028834008,-0.495432917155993,0.236382301139028,1.18348437955067,2.69166086745854,0.650641490854592,0.91593062333816,-0.53679436379551,-0.465916123460675,1.72243868941391,-0.0854968017822511,-0.178195771761949,1.36077664019104,-0.162622644163095,0.671759329428328,-1.03667064265549,-0.9170037247079,-0.76499715114938,-1.13493094150173,-2.37349071277185,2.34133966290744,-0.544976779483107,0.667308588856607,-1.21300475428758,0.680724869258757,-0.576610953865002,-0.359552076732448,0.322721770426584,-0.131086195145656,-1.31761106991315,0.00209797314902059,-1.55056084141181,2.27613752729891,-1.25877479285165,0.15192032784169,0.937076992368612,-0.840167902171,0.762996205300099,-0.57568432432432,-0.701768951556028,-0.757878859355958,0.105792674836419,0.0988512748984013,0.928523944319109,0.0360283855543072,0.165547197054886,-0.721737054805847,-0.186379764115292,-0.834714523214729,1.02496867303811,0.528852048683557,-0.239482781633716,0.63800605853893,1.59497134887559,-0.21626641138742,0.00111978153583586,-0.159761611300705,0.583087949626546,1.21920534181961,-1.20345833673101,0.634673186232818,-1.30772941835968,-0.776043078399893,-0.960501513439219
1156822.71585201,958204.06408072,-0.901178608774691,-1.25760859420086,0.344315695506013,1.11754004865975,-0.887302035794612,0.296721539012901,-0.395337184338597,0.106088420297451,0.815261720976531,1.22123499462429,-0.661392235234151,-0.296892635044984,0.767685050355643,-0.462113883811638,0.222778308528,1.23067304408964,2.68788247348038,0.65131014350479,0.899414880732902,-0.479884472066814,-0.44818506087772,1.67823052785349,-0.078947785506736,-0.245370440265835,1.38122041846701,-0.15286400929854,0.670797535523018,-1.07696668816483,-0.899312623470855,-0.77947766107407,-1.15793446776291,-2.44486815243594,2.34359509533812,-0.575056437072269,0.703029842407665,-1.22193828730762,0.656598324138911,-0.581116481269209,-0.36914946680053,0.322491128316451,-0.0984219353179594,-1.26321293887938,-0.002591488330773,-1.51653615133772,2.22334852186029,-1.28295532124433,0.0858365816821316,0.950930540137243,-0.861249208598312,0.814562316594508,-0.536234225314381,-0.71629963856313,-0.746420125789281,0.0982977187612735,0.153047898824202,0.98019599368207,-0.00400912828848201,0.211976355530277,-0.713265723606292,-0.149625898974644,-0.834448465760252,1.05564391199348,0.46982168110242,-0.231273933925002,0.648956178503267,1.55652745134442,-0.187816455256534,-0.0284534744845423,-0.220967355373073,0.595646083228869,1.1372355492196,-1.24736601157405,0.656651668775579,-1.30744447027199,-0.795097246785518,-0.939862049454937
1164971.94076674,958204.06408072,-0.889117309936275,-1.25620727419586,0.401425812867401,1.15570530921939,-0.941562837499306,0.301946453566909,-0.444975441960893,0.182847310847041,0.79994072092552,1.1975267684805,-0.630224473145427,-0.302824421913326,0.802457174955684,-0.425289606822521,0.197838601582928,1.27885573432303,2.68686747192918,0.656098846652962,0.879048485686187,-0.406370859592335,-0.419126154078102,1.62507247623702,-0.0627306601181365,-0.314350219262349,1.40502722115883,-0.134175609154816,0.663684604394964,-1.12648394334446,-0.874677331383687,-0.801337359372337,-1.18063706366456,-2.52302154060895,2.34498744731811,-0.612183008178719,0.744346464873719,-1.23266562895373,0.632920463176582,-0.58604747603206,-0.381120862351199,0.334013158064004,-0.0616421491980471,-1.20465710658544,-0.00905162184352221,-1.47996421873109,2.13867941938756,-1.32160177237894,0.0236806857144141,0.973723736859064,-0.890390907059622,0.87557187568882,-0.495663854658458,-0.739728286280558,-0.725790976339768,0.0928867026887288,0.219668048858393,1.03496917769941,-0.0650643822744775,0.286043889811521,-0.702144237512746,-0.107762932155954,-0.838318058682534,1.08789240661347,0.390450996395783,-0.231880645354427,0.654851105035113,1.50373412968917,-0.157199676370536,-0.053206675636354,-0.299849574084941,0.602686594601965,1.05297527735379,-1.27257344376764,0.681545110179602,-1.30736324288731,-0.829447734201956,-0.903644230305379
1173121.16568148,958204.06408072,-0.880588407557441,-1.25456169589053,0.454992275310365,1.1921506576441,-0.998407636536678,0.302266640241799,-0.489510170252879,0.254407677984973,0.779370439291499,1.17092824949015,-0.596226149589732,-0.309366427267195,0.839236181583019,-0.380066279172558,0.169822257878517,1.32619018582009,2.67761268727124,0.665035191512962,0.862804392057924,-0.338683550842777,-0.383464976325395,1.57658361498726,-0.0427377866216228,-0.379270165137809,1.42645478082464,-0.113661638579223,0.653423278465348,-1.17407919335648,-0.853840426915726,-0.824027376367982,-1.19940075719354,-2.60143741140952,2.34019239816521,-0.647763248213193,0.789084295602602,-1.24079932818728,0.608474498219375,-0.588274518131874,-0.386845405250772,0.350362653505784,-0.0222944238487545,-1.1443818116944,-0.0131796335255957,-1.44050115671148,2.04899414918543,-1.35840335588018,-0.0365420124830561,1.00180864927908,-0.924196953546668,0.940244425731604,-0.457855532630493,-0.763753964219472,-0.698711341985795,0.0844632196509502,0.279886936262621,1.08192852502793,-0.131268434069851,0.361317830072179,-0.687863021510245,-0.0648135055124232,-0.83768020040078,1.11954892966019,0.309335536892455,-0.23733915804501,0.659523007126005,1.44270546031283,-0.128098178064326,-0.078937442765531,-0.384897289399939,0.610585186408143,0.964329418349563,-1.32367118471294,0.704758055824853,-1.28477830428051,-0.845928280040781,-0.869736264369814
1181270.39059621,958204.06408072,-0.894568225377722,-1.24986258269462,0.486676367810696,1.21459239419843,-1.04802966069792,0.284795990568559,-0.51494245984209,0.288608848152884,0.746686207388577,1.15841254218505,-0.558101550623633,-0.322517379880025,0.872206262556211,-0.308153592556894,0.142586128215865,1.37061075646967,2.64022053790277,0.689633105470097,0.861342227750713,-0.313899960930535,-0.334982381285913,1.56427724300706,-0.0149477976285997,-0.423601491953414,1.43855443981774,-0.0960715712593115,0.63741295008649,-1.20512377212404,-0.857833342773922,-0.847822329035535,-1.20953897168188,-2.67200004172225,2.316094835481,-0.666190353398683,0.846183183170949,-1.25037404338143,0.584017452398628,-0.580557312248973,-0.365679431895509,0.374073670270224,0.0231284654729541,-1.0859370939357,-0.00441689414912601,-1.40731999942456,1.98995669063154,-1.37080068131906,-0.0889332058769506,1.04350776698201,-0.969743205269177,1.01617888666171,-0.437576824422948,-0.783684712274224,-0.656013928823585,0.0638808499188291,0.299721591086381,1.09579351869454,-0.183084625984742,0.413747822073304,-0.668970344227184,-0.0233975044059944,-0.823256721885349,1.14732273278068,0.255715885096795,-0.25707059373589,0.666088848253458,1.37199425677563,-0.108328183306699,-0.110425551125776,-0.463547287646649,0.627902778298212,0.875589954253567,-1.39770264990062,0.716587193616328,-1.25255615748208,-0.871402818307012,-0.821494546247616
1189419.61551094,958204.06408072,-0.940884221674881,-1.24151852699439,0.495043453753559,1.22267721060983,-1.09528174889663,0.242310523370575,-0.519707836025285,0.281525610188106,0.692660447718292,1.1638333114078,-0.509230151085483,-0.346371165955963,0.904867935311553,-0.194607967011743,0.112429898220351,1.41871920614839,2.56206880137863,0.738020508151374,0.877039406657405,-0.33957632329045,-0.26457304147419,1.59830389516115,0.0263572392209766,-0.447301869187423,1.44164190367358,-0.0792512444394055,0.612364496800327,-1.21808201923997,-0.893871906083937,-0.876257509690985,-1.20892615390977,-2.7407705524257,2.26554031777542,-0.665864807919278,0.926647141100701,-1.26331382576024,0.555717396212039,-0.559839264378673,-0.309651068414036,0.410450925400537,0.0825037517962615,-1.02128361619578,0.0218578016862404,-1.3784199211995,1.96435299064759,-1.35548511730219,-0.138419337491461,1.10904418854032,-1.03805966147001,1.11493662794145,-0.43519297037289,-0.801068202544758,-0.589400714741802,0.0244149744153131,0.27071321751652,1.06886479221578,-0.223098990116789,0.445982165667468,-0.642000065996803,0.0228477024860012,-0.791342925961669,1.17377175225423,0.231150275390997,-0.298405175482909,0.675888387109244,1.2793726878036,-0.0970043732052442,-0.154752354703779,-0.543961220065754,0.660331262784596,0.778569447842035,-1.47348147081443,0.715495042240685,-1.23177365260256,-0.947962850447004,-0.733824309404377
1197568.84042568,958204.06408072,-0.994230886400434,-1.22988643159,0.49750815547249,1.22628632161847,-1.1403927247066,0.193304117827786,-0.52109732602299,0.264696094427682,0.630610784517004,1.16936511858109,-0.456902326185935,-0.37232362622205,0.936578763318272,-0.0743011908041736,0.0808285037769957,1.4661569712121,2.46732725690105,0.79068704900334,0.894090721267065,-0.375256463256469,-0.189744812040279,1.63903927646427,0.0714655350165783,-0.467767574379599,1.44146805194852,-0.0623649769492261,0.583720173632492,-1.2262262257669,-0.93683715167615,-0.905959315562196,-1.20444364524237,-2.80785455281977,2.20377737016452,-0.660965048537419,1.00994794188467,-1.27674970761317,0.522919382005432,-0.534865970453739,-0.247534445847927,0.449949409410947,0.145243648484003,-0.954200238688701,0.0519529783530079,-1.34801532948165,1.93961498076266,-1.33390826588977,-0.189997989605522,1.17649447560057,-1.11216101660953,1.21587326505564,-0.435259542942679,-0.818118841855182,-0.517738966040442,-0.0206063655853981,0.230005544474106,1.03138074119893,-0.261107221452373,0.474527770870373,-0.612338945734319,0.0715332496224468,-0.756095301849556,1.19878076369115,0.211018057265149,-0.344688044158305,0.684423290036829,1.17598513502542,-0.087564012978903,-0.20425139495293,-0.627017841719376,0.694940089486875,0.689717780652309,-1.53624546356493,0.727057646162147,-1.22243387808994,-1.024704609821,-0.623409545347294
1205718.06534041,958204.06408072,-1.0522065212958,-1.21506049920013,0.490519133722089,1.2298325509456,-1.17253485589683,0.149845501494161,-0.538712845783325,0.227662652418416,0.568896759763531,1.15768483589938,-0.404834383656822,-0.371973968530304,0.973625554329972,0.0504680255567318,0.0579309069221094,1.51225436911903,2.35766286172746,0.84360181009517,0.922315579827834,-0.412588151287333,-0.128326155610086,1.68509478913373,0.126670801101616,-0.485834619205816,1.44933465891732,-0.0523248400071844,0.548997943505436,-1.23740498454895,-0.987663810595783,-0.944591295343742,-1.20108149055507,-2.85999532617795,2.13684717418424,-0.645368665120689,1.08666605499583,-1.29519949185839,0.477685826806773,-0.497435338358815,-0.190703882827298,0.500882254314948,0.208552646336464,-0.896362274761571,0.0790143891935895,-1.32218455974336,1.90814064798473,-1.32238227336572,-0.249441455649267,1.21306901370607,-1.17302028483315,1.29854168617912,-0.434626759512475,-0.832525756010079,-0.451650398344095,-0.060545662238228,0.186108833758546,0.995218593092159,-0.296920815186558,0.49667654743988,-0.582545633294594,0.126910299685157,-0.740301746758814,1.23208498399237,0.206858089371648,-0.376484506763476,0.681678790218958,1.08451834220346,-0.0907385350845887,-0.250890792815116,-0.694621635548298,0.727715486768998,0.606461434782909,-1.55701147589629,0.743739013147149,-1.19562198182048,-1.09846167930396,-0.514558419489091
1213867.29025514,958204.06408072,NA,NA,NA,NA,NA,NA,NA,NA,NA,NA,NA,NA,NA,NA,NA,NA,NA,NA,NA,NA,NA,NA,NA,NA,NA,NA,NA,NA,NA,NA,NA,NA,NA,NA,NA,NA,NA,NA,NA,NA,NA,NA,NA,NA,NA,NA,NA,NA,NA,NA,NA,NA,NA,NA,NA,NA,NA,NA,NA,NA,NA,NA,NA,NA,NA,NA,NA,NA,NA,NA,NA,NA,NA,NA,NA,NA
1222016.51516988,958204.06408072,NA,NA,NA,NA,NA,NA,NA,NA,NA,NA,NA,NA,NA,NA,NA,NA,NA,NA,NA,NA,NA,NA,NA,NA,NA,NA,NA,NA,NA,NA,NA,NA,NA,NA,NA,NA,NA,NA,NA,NA,NA,NA,NA,NA,NA,NA,NA,NA,NA,NA,NA,NA,NA,NA,NA,NA,NA,NA,NA,NA,NA,NA,NA,NA,NA,NA,NA,NA,NA,NA,NA,NA,NA,NA,NA,NA
879749.068751066,950054.839165987,-3.2740204320117,-0.896604355206868,0.511313354824586,-0.190210371101716,-0.191385985800401,-0.137623036226,-1.11482777903141,-2.81128393495863,0.731733066002252,-0.402417171750221,-0.641753532682188,0.771318255504717,1.73969438457325,-0.961148602400172,0.303622795983532,0.306369519691909,0.215902132930407,0.816038984077806,1.27330071148615,-2.02190407683443,-0.723183104721437,1.13877124848974,0.461141279383161,1.34199625470688,0.368553820318552,0.394518138459283,0.731631881311236,-1.27993666544031,-1.96977411131185,-1.14071798874116,-0.639619388261685,-1.14854584464638,0.936152415103054,0.342379767449098,1.60701154620504,-1.11656331910173,0.520085444258056,0.347667245182526,0.18234838628384,1.9248929836275,1.27135640566488,-0.696236298423372,0.932648950005869,-1.44837346231611,0.641233198599628,-1.83020288278847,0.795796681230348,0.399747676653378,-0.58377491968777,0.166161597441686,-0.659847283873332,0.166741452752691,0.251323688429818,0.686505248035249,0.160254146222381,0.0712126090511252,0.73443487363818,1.34531273760581,-0.30718661315342,0.288285949140876,-0.100949292554948,0.868613819314208,1.910696683832,-0.848453754295308,-0.534902786322994,0.931508669484312,-0.942117723824352,0.300071041782322,-0.553690162639741,0.520619221536076,1.4238336556099,0.727217137546499,0.171223364825067,-1.70101774412051,-1.41091822579624,-0.313474750045593
887898.2936658,950054.839165987,-3.2009729285516,-0.900603411874805,0.494286375562382,-0.179865456050087,-0.162758639496959,-0.166820329962035,-1.06951506882941,-2.8054614436089,0.715305396124243,-0.386238013850951,-0.650201940280258,0.76401017123677,1.75682734573668,-0.985817607113307,0.251058223182986,0.274264635029976,0.266413971772147,0.80685160824831,1.31693286133292,-1.9795941330703,-0.732893357442001,1.16822710997744,0.476909389246173,1.36673401632054,0.383679022944976,0.382499729826963,0.73585743017951,-1.21474130883597,-1.95954775304597,-1.13002105564333,-0.61355124735731,-1.15203047472491,0.933265063687202,0.337288658124428,1.62120203516067,-1.124068504235,0.530819482296778,0.349761874736347,0.165884228902172,1.90487423583716,1.25006306527421,-0.710927291913505,0.941371247670945,-1.4535682473292,0.636141720153455,-1.77594124083208,0.879844572271737,0.398058592505657,-0.56537043897491,0.12150903912148,-0.693784079523526,0.144690649187735,0.223839335790315,0.672115053324793,0.153728137523424,0.08308665351517,0.691354159736278,1.31213393924011,-0.318607412604178,0.249375564153051,-0.101808002027282,0.870072321927562,1.90247884917846,-0.892375076037105,-0.533879170099417,0.949455632527927,-0.952467560219214,0.315837288971303,-0.547551167873599,0.496798552834234,1.45710895245126,0.714323312357349,0.169008508820363,-1.71448285872679,-1.38630388486444,-0.347587595081112
896047.518580533,950054.839165987,-3.08315999905799,-0.900829156440052,0.469121066681969,-0.174488067364558,-0.112409018154805,-0.220356367784993,-1.00402682371535,-2.78740636022362,0.688645832805258,-0.350295603037915,-0.665086721348455,0.766313031787916,1.76656325477917,-1.03006584191401,0.181232961646546,0.217796832447242,0.333785174698545,0.812957107332424,1.37738475820165,-1.90439578085644,-0.745050223107676,1.20751205458947,0.508627590519878,1.40172771020926,0.409883153726523,0.378077582488664,0.74041810124855,-1.12421599366198,-1.94334821390233,-1.10785118684352,-0.564139574553065,-1.15485742680972,0.927676602735092,0.341942492366302,1.62974041108915,-1.14234029697172,0.554019698469037,0.353446259658586,0.147681167012656,1.87862781594462,1.22099184497267,-0.738118558553228,0.949839986797593,-1.45602733278918,0.611711372316668,-1.69620756271594,1.00159330419342,0.38976727268585,-0.546442701470938,0.0635482296500057,-0.737370482225717,0.117791473766359,0.182759793528691,0.642535602495829,0.139570820095028,0.0912361285510075,0.63120743623196,1.25135319024437,-0.327235316793498,0.188402348199659,-0.101657867244032,0.865986349264724,1.9000610070485,-0.96524460326818,-0.536807214462581,0.965505118998395,-0.956919572093289,0.333049235627943,-0.537945854123795,0.456117824271158,1.50475890153149,0.710472628343613,0.159309740962407,-1.74248211332741,-1.3538807829011,-0.399972947573841
904196.743495267,950054.839165987,-2.95919968772423,-0.899355259344374,0.442562124827924,-0.169740533013964,-0.0610895751181943,-0.27672311076549,-0.936925362178615,-2.76403007363453,0.660175894811594,-0.312414925131107,-0.680231886710422,0.769268689663429,1.77158097149058,-1.07635331730304,0.109549156154276,0.158334675215905,0.400368819878966,0.819708602253696,1.43410872457225,-1.82454425581589,-0.756504972118785,1.24411252407906,0.5408789147997,1.43411906081892,0.435859098484095,0.374523938167846,0.743523246201683,-1.03237678480975,-1.92460310753405,-1.08291431514319,-0.511416629822847,-1.15783106686007,0.92003761556764,0.34728285143024,1.63363553589418,-1.16173402652142,0.576984896173476,0.356398301186854,0.129516024932525,1.84935694550712,1.18965947083889,-0.766400279410884,0.95624500445029,-1.45628660369665,0.583377302051544,-1.61343286224828,1.11939989711759,0.380070384795081,-0.527810407533908,0.00437406702877448,-0.781362452016937,0.0904294360082521,0.1398604714401,0.609928640649329,0.123459186890436,0.0977193050616653,0.569184852135578,1.18546029527946,-0.334652126615314,0.124389732429574,-0.101430803187502,0.859428142933322,1.89574772192679,-1.04245895921349,-0.539943014504753,0.978867146076474,-0.959570143992773,0.349377630960127,-0.526430920464104,0.412249796723605,1.55835831878074,0.734618130671578,0.1553849640652,-1.77636242572623,-1.31738676166922,-0.448860783918468
912345.96841,950054.839165987,-2.83585070843537,-0.905326269303209,0.409890913734346,-0.153273062564237,-0.0238328453056147,-0.32131190739647,-0.874134912121149,-2.71844897060389,0.635821405020847,-0.280430820361375,-0.691353843101401,0.7723949219379,1.77752825737617,-1.10958579187981,0.0399994555805142,0.109653127036809,0.465716151062997,0.819193892556882,1.48377010931785,-1.75157607160673,-0.763885030386799,1.28104589854003,0.576181626301518,1.46427872169644,0.455858662364984,0.364632100165973,0.74643040626617,-0.940130614160291,-1.90125987550097,-1.05072571068649,-0.460610738101261,-1.17174809704315,0.913788526021583,0.341649067973749,1.62602881843471,-1.17768012177545,0.59589846685389,0.360949248196926,0.11532929245932,1.82108080648063,1.15757521610254,-0.790575651270229,0.961659931693935,-1.45469804479099,0.555148335601903,-1.53674183873838,1.22750608266623,0.375094070874662,-0.520068855718928,-0.0473793885110909,-0.821331885750187,0.066490915974624,0.0996316720303507,0.572017939442572,0.100867604706072,0.105961011760473,0.510321697375324,1.13015871066834,-0.343055394615693,0.0680020374164685,-0.105907410353344,0.853975973564756,1.89102773869423,-1.11321837299582,-0.539704192635519,0.996700382893824,-0.959566771669281,0.367106394880898,-0.519433234993097,0.367598138667283,1.61305800232943,0.735227275222437,0.146705661536713,-1.79848109113485,-1.28064192916512,-0.490555930317191
920495.193324734,950054.839165987,-2.71457863312197,-0.933340877921162,0.363468302743896,-0.110881670397662,-0.0176386876765381,-0.341127188770609,-0.817670252220596,-2.6278357318013,0.620571500900075,-0.259444829388674,-0.695313990426773,0.777484947057984,1.78830542147141,-1.11780192014837,-0.0277937088892467,0.084449335635381,0.535341862957508,0.804318896399642,1.52555097270164,-1.69406261865953,-0.763783443813083,1.32498270100805,0.620052949859363,1.49411286819212,0.464757633768571,0.33740843124002,0.748644265036109,-0.844201896284763,-1.87086015596434,-1.00442067556053,-0.411885550632142,-1.21414324519025,0.912371967225967,0.311260660419097,1.59499588731367,-1.18817073716151,0.608338361425166,0.369930240779196,0.108978531962037,1.79527381582365,1.12360190812738,-0.807904594770997,0.967358812179119,-1.45310786605421,0.525868336493813,-1.47317805689561,1.32585075062986,0.381590961895808,-0.536568514045943,-0.085786351493495,-0.854266850600192,0.0500247647177934,0.0626262014027435,0.52054406791946,0.0627563237734463,0.11642331646899,0.457628486629412,1.09597226982858,-0.355705963544635,0.026774901588061,-0.121291131259563,0.852809880845646,1.8890722209449,-1.17368552805282,-0.535472934005843,1.02503592097405,-0.95441164464653,0.389025846695979,-0.522979805416851,0.319695904221895,1.67861687505315,0.68601903299744,0.126976973250365,-1.79605762883839,-1.24470487411721,-0.518555654312562
928644.418239468,950054.839165987,-2.57700261047568,-0.973166027527344,0.303029152065087,-0.0519024407136891,-0.0228558970491329,-0.351017955673201,-0.758725013532931,-2.50180345202216,0.60734060552613,-0.24185375624519,-0.696470628238679,0.784015753583018,1.80155800812473,-1.1116761254942,-0.102680213397485,0.0668551565634163,0.612526700288403,0.780443925891125,1.56609839796279,-1.63524381951912,-0.759844214359053,1.37419153420201,0.673339976458606,1.52603378719814,0.469181843237669,0.30161500175246,0.751693151848845,-0.735282922264229,-1.83230529747922,-0.944401674548662,-0.357431472929174,-1.27882431537457,0.91153844170219,0.265544194309065,1.54890499242898,-1.1979615818028,0.618474491348174,0.38121272988459,0.105926360301495,1.76790262378736,1.08463979244593,-0.824105957573878,0.972619062328515,-1.44918254982465,0.491926288866024,-1.4062902928025,1.43006546362988,0.392948382338461,-0.568467596351975,-0.120553764061564,-0.888094387999579,0.0340979196057681,0.0232503436809803,0.455646711780479,0.0108617305063876,0.130190949878587,0.400888274984781,1.06831184611853,-0.370975755552104,-0.0122313062401898,-0.14425524402133,0.85189341343785,1.88695838609336,-1.23485568822644,-0.526957268151428,1.06198880589491,-0.947025289647082,0.415304952502609,-0.531202257905905,0.262899778064506,1.75260039664752,0.606218738595677,0.100914165785395,-1.77961429996619,-1.20405129597698,-0.540025180115686
936793.643154201,950054.839165987,-2.43373182066101,-1.01652525964943,0.238990049581725,0.00931306589566059,-0.0302405891172093,-0.35979532717888,-0.698275820078566,-2.36753257975855,0.59323088949031,-0.220201854422311,-0.698004706869363,0.787631489597305,1.8106469382125,-1.10456015133848,-0.180985779697227,0.0506819694984444,0.69108075826645,0.753853982039007,1.60256387832543,-1.57356307463603,-0.754823066650143,1.42124626359432,0.724060060268909,1.55542804833309,0.472681049184162,0.26330747900496,0.753836028714115,-0.625452180817382,-1.78969972063858,-0.882389891357333,-0.301803274990862,-1.34826880703366,0.910638911930903,0.216290827608346,1.49746233951793,-1.20721539948184,0.627233616774486,0.392147404067704,0.102842622601439,1.73610799345072,1.04132642846594,-0.841209677605588,0.975492255127307,-1.44436296789713,0.459536214032367,-1.33666567900177,1.52923896810832,0.404869376899424,-0.601180802898186,-0.154878118474155,-0.922418378386857,0.01599804381211,-0.0179867581028795,0.387226498565008,-0.0436536463962755,0.14423293340017,0.342616738037743,1.03969789514144,-0.386362874836438,-0.0508660078369257,-0.169183095699478,0.850191771121151,1.88074833266501,-1.29747428438567,-0.517164931365901,1.09844516350708,-0.936339517486594,0.441020152836186,-0.539040980297797,0.203542619153375,1.82522764094347,0.535863284089866,0.0905152322120967,-1.75756313551397,-1.15875678081816,-0.544401652423372
944942.868068935,950054.839165987,-2.30803159128919,-1.05461772623612,0.186506916592569,0.0611667032335799,-0.0375333695767139,-0.37031125755103,-0.651928066420855,-2.2492092888344,0.582265254808789,-0.176734728587082,-0.710767286039093,0.779136985537271,1.8079378762076,-1.10874718238548,-0.242136376776086,0.0424848385852559,0.77059045392579,0.728586872006189,1.62624484437717,-1.52339420204151,-0.751012885686788,1.45820541368106,0.750104220479182,1.58279781080782,0.479693938594752,0.233915186059775,0.758725603907846,-0.544921025993966,-1.75204553041367,-0.840163944469435,-0.254172636783744,-1.39637820138894,0.921209819194315,0.173922630842814,1.45237999961759,-1.22065591982264,0.632768348543232,0.397678699022033,0.0977673620327736,1.70111439093641,0.99677940435745,-0.867021426725563,0.970514790456913,-1.44398069553567,0.451693193352204,-1.28029766849189,1.60684499549598,0.418421035479715,-0.619464249010224,-0.174144817789114,-0.954820764597008,-0.0154304087887896,-0.0561942804915426,0.337680296482639,-0.0843251975298972,0.159761405126389,0.29730555044908,1.01777198161976,-0.394719965501506,-0.0753633146878716,-0.191238063557094,0.850728191993545,1.86815094069884,-1.33849977980469,-0.508662070019055,1.13446898208488,-0.919641412914983,0.459815156841315,-0.536520453983426,0.152457595276114,1.88560583090482,0.468068508228308,0.0877774790980932,-1.74434401809326,-1.1305710771316,-0.549346842546454
953092.092983668,950054.839165987,-2.20696585131431,-1.08454244109955,0.146855610050683,0.103124639731528,-0.045443178020138,-0.383465931423802,-0.625124054405316,-2.15092814242075,0.575960324612752,-0.102939522126357,-0.741166864359025,0.754079963567021,1.78863023513676,-1.13165714677726,-0.279724208106846,0.0440542461884006,0.855806781272448,0.704990701148726,1.63331980180371,-1.4907772167208,-0.749222008556362,1.48490727859338,0.743952138449551,1.60905483036855,0.491501926020107,0.215508505206453,0.767688570832011,-0.501790574189892,-1.72225986063733,-0.8237224972123,-0.21606672672528,-1.4128315337782,0.946696224027333,0.139611571853046,1.41504204902971,-1.240903117074,0.633671766455752,0.395400857126115,0.0897893270545873,1.66025632855135,0.949479832977661,-0.907201082823828,0.956375208302973,-1.45107948601414,0.477081583796014,-1.24164373225345,1.66061240456898,0.433692510795354,-0.61961807514116,-0.172265442835696,-0.98568957233203,-0.067970728475484,-0.0925568093188293,0.311194890432643,-0.108077839790417,0.177490767484356,0.269436423574583,1.00356332273247,-0.394218423018605,-0.0839275656709037,-0.212767379734679,0.853252606129759,1.84771272897597,-1.34907183443979,-0.503523256368787,1.17028312986319,-0.895207992598377,0.468633163935013,-0.517476276837108,0.110374663875176,1.94346137788501,0.408154290434065,0.0992137486709477,-1.73838594485823,-1.11748357035859,-0.557634831004039
961241.317898402,950054.839165987,-2.08652347413648,-1.1201291334263,0.101984826418194,0.151781218757605,-0.0556411001368582,-0.399083279517821,-0.592892139032103,-2.03499280545698,0.567563409076797,-0.0117491770015319,-0.779253260318408,0.720008767431942,1.76287110872961,-1.15818997564451,-0.321358467677402,0.0483303060444433,0.956695387321763,0.675651798474154,1.63940476695071,-1.44913036906641,-0.745538099993758,1.51347068308746,0.731949773955857,1.63882506000755,0.505690583446626,0.194568138487665,0.777952440181356,-0.453422031039625,-1.68377985492283,-0.806445254729158,-0.172362576058206,-1.42700030045734,0.979325806259939,0.0982582498790703,1.3688803768874,-1.26403071215765,0.633842490738728,0.391150521731646,0.0790046777665705,1.6084219019597,0.888907436310724,-0.957084797525391,0.935463549491056,-1.45902228925851,0.512126926197314,-1.19685559934783,1.72050251835035,0.452569993848924,-0.615594339363391,-0.167227792714322,-1.02099235170462,-0.134171979476036,-0.135512084525326,0.283360540400438,-0.133363979545495,0.199115050815204,0.236426736471109,0.987293229338409,-0.392208387449141,-0.0904298140224955,-0.236304486303428,0.856513846254793,1.81917535755301,-1.35301952477583,-0.496032923362866,1.21355925627611,-0.863635878299719,0.478989809319398,-0.49446342798725,0.0613908433486987,2.00565823515888,0.331598145723138,0.119876909149997,-1.73187735123074,-1.10423518921214,-0.569992648730677
969390.542813136,950054.839165987,-1.96279993354315,-1.15968149027731,0.0595264072165537,0.204548043909379,-0.0705904614354722,-0.409598838306753,-0.554662750155566,-1.90987801036089,0.56127233240184,0.0859592171158866,-0.821107706135689,0.68359489368405,1.7373894192059,-1.18023616124002,-0.354463727125101,0.0558849204059406,1.06672360268907,0.652003746167495,1.64281802246338,-1.40103101377264,-0.73208058710935,1.53921297251847,0.718451919515151,1.66475943117133,0.519768176964097,0.172947262342144,0.787483028333403,-0.41324332271849,-1.63743758642207,-0.788783534843078,-0.135470939584169,-1.44539578385143,1.01541906774812,0.0518456884729578,1.32312230167942,-1.28101707600136,0.63392390217777,0.381573962268884,0.0646294083123893,1.55230293633073,0.82102901629684,-1.01191144153993,0.912667388342698,-1.47442801160352,0.554168075000228,-1.16033890206264,1.77235454270383,0.471156700605218,-0.612327616775668,-0.155767207252223,-1.05274644771238,-0.198327435785879,-0.177750290966457,0.25629609970008,-0.157965203717448,0.221934471761273,0.199653783423989,0.970506985029461,-0.391770651634929,-0.108475147812852,-0.258174456823107,0.857290951265977,1.78539695985925,-1.35032642336315,-0.488460208591639,1.25720172922089,-0.836354930630801,0.491898418185191,-0.468915335137641,0.0144555793397482,2.06232831205408,0.250768753900213,0.131872739148893,-1.72510115172516,-1.08548115231733,-0.585355358730417
977539.767727869,950054.839165987,-1.84304216681238,-1.20820301674962,0.0301853279744487,0.257813673177935,-0.0986812399201188,-0.409587043337487,-0.507793692557596,-1.78214609334794,0.557924782148027,0.182775843416316,-0.864935530406547,0.646726721125124,1.72147682317637,-1.18593165296169,-0.366056423923702,0.0684267276578593,1.18471040906795,0.643175217048871,1.64428354439836,-1.34524254228286,-0.701210808822247,1.55600519497499,0.706107702616998,1.68069040992187,0.531129978142574,0.15098991956916,0.792699941138575,-0.39430972817153,-1.58335471312,-0.774755370829702,-0.121151771489223,-1.47677260411842,1.05695088222175,-0.00303587093547877,1.28492935550547,-1.28364333071341,0.6339034438025,0.360131584432355,0.0411388364055433,1.49667662739857,0.744974318629349,-1.06927954563198,0.886480173608996,-1.5093948510834,0.603651853614285,-1.15062342478437,1.80455570074918,0.486345868902114,-0.614486033389109,-0.136400028107322,-1.07365506732328,-0.24477362035751,-0.212192638533728,0.2348707111303,-0.177971535624005,0.242195094525851,0.154760471845202,0.954585093331066,-0.398122148431713,-0.151249866713582,-0.272011699863366,0.853623288567804,1.74453971362349,-1.33663315736436,-0.482938867372477,1.29945436752792,-0.826358998202156,0.510134822382875,-0.449176397594465,-0.0207018085751034,2.11261217494855,0.187749937505962,0.12946709796385,-1.71060167097222,-1.04825112378259,-0.595443936495731
985688.992642603,950054.839165987,-1.72015312345181,-1.26745452319916,0.00863187930516051,0.316653134205616,-0.138375426496639,-0.400538073067728,-0.450769665414102,-1.64469491891939,0.557724307216079,0.288316496558083,-0.915081200888599,0.606556704635457,1.71076697314172,-1.1798076430455,-0.359406216967995,0.0860458493242086,1.31938372878709,0.64692073017672,1.64353502769956,-1.27975404543469,-0.653236557639704,1.56759600388442,0.692381386675965,1.6900757241272,0.54093773231341,0.127174402246972,0.795186669800424,-0.392935650954176,-1.51959035539147,-0.762795151425502,-0.123267649455819,-1.52178345699312,1.10537984289868,-0.0687843268155056,1.25000601285962,-1.27414893635816,0.633615493586094,0.32674511516464,0.00838583911440069,1.43578404519041,0.654695208935403,-1.13517544345927,0.855914737469011,-1.56412144621721,0.66400107326285,-1.16213308778088,1.82358510143137,0.500345582295447,-0.620794685418249,-0.107601959498231,-1.08667012596711,-0.280727360407282,-0.243158623574911,0.216036485169607,-0.195835725357858,0.262985987266533,0.0996397542469409,0.938444189355796,-0.410487960758958,-0.220185603204714,-0.27977732391867,0.845060183396158,1.69450395903561,-1.31249803560713,-0.479244550705388,1.34339851616048,-0.829648536991778,0.534174780541221,-0.430089687181813,-0.0492951429854005,2.16059098049781,0.131647042223925,0.112954810688205,-1.69069650692446,-0.995932053019746,-0.604622061669463
993838.217557336,950054.839165987,-1.57446724382702,-1.3401670711859,-0.0157535280454173,0.387767266822183,-0.189735783277045,-0.385563820445398,-0.381561328891308,-1.48304710408019,0.555815004302837,0.411720969135591,-0.974700531111525,0.555096422793088,1.69576234039198,-1.16724109292816,-0.347856335535217,0.109161838345534,1.47773264525116,0.650909206339578,1.63890901279666,-1.19738933702501,-0.594226079102916,1.57837521845917,0.674632211629942,1.69581863438277,0.552947156069273,0.0976122829896353,0.796017062281723,-0.390436265461509,-1.43656746821157,-0.747083650420597,-0.129482257216978,-1.57635256153821,1.16399804829877,-0.15215488073672,1.20429041681536,-1.25772252914989,0.632631814808934,0.282920004785379,-0.0329142865011353,1.35671033294752,0.53749716276425,-1.21585130267303,0.814397905048,-1.62910771788981,0.737706304601663,-1.17634696453311,1.84037848759802,0.517271357627247,-0.629533153462035,-0.0697476922960863,-1.09804669074081,-0.321969988811921,-0.279884832847942,0.192793611738823,-0.216743154747244,0.288556253763813,0.029018761301446,0.917150776171714,-0.426187672097586,-0.306564414622301,-0.29046388164442,0.833658197151721,1.62672547638629,-1.27693084137799,-0.471028251159401,1.39600138925909,-0.832219442032652,0.561787736279872,-0.407470564854136,-0.0809702025945996,2.21859454137315,0.0685954002756019,0.104725031583103,-1.65756368308696,-0.937367875635642,-0.611603247073479
1001987.44247207,950054.839165987,-1.4517859283449,-1.40278859733243,-0.0389010688364205,0.454358932246495,-0.235711119582983,-0.358705158968847,-0.33521758876822,-1.34434949533358,0.544180826949478,0.502728757719126,-1.01913920829374,0.505644285335717,1.67548720216107,-1.15315773464254,-0.333397290474513,0.131464382245338,1.61587659458519,0.648058922691954,1.62810046047352,-1.12328115396433,-0.555675651675467,1.59742410383557,0.652971024001559,1.68939399768338,0.56896165225692,0.0748355954417362,0.787226952916358,-0.387944589522779,-1.34535059099677,-0.740478260258256,-0.141612441993908,-1.64436922619546,1.21903527442192,-0.225963689397242,1.16376641482783,-1.23966490571191,0.632555308065154,0.235479387042595,-0.0683500435000823,1.28121401486247,0.42855221878105,-1.28859501826253,0.770071890950396,-1.67357533197084,0.813864831181334,-1.19019963448301,1.84634759495189,0.539272213441109,-0.645356542595069,-0.0209248651055049,-1.10345458719737,-0.354834734141007,-0.309237179332766,0.169582816706349,-0.223043169187663,0.318162505971763,-0.0338665394174199,0.901669108160237,-0.442109645348841,-0.362392350284012,-0.305568138783907,0.826566340680526,1.56571404984614,-1.23252910433863,-0.445888321718521,1.44753263996697,-0.838800753917213,0.57582216425831,-0.396638375387345,-0.102939388184328,2.2601746482138,0.00199208261576027,0.112109411820559,-1.62408651916362,-0.898249262729053,-0.614565999941075
1010136.6673868,950054.839165987,-1.36995118055403,-1.44418757022469,-0.0564064291278786,0.506585850649009,-0.270183328575369,-0.318602108144675,-0.328432129342006,-1.24808551013209,0.519714830335052,0.539008933889384,-1.03469911717831,0.46679941354402,1.65602227533893,-1.14090784342337,-0.319667199022775,0.151137586163457,1.71403148059759,0.634334694891696,1.61272337929765,-1.07141366365927,-0.555204601857878,1.62886040077194,0.631661501650976,1.66798222947268,0.592018144597612,0.0642965041317043,0.767665333028747,-0.381759546687107,-1.25271996377404,-0.749835202022963,-0.163641184686081,-1.72316053496598,1.26717689264357,-0.275493751599515,1.13643452020935,-1.22474641270115,0.635618471583917,0.189568730910278,-0.0895872573027443,1.22526968644039,0.348789181840411,-1.33993014487145,0.726986797752523,-1.67969811350086,0.886709807774549,-1.20240507486869,1.83888700893242,0.56758018750809,-0.673790168849066,0.0372184152506078,-1.10196776915928,-0.372311561767233,-0.324839907740705,0.149257056318863,-0.209901902264328,0.350059108858543,-0.0767100698322802,0.89811696101117,-0.458195921402146,-0.360511806798959,-0.332270475238604,0.830636340639075,1.52408726567981,-1.18277249571604,-0.398158887238517,1.49655900063467,-0.848602308586774,0.567632937439556,-0.406765448895116,-0.105189345818066,2.27203567511849,-0.0731079887683391,0.134652081453318,-1.59994528441592,-0.895274533592888,-0.617399021262583
1018285.89230154,950054.839165987,-1.28915804051133,-1.4819966497174,-0.0734096287260075,0.561606837346003,-0.303835693847924,-0.268110669581305,-0.331949759882135,-1.15195531674795,0.4880461313737,0.563734658490937,-1.04100670201424,0.426606255869979,1.63272236298391,-1.12586020802218,-0.302398563071463,0.172888187611073,1.81093585750853,0.616173161853894,1.59340189661513,-1.01750626558756,-0.564490419787288,1.66768185684557,0.607061462706263,1.63856146798313,0.619664966883524,0.0577176271927111,0.741981211259147,-0.373443653948702,-1.14860162031299,-0.763902185614745,-0.190313595117221,-1.81834316852768,1.31763653671786,-0.322252052581208,1.11089037878427,-1.20667905785329,0.640271938939618,0.138205807762629,-0.108053692333977,1.1669743518679,0.26798082831622,-1.38954485301206,0.67868795001835,-1.67141273181996,0.966355601255971,-1.21378620157034,1.82553241458357,0.60197291452244,-0.708553437570436,0.106496889168981,-1.09588514967568,-0.385436618616777,-0.336653859354219,0.127787336587699,-0.187059843082202,0.387882699646951,-0.11803740970835,0.898421067096928,-0.475193466446001,-0.339039649307992,-0.363947817286979,0.838440195637052,1.48334035117978,-1.12360196397312,-0.337041626005125,1.54979611449602,-0.859735425418074,0.551791037386138,-0.423719896006591,-0.100714639509847,2.26551449173246,-0.176949375404614,0.15346209201081,-1.57746350195633,-0.900861779359982,-0.631081457917287
1026435.11721627,950054.839165987,-1.19030745151281,-1.52252042055012,-0.0920237327063285,0.630569036358482,-0.347712101392678,-0.203203652757589,-0.334570050888581,-1.03036201463803,0.450439316229345,0.593240651612702,-1.04564605374625,0.372642688846453,1.59833130178317,-1.09827829781906,-0.279067413054578,0.205108667105762,1.93128036183599,0.592485107694586,1.56252865416429,-0.951902764062031,-0.574547861243179,1.71539261410643,0.573648356454249,1.58869055455319,0.659995854459375,0.0480415853028451,0.706279814537837,-0.367656779246555,-1.02666602477214,-0.779352519280437,-0.227418376787706,-1.93829066376732,1.38622610535938,-0.379062683267756,1.07143483735725,-1.18442633325897,0.644092400476144,0.0708115762823219,-0.132661360279119,1.09168124660345,0.165768698467235,-1.451058523927,0.616112413766731,-1.65627502956205,1.07163361277838,-1.2250669430522,1.79928906645061,0.644784172092408,-0.747004122190928,0.194466578682589,-1.08336438037106,-0.403561456646153,-0.349521874257419,0.106553888319365,-0.157683488671008,0.432976607802835,-0.165250158209408,0.894552072377999,-0.49474806741328,-0.309127019835612,-0.406817045392705,0.848461824078244,1.42608732005318,-1.0442412026533,-0.257043299678915,1.61208138963943,-0.868743199571169,0.530494568430953,-0.439270386672157,-0.088124754545131,2.24916041297026,-0.314999275558606,0.173743775751507,-1.54271536209382,-0.906060587096186,-0.647856276366914
1034584.342131,950054.839165987,-1.11173574345905,-1.54419872947424,-0.0997168929672593,0.699855324595182,-0.399306077937571,-0.138058244481547,-0.330783197334076,-0.910445758653098,0.430093983834705,0.623041560398909,-1.05410306301901,0.311051301609169,1.55443467330793,-1.05374452899114,-0.255672116477957,0.254990242892798,2.05779924379875,0.571449792251608,1.52281597619231,-0.902482369054118,-0.578837519122264,1.75689417885182,0.534200062969202,1.50023905505467,0.714426310649106,0.033761351810728,0.669867638406059,-0.390365426297834,-0.946456310913042,-0.787983098693219,-0.28289183078671,-2.04846628907325,1.47312414295116,-0.427407643054746,1.01557047507513,-1.18051969751914,0.641905475834475,0.00314945621535587,-0.167028896910124,1.02166445547173,0.0830613283117886,-1.51056997545557,0.553467201639277,-1.63892302726863,1.19113755971573,-1.2370914098511,1.74904564565819,0.684528921387505,-0.769719760105268,0.284951613677101,-1.06497312266207,-0.432708244821435,-0.368851096323144,0.108177785861491,-0.130778666830922,0.469393882520324,-0.192267417238226,0.877720927468628,-0.514330418486888,-0.289855131744396,-0.467185822856678,0.858581398142725,1.35871295865421,-0.956530578206451,-0.172894840054389,1.66229941034785,-0.86796888921225,0.506490500507699,-0.438000543438534,-0.0473542915042158,2.2275617500815,-0.432382334141724,0.188418880176285,-1.4903622224409,-0.903168551111058,-0.656827866845689
1042733.56704574,950054.839165987,-1.07202826751605,-1.54149195737886,-0.0945658826727705,0.755402756479576,-0.451906946006359,-0.0880354377185012,-0.319850633999803,-0.815442069483033,0.436203389517565,0.649949959674353,-1.06889273615825,0.253038119183848,1.51025240819762,-1.00049226501852,-0.238597717555909,0.31408153558451,2.17248514798969,0.559221954547908,1.48078477749203,-0.885353726785138,-0.576793745181792,1.78750423842002,0.496069503464696,1.38330986316466,0.777090118631506,0.0143957221558632,0.639491514324206,-0.445521054513047,-0.929485237216858,-0.790844457661748,-0.34950632799753,-2.11852494393873,1.5677922464702,-0.456293170416977,0.949155576148403,-1.20187282644856,0.633365031874609,-0.0528358188384899,-0.206888678021326,0.973373491328285,0.040468482001885,-1.55988640519308,0.505693841752101,-1.63116570436224,1.30730812914394,-1.24902953340527,1.68064713735228,0.714088253205247,-0.767844883625856,0.360587730748126,-1.04739977138591,-0.472210007912067,-0.391186958499542,0.135697236250974,-0.115066882153347,0.487640309878578,-0.189637859708281,0.847805087774791,-0.531047373378083,-0.288004385485284,-0.534969508645084,0.867239642249354,1.29202110381314,-0.880813001196178,-0.102470264047471,1.69023169744245,-0.856398134189276,0.484658212686775,-0.415307330191809,0.0132585438872803,2.21214406035089,-0.493337409348902,0.195693303441863,-1.43297947407873,-0.892175495288976,-0.654687270380091
1050882.79196047,950054.839165987,-1.02796816958428,-1.5347773577569,-0.0872426294307409,0.814333008487255,-0.507550031377349,-0.0341811934330193,-0.307126089052387,-0.716731306238428,0.442245330644316,0.677059868413628,-1.0813856586321,0.188804634207004,1.45886739880342,-0.942010679839368,-0.219328539487158,0.377300690328951,2.29006582242104,0.545055647546144,1.43161958733897,-0.864686022227375,-0.57266236007855,1.81742965500477,0.453784442756326,1.24871799129426,0.843087104125202,-0.00610669443093871,0.605492036270519,-0.50483540390099,-0.910271800831417,-0.790842772576783,-0.422048904556704,-2.18898271824998,1.66656891581337,-0.485432950958135,0.874332856820298,-1.2226138810357,0.622817958395061,-0.112957640331147,-0.249997637008873,0.919661631111563,-0.00463957817517071,-1.60862351210908,0.452893910926529,-1.61795057476764,1.4281958036035,-1.25878595932192,1.6019699408048,0.744343875244392,-0.76355260437146,0.439594813870219,-1.02552825689541,-0.513978895297684,-0.413774688311691,0.16634401600047,-0.0977711008795109,0.50639600375854,-0.185511851246223,0.814112098128688,-0.547243550449442,-0.284500300389231,-0.609695526710726,0.875969558481141,1.21671618165316,-0.800029656587585,-0.0278950390828258,1.71744965952344,-0.841388493410632,0.461080467485363,-0.390058212705617,0.0790688632711876,2.19250349288935,-0.557391151052175,0.204971489101225,-1.37333373423779,-0.878425269507147,-0.651066948429075
1059032.01687521,950054.839165987,-0.980407247477517,-1.52311584672117,-0.0766954790559508,0.870382294035224,-0.561609643252111,0.024773093089588,-0.283229036720768,-0.605390457529694,0.451956581168638,0.71192910560746,-1.0865728552678,0.124437694836169,1.39679762956388,-0.883299426681643,-0.190181664473163,0.441991173086697,2.40555843419632,0.533850170960469,1.37270452892022,-0.835687855693144,-0.562344291678383,1.84929828801329,0.406731881375535,1.09163521517193,0.911144687075119,-0.0226118621128863,0.576444899204382,-0.569006249131795,-0.891952827955651,-0.791730355962044,-0.500779980808434,-2.26072699408883,1.76536569494051,-0.509661768762297,0.800453537183755,-1.24421315036787,0.620380562987928,-0.179010320468875,-0.296429939282185,0.858001650972674,-0.0541073557805275,-1.65084462149879,0.38897434527087,-1.6104365194502,1.55504803031493,-1.26488364727845,1.50488143507482,0.776993597275587,-0.763496040722648,0.514816836994693,-1.00517259182703,-0.55405871914336,-0.447479715596023,0.19241533588203,-0.0763626986174316,0.529294048460355,-0.176057569833313,0.766877928729161,-0.567503089959327,-0.282687626779944,-0.68246840607824,0.885831097746181,1.12936925783596,-0.718950752582157,0.0505525803964315,1.74223963401686,-0.802405991511563,0.431464304402141,-0.348248988917269,0.154114423168323,2.1600755255437,-0.630665731872412,0.22439165567992,-1.32226901808115,-0.865286470721647,-0.658943873698961
1067181.24178994,950054.839165987,-0.940326277511651,-1.50872376215141,-0.0616260774457559,0.907546147879285,-0.59853820937067,0.0798430675980916,-0.242844916466835,-0.494946142014685,0.466796988288374,0.754958803124689,-1.07696974686,0.0805320042683526,1.33033073857085,-0.840273752661454,-0.146610654830848,0.496786700009233,2.49521339423148,0.533827996537522,1.30934419802159,-0.79832450841445,-0.543584027064493,1.88321499625915,0.361803179051756,0.934944967590366,0.970918450184956,-0.0224110204204882,0.568084523478236,-0.630193285117176,-0.887140163090012,-0.797994713383344,-0.574424825330664,-2.32452723833788,1.84779279687157,-0.517929914860128,0.755442525162603,-1.26505775156286,0.635136569415437,-0.241695977812142,-0.341142049331654,0.799298273064816,-0.100941320656019,-1.67071174441517,0.314831434415875,-1.62405852068737,1.67196177044369,-1.26973310664378,1.39605837399407,0.808134574005502,-0.781820861914196,0.562538906724223,-0.995096867121163,-0.583005963271204,-0.502863149334994,0.201952234701731,-0.055042600380428,0.55487380869205,-0.161298522296295,0.704115066473409,-0.597044003513884,-0.283320099676956,-0.735054072952695,0.899699332753282,1.04099942140953,-0.658532957777004,0.119580672052209,1.76112260844931,-0.724548770394659,0.395457538024542,-0.281744458769714,0.23149236851645,2.10981402136625,-0.704272227101904,0.265630053488391,-1.29913763151311,-0.867301350456904,-0.682789788870046
1075330.46670467,950054.839165987,-0.907317521658956,-1.49415136221194,-0.0444562141003929,0.931050197515286,-0.621022554868722,0.127688590750665,-0.195406082477573,-0.394786857153631,0.484635171939402,0.799373797204588,-1.05950491496776,0.0534031880223109,1.26675325999452,-0.812153071453247,-0.0987670807632492,0.53953004560482,2.56280418706638,0.540562000621251,1.24989233662013,-0.758437060339247,-0.520966707747223,1.91576365547177,0.321719010137728,0.790346614452299,1.0194347518839,-0.0131994627306624,0.574614649386952,-0.68279590858989,-0.89033326866689,-0.807008940883339,-0.638310021761793,-2.37465772791049,1.91217407339505,-0.515641230664123,0.733495988834461,-1.28422619198689,0.660906469494295,-0.295873477968574,-0.380561294943211,0.746226608892524,-0.142221200865103,-1.67525790162192,0.240478827339864,-1.64817887828971,1.77215635290174,-1.27178767877486,1.2895448375506,0.835729965213706,-0.807229418939123,0.590269780903947,-0.992809144608083,-0.601487600191299,-0.567958075221702,0.200705273126636,-0.0344756325535532,0.581651720837146,-0.143338782980908,0.635884475502402,-0.628238651608826,-0.28749994413988,-0.768635371169602,0.914385708229219,0.960908957496788,-0.614912314703457,0.176152317175812,1.77463453884961,-0.632292387825638,0.359287207056564,-0.20737716788461,0.303392068996807,2.03999070354749,-0.773975178662108,0.310521491599109,-1.28396843493243,-0.878073804994092,-0.72101226669807
1083479.69161941,950054.839165987,-0.872804497527232,-1.47518790026262,-0.0259685617601962,0.952999347223476,-0.640680819533061,0.174972386322488,-0.147841590668479,-0.297411259341919,0.503435059396492,0.842718069384014,-1.03769108851333,0.0268357952709873,1.19864166968169,-0.780578195173226,-0.0495734582958766,0.582846699942205,2.6236566028331,0.548093680373177,1.18617583824501,-0.716713409418753,-0.496461746428043,1.94375182501709,0.280774673239222,0.637287639739727,1.06691453704523,-0.0033797069942144,0.580929440528261,-0.734862813313238,-0.890955641203549,-0.813080648604544,-0.701926799749476,-2.41594508403589,1.97330991219383,-0.510818157530595,0.710689860697993,-1.29932348519852,0.686650182465356,-0.349853429281041,-0.417266915044064,0.691704037937247,-0.182087230610975,-1.67328300420704,0.164965212503805,-1.66879028301676,1.86735023678186,-1.27038807164444,1.17437592252091,0.861762648270821,-0.831332359213094,0.616260170105925,-0.986586011149476,-0.617927357386978,-0.632054561181869,0.198248145855443,-0.0146133505000216,0.607612878066524,-0.123661467293582,0.564677325454402,-0.657817340072825,-0.289867173762965,-0.800112755223747,0.927392258594034,0.876672163582697,-0.570401727153614,0.232435753433402,1.78330600992088,-0.540016918396952,0.321707222866755,-0.13320525536462,0.373527147496099,1.96265098462156,-0.840728746280956,0.358689245039025,-1.26603788547121,-0.890393866532952,-0.753959973102135
1091628.91653414,950054.839165987,-0.849285515825185,-1.45482727824192,-0.00173915862040378,0.97824310186596,-0.659456605876388,0.209265587788962,-0.115296339900698,-0.223631972230855,0.541950849632654,0.885054018406633,-1.00833061683824,-0.00282846193402627,1.12694096350592,-0.747777874275517,0.000157339231828957,0.636930152576539,2.67812307721131,0.56399086974309,1.12660986799734,-0.677572194155851,-0.475403981157598,1.95685442736928,0.232928627332121,0.490082608304029,1.1163132725127,-0.00634592714766178,0.586574834369903,-0.787779611662785,-0.889812600848654,-0.813222855027264,-0.771199815232864,-2.40669042890884,2.03851756291697,-0.50498990634785,0.682752349075969,-1.30341746636473,0.714749399522853,-0.403327522683599,-0.433404005128711,0.637007402342702,-0.213610598870265,-1.66022630788825,0.106044566386781,-1.68391646598948,1.95264495591361,-1.27162586992889,1.04803668629602,0.883416324657389,-0.847932871450411,0.638356934447056,-0.964474479498749,-0.638403905354966,-0.680321961311892,0.189732767437889,-0.00869487865139775,0.636669387573583,-0.0979281925973414,0.499402124984504,-0.680046306163337,-0.29488109185539,-0.831283368467005,0.930195368230361,0.799811895383006,-0.526412972634069,0.287685884808067,1.77696555491174,-0.467882408214127,0.283977532305175,-0.0746010402052023,0.42400679594665,1.8793667463685,-0.881999822130524,0.413404599388659,-1.25724021166304,-0.895096186643333,-0.789233572529543
1099778.14144887,950054.839165987,-0.847833142611402,-1.43692052439579,0.0297833360572742,1.00922353138183,-0.678088760259639,0.220771580327497,-0.110262086164554,-0.189548282704351,0.610990887349908,0.92527403817501,-0.970109344458558,-0.036279655580613,1.05580688916691,-0.715269477369622,0.0481348365595018,0.707383522879132,2.72403184034899,0.593898099090884,1.07993791531005,-0.647236235547474,-0.463068975667364,1.9484006191081,0.176659632280401,0.367693400923991,1.16953537785065,-0.0319285107774761,0.591461905568937,-0.841368306877331,-0.889068357435862,-0.8054295251831,-0.84770495590876,-2.32546094867945,2.11224592016627,-0.499482386824385,0.649388042444466,-1.29293725863142,0.746761146530762,-0.4538034879148,-0.41547498708457,0.587731845090818,-0.229673554774326,-1.63413363416222,0.0808581103409163,-1.69537298496649,2.02180285029672,-1.28192343080534,0.912255648419522,0.898185201506544,-0.854661060109336,0.653045942374983,-0.920475550979078,-0.666661894075187,-0.699722469855361,0.17069567420268,-0.0274851477587164,0.669509725606896,-0.0640959028495886,0.449171870062753,-0.691778285042087,-0.304356464890854,-0.86262968410595,0.91741641907445,0.74320162070862,-0.48683935333657,0.34041216517814,1.74818036584746,-0.430190282299227,0.248969358778898,-0.0445345447266748,0.441252056840545,1.79423610731256,-0.880315265996452,0.475924147995689,-1.2676448220212,-0.890400494119448,-0.829488645601816
1107927.36636361,950054.839165987,-0.850276976418214,-1.41833463684194,0.0621169092374782,1.03955678314666,-0.694009249310792,0.225471699558956,-0.112602659633619,-0.166800778959359,0.684609112246252,0.961674353405625,-0.930842928908083,-0.0694124199614478,0.986335529152416,-0.683802436409172,0.0934545836021514,0.777732703965888,2.76272631531255,0.625875966564942,1.03734879714403,-0.619037673989559,-0.452234867470874,1.9313267523621,0.119216418467333,0.254738595006781,1.21961679125284,-0.0619201244772266,0.595855544498928,-0.891544210460713,-0.885904828022755,-0.793905905630655,-0.921925915967989,-2.23212951000168,2.18191801367658,-0.493891860249213,0.6143391844556,-1.27754302199204,0.776607994211042,-0.50113353958272,-0.38765240211949,0.540558197883805,-0.240086010250175,-1.60355827945872,0.0671254324043545,-1.70178912108182,2.0817679315721,-1.29158807089576,0.774651089490543,0.909584209562596,-0.857351891039571,0.665075509717888,-0.871359048524914,-0.694056561587539,-0.708286774575187,0.149673846895279,-0.0519978604062552,0.701828620232557,-0.0295380620625815,0.404653481774022,-0.698983269749142,-0.314088903083229,-0.890848406833201,0.900096180997031,0.693601480156373,-0.450002329972677,0.388859498144887,1.71163945323864,-0.403398914805361,0.215093126840279,-0.0237599650436249,0.447424100505322,1.7089899809062,-0.864050078301132,0.537370943353973,-1.27958620788579,-0.880530695976124,-0.865972357147415
1116076.59127834,950054.839165987,-0.849232522130436,-1.39487050366282,0.094350947416277,1.06543381708766,-0.708375461701758,0.231380632967702,-0.121707823274993,-0.142336312155298,0.74561809020186,0.996291758612897,-0.89303076875874,-0.101362383883795,0.925092879459505,-0.652009235590524,0.133140956045274,0.843583191059637,2.78967371457323,0.6506107950123,0.999682122551896,-0.592623330116314,-0.443599698214976,1.91068203835399,0.0683950794893501,0.148427784515365,1.26151247975827,-0.0886879304541637,0.601787315618679,-0.934487357150165,-0.881017456838736,-0.782293145042841,-0.986355720478157,-2.16511299230366,2.23738620924053,-0.490032879854924,0.588269492931446,-1.26300734872349,0.795790227716835,-0.541097661430859,-0.363381014864213,0.496084379764438,-0.244067789654014,-1.56812332560762,0.0563132160115636,-1.69870640079432,2.13232770975093,-1.29498107070963,0.643870119227203,0.916999090883193,-0.857946762304626,0.679309201540029,-0.822712836042743,-0.714166182728529,-0.715036820992455,0.129627422391433,-0.0681962212327333,0.73613721842517,-0.000108736969422847,0.363545107155344,-0.703023771679303,-0.316817445796598,-0.910833931101738,0.88952687520229,0.64928192240575,-0.413110147801603,0.432991673750414,1.67776398543999,-0.376283907119484,0.179763477584934,-0.0111939875377593,0.456201831722974,1.62150619867111,-0.861920432210627,0.581640726706816,-1.28511327603672,-0.863495021927708,-0.898584074381993
1124225.81619307,950054.839165987,-0.843864993509053,-1.35994668452912,0.132575547311752,1.08393740345379,-0.728168666720261,0.242810003485352,-0.155968676495195,-0.106718314716052,0.779544494230621,1.03603516084454,-0.857563256487176,-0.139044564557183,0.882840229328888,-0.620298578310335,0.163051527467773,0.912141763479625,2.79775499594304,0.655972239230963,0.971319571958036,-0.570485338596703,-0.443991632377444,1.88539440266197,0.0287394650459834,0.0518817497887574,1.2903471540084,-0.112864132162427,0.614548748343742,-0.968237880525713,-0.876424397143817,-0.773282776016938,-1.03657852367598,-2.16944167952607,2.27000456140583,-0.492172216915748,0.590327892658332,-1.25838701528932,0.788640752505554,-0.574326250118916,-0.352969816839517,0.454016782196134,-0.235084068298876,-1.52158799267885,0.0472864510210993,-1.67803729054576,2.17435169915194,-1.28855549800876,0.525925563543123,0.915512438674792,-0.85866115788939,0.702593262496535,-0.771932985830794,-0.722290402703103,-0.726876795444407,0.10856577077986,-0.0603593864918081,0.785715661796098,0.0167917240035201,0.322952813507798,-0.706028574472226,-0.301570379161254,-0.915260251646507,0.902435096931335,0.614231016331383,-0.372349673495864,0.475838234415656,1.65710630562065,-0.343170190990543,0.135818282873869,-0.0226981186606508,0.477817382800836,1.53050369605957,-0.902552208913824,0.610864876762884,-1.27912651003707,-0.838254835730816,-0.922090650083193
1132375.04110781,950054.839165987,-0.833081786355094,-1.30780357879215,0.181731602297782,1.09739187745032,-0.757073610031669,0.260512099094739,-0.222598806882976,-0.0563668546061269,0.789785690276992,1.08531776005235,-0.818748211810716,-0.18781877685399,0.85617843325592,-0.582253279107984,0.187071134388188,0.993010165478498,2.78482986326271,0.642937068418074,0.952093497677279,-0.552212327325989,-0.454245201801509,1.84996594198099,-0.00163393705815161,-0.0444751595700605,1.30917881756301,-0.137892846691563,0.636251216765026,-0.995754140076174,-0.871807960303909,-0.765637005924621,-1.07829955653529,-2.24910002654751,2.28222187038247,-0.501614309950611,0.621987948438803,-1.26146719983806,0.75139476979741,-0.602425633319801,-0.354214496912019,0.41026391499515,-0.209424352085796,-1.45562706917417,0.0397481952528573,-1.63864769937515,2.2102716425969,-1.27018880727333,0.407052771685514,0.904537518903555,-0.859762569968797,0.738271488701823,-0.711648342829002,-0.717779573072972,-0.742265288649798,0.0814165879314319,-0.0254248263997157,0.855862746453438,0.0228344005819961,0.278875887798813,-0.70690924699749,-0.263144192915703,-0.903083561661415,0.941510801539921,0.585896250321069,-0.322048839021837,0.523616906886292,1.6473858937129,-0.299190201513615,0.0763584511154154,-0.0651227899002964,0.516297963208409,1.42082076515314,-0.996032458175112,0.638386336370854,-1.26581359182524,-0.810414321990128,-0.944909774291686
1140524.26602254,950054.839165987,-0.819671101371566,-1.25329149023581,0.231366858580828,1.10912977012099,-0.785806018955794,0.278872813355466,-0.293575136009608,-0.00364857527316299,0.793958051676099,1.13224637460037,-0.779592751002409,-0.236905123134172,0.833508447298036,-0.544151604674392,0.208518957021193,1.07082244102501,2.76621166492942,0.626299465747533,0.933490078054701,-0.532244950310358,-0.464039649309841,1.81201296112962,-0.028760930625873,-0.139059807817751,1.32439534200643,-0.16104698989241,0.658270220925759,-1.01978930538758,-0.865099240130805,-0.757172969244429,-1.11489445583479,-2.34159482609201,2.28776317094309,-0.510983744857422,0.657827813831114,-1.26404729660731,0.708846483464853,-0.628744670673289,-0.357001519777522,0.367616034173597,-0.181480951075949,-1.38779827229915,0.0327124766115511,-1.593841331706,2.23987760344007,-1.24881848375673,0.289705687972957,0.891772899111003,-0.859259123406632,0.77459316838141,-0.651061148850724,-0.710183350601402,-0.75684060776965,0.0548470569798614,0.0142547170725985,0.926355562465375,0.025578340008623,0.236748411686706,-0.706197459316875,-0.221404576024001,-0.88672376592421,0.983309041609139,0.558182123444191,-0.271668762970218,0.56931965633989,1.63814068631398,-0.254198643146783,0.0159513563274493,-0.11213596732278,0.555295193954931,1.30451785676907,-1.12310894975214,0.66681780721982,-1.24971470253886,-0.7703268301405,-0.965078540935146
1148673.49093727,950054.839165987,-0.80688969984475,-1.21430291717231,0.278665780313934,1.12515337580253,-0.819671601517804,0.291546589876497,-0.352575079270308,0.0516945823176794,0.794953144031329,1.15704727247537,-0.744224175550976,-0.272190131854655,0.823480857597176,-0.507546507171295,0.217253742075819,1.13380616279019,2.75115226662277,0.614653063471519,0.91831017917901,-0.501460025573412,-0.463554903039703,1.77455690622854,-0.0443759111629401,-0.218250292744531,1.33797655705734,-0.173414459085565,0.671342846344942,-1.0464748487081,-0.85570995836728,-0.754437568597054,-1.14375602473335,-2.42311560107341,2.29051495852067,-0.522927200897066,0.69028533866986,-1.26536681662629,0.67387506244675,-0.64963319523841,-0.359265461279499,0.34042934306955,-0.154552612492431,-1.32777320448961,0.026219957545485,-1.55005161145139,2.24140086356506,-1.24067635460824,0.192242241689022,0.887508908348996,-0.864883312503748,0.813340379714432,-0.600329963235563,-0.709785640267635,-0.761170367817766,0.0348388091908988,0.0595142902249352,0.985813242106824,0.0121139419557289,0.224056430373129,-0.702145593270359,-0.185041941535202,-0.874688495615549,1.019128606419,0.521120871465772,-0.237069887493956,0.602522896241897,1.61973772746132,-0.217364457042472,-0.0301964571143937,-0.162623042950012,0.58371614060195,1.20304170135696,-1.22150149838998,0.690943275092578,-1.23945493884289,-0.751393509380469,-0.971506147577582
1156822.71585201,950054.839165987,-0.795060610884156,-1.20083284979395,0.330253056422948,1.15495881076152,-0.87186282982199,0.297231532675298,-0.396741827409662,0.122125274433908,0.790476216118032,1.14582787898068,-0.711196866976588,-0.289756123870404,0.840186764275624,-0.470572057718345,0.2041464823968,1.1851745573977,2.74517944092236,0.612726746500191,0.913473218844489,-0.444878403830499,-0.445995985332648,1.73227509462767,-0.0424425674029271,-0.282999958388694,1.35499331971368,-0.167077534101509,0.671315812160237,-1.0870690900682,-0.840699522190047,-0.766204738707905,-1.16555537214579,-2.49882190833564,2.29440056180017,-0.550466102714696,0.721370971092591,-1.26472080722155,0.647857860489285,-0.660746814916346,-0.365549254715294,0.33842024608048,-0.124165531566858,-1.27143011609675,0.0177313275242908,-1.50298441733525,2.19101673321199,-1.26378198961896,0.120391800401934,0.901907237992491,-0.886584849681714,0.862221827894788,-0.558953149857658,-0.724285270975301,-0.750073241045238,0.0215999553603735,0.123071547834612,1.03769551538903,-0.0379620555193573,0.267861154363971,-0.692172390114123,-0.152261422878635,-0.869130407934674,1.05260235341934,0.457133436110333,-0.225836180455505,0.618056223433636,1.58175216801006,-0.188296085476233,-0.0612622057728923,-0.232933311361701,0.596772792355915,1.11921602093682,-1.26629718431761,0.712463151082688,-1.23968620325566,-0.770846514492129,-0.951235353259459
1164971.94076674,950054.839165987,-0.784251277237154,-1.19795092498812,0.389126265811475,1.19324247178465,-0.941386677626726,0.298046977123334,-0.438974882039841,0.205697066200208,0.786950251130288,1.11614684504127,-0.673509059389158,-0.297625943155753,0.867969594262543,-0.424579980054103,0.1773028704407,1.23539980961609,2.73897590886285,0.614191432371753,0.91332591434341,-0.373339782629507,-0.41823414157435,1.68300792473745,-0.0314536365644189,-0.345208664887616,1.37303442833275,-0.15122047243449,0.662983685860939,-1.13831618617349,-0.824911393474986,-0.785694814175981,-1.18456737491413,-2.57685601567896,2.29666206920916,-0.584554894161199,0.755321750370591,-1.26214821480117,0.623423440804209,-0.66751592935508,-0.369690079081274,0.34790921302946,-0.0889527450279254,-1.21153072267917,0.00828285290248738,-1.44594324727112,2.11034104104619,-1.3008773059353,0.0503211043815201,0.926238454571525,-0.919004472263554,0.923898255491083,-0.517571763763001,-0.747198035756662,-0.728495951103017,0.0128568565871888,0.20295359307996,1.08982039592385,-0.112227249953545,0.341679087953464,-0.677488942113241,-0.120871137832937,-0.865976048542232,1.08890158227512,0.373037109580866,-0.225283055567744,0.627185663329778,1.52807455575486,-0.161983756852893,-0.0852900476170077,-0.319502919736985,0.605470835939755,1.03176877942413,-1.28782340398828,0.73154762793965,-1.24635158606197,-0.813293065985368,-0.916822033789016
1173121.16568148,950054.839165987,-0.777168774010039,-1.19403068077369,0.444329061355127,1.22891527737745,-1.01286836404724,0.294923765412624,-0.478271583279993,0.283629755482855,0.777206505083836,1.08504202587955,-0.633073218521687,-0.306699134874427,0.896833425903591,-0.3722203395048,0.147829082932475,1.28495093126476,2.72361289691711,0.619463882260886,0.914635529947262,-0.307379055258503,-0.385406458069696,1.63610453434778,-0.017723782376367,-0.406649317135569,1.38895136587328,-0.134018625470223,0.651915699219095,-1.18816543485274,-0.811681194104366,-0.806469012807119,-1.20034249796641,-2.65471790470205,2.29224254318607,-0.617982138928956,0.792304554068446,-1.25887050769684,0.596644331612099,-0.670889909953704,-0.369882290177425,0.36040075019745,-0.0502570537796884,-1.14901645887082,0.000897117475341226,-1.38838032032154,2.02444326054821,-1.33618072378832,-0.0209598404422582,0.955213455023908,-0.955595973923575,0.988173000375489,-0.478233357311389,-0.770192903448869,-0.701558251080728,0.000430102008659779,0.275480248176041,1.13464422571311,-0.189831384020196,0.415972391770417,-0.6603643675424,-0.0876451777604279,-0.859056166357682,1.12367391571175,0.286543579912468,-0.228968289336375,0.635098142777494,1.46603513215407,-0.136491510909747,-0.112030527610267,-0.411921849369111,0.614283767911763,0.945630355156412,-1.31733845897783,0.759190344593325,-1.24191305805206,-0.839318231866038,-0.871195152355331
1181270.39059621,950054.839165987,-0.798016458160082,-1.1879919723513,0.472470747119629,1.24924709694367,-1.0698089333841,0.274799091823533,-0.500552959689672,0.320299415350154,0.747973916352501,1.07260911224878,-0.588158673685835,-0.324407901000516,0.922277439061831,-0.292589876372492,0.119715563344115,1.33212790617324,2.67679316145208,0.647817445772799,0.919553104360384,-0.288817232100503,-0.335819249170736,1.6284771266215,0.00746189536795257,-0.451090204932217,1.39853400173902,-0.116778735166247,0.63780008434684,-1.22063524700077,-0.823894744013031,-0.829568974319039,-1.2038885080316,-2.72051683475486,2.26637957711166,-0.635652134636546,0.845268641222433,-1.26570147296042,0.565124836798603,-0.660366874873128,-0.348242053608983,0.382905977873769,0.00181669621224292,-1.0846842378628,0.0125253322609638,-1.34587275485993,1.96774731942247,-1.34703127059934,-0.0865853725990972,1.00506230429328,-1.00869353787626,1.0651728638287,-0.456594787872861,-0.790529778631084,-0.656380805661009,-0.0287265197850408,0.299059152250226,1.14281887013452,-0.241906564826338,0.472293650484885,-0.639273043588479,-0.0500499272954189,-0.842545971774631,1.15056180673978,0.228208631003631,-0.252408713815013,0.644105389869705,1.39186355538104,-0.119482708132041,-0.149355600583511,-0.493546154102612,0.632488788233469,0.873004106656643,-1.369838196009,0.779095273748185,-1.23915147240006,-0.881245217622333,-0.797965837512706
1189419.61551094,950054.839165987,-0.848796932223267,-1.17924997980898,0.475588029265275,1.25531015544003,-1.11419720388529,0.236677387225791,-0.504509874235499,0.318278005291275,0.694754096778869,1.079431210722,-0.5360677983095,-0.350664522107642,0.948228873323529,-0.18357018215158,0.0915380553295949,1.37986943256219,2.59454935677864,0.701655332247244,0.930190426767578,-0.31527545888628,-0.267031812014971,1.66101658748105,0.0458759454544473,-0.479318831483144,1.4030783545443,-0.097519946320896,0.619151330439427,-1.23557044271463,-0.861112562612777,-0.856631775467199,-1.19400048236483,-2.77536543150496,2.21711665153002,-0.638736245431446,0.917626112545079,-1.28196185559254,0.528207505721694,-0.633295656093619,-0.303690874278944,0.417624107213996,0.0700952050852741,-1.01427350675577,0.0434853760649043,-1.3156355661356,1.9378804383907,-1.33490115759925,-0.146419954646003,1.07947676564894,-1.08135377578018,1.1575983981976,-0.451115311354224,-0.807781111582316,-0.590535348293372,-0.0762559912786237,0.27444365463264,1.11368901010565,-0.270418987211247,0.515350469774103,-0.61226324333813,-0.00499835071622182,-0.814318230501297,1.17105634826672,0.197678914751011,-0.297332350998238,0.654500482013977,1.30024767652781,-0.109346802317355,-0.199292838110004,-0.568709727306216,0.660073471338777,0.801867044449668,-1.4370850757914,0.785301514243031,-1.24429317029353,-0.960290441618339,-0.69705506243946
1197568.84042568,950054.839165987,-0.905503524192809,-1.16673920539386,0.470484726650208,1.25749734214217,-1.15079061419394,0.195280746061651,-0.503293525489075,0.307665211347236,0.634927527053166,1.08872084257435,-0.481279139785903,-0.381361499898232,0.972463660778187,-0.0709857320745178,0.0648933924961683,1.42619490598605,2.498275033941,0.761700204330288,0.939347034963279,-0.352237252397669,-0.193162449429769,1.701675972895,0.0889254887981594,-0.504298171952125,1.40605113334752,-0.0765667831169385,0.60183538167656,-1.24408787025884,-0.903387426627896,-0.882763313681973,-1.17785960771689,-2.82212271650779,2.15983435076673,-0.638442602909894,0.991143436823268,-1.30052257111176,0.486043921469316,-0.600606960422873,-0.256696641719877,0.455687272379718,0.143287189812339,-0.941696568855561,0.081482600862037,-1.28678153688442,1.9106010815767,-1.31514525947105,-0.206588376497677,1.15790832032604,-1.15954304217092,1.24995067987852,-0.447433603477788,-0.824134197478522,-0.520877859992785,-0.130760580328652,0.237599357763065,1.07508103736845,-0.289814018613493,0.556369032632474,-0.582720584449987,0.0433943096886331,-0.783678331422103,1.18820096841748,0.17222587175188,-0.347524079499861,0.664556657511406,1.20136503639971,-0.0991232337858122,-0.255495498451668,-0.640309045522296,0.689370797256694,0.715293811153983,-1.50201678150074,0.791431898001103,-1.24586264382304,-1.03853381854841,-0.592920279936443
1205718.06534041,950054.839165987,-0.968428163692033,-1.15401878740498,0.461272590174388,1.25675603229954,-1.18118868582834,0.15394271221065,-0.512741007135119,0.280641508521157,0.570541392341898,1.08907955875057,-0.424273733441812,-0.38900346633505,1.00136870813619,0.0474071411811491,0.0442437156808217,1.47256302785562,2.38762979903551,0.82257728386396,0.959719491494882,-0.392993281737785,-0.127994588905375,1.74548661264457,0.139861634828297,-0.524225612787514,1.41338718541365,-0.0585746401571766,0.576138270651771,-1.25236885271999,-0.952864333687231,-0.915715556332947,-1.16337530704713,-2.8591094723458,2.09436890719991,-0.626938609854,1.06529337294942,-1.32004722702193,0.437290310830589,-0.557788360627472,-0.209019362369217,0.501132234368016,0.215816898939648,-0.874595979515806,0.115919851220218,-1.26071084974619,1.88049886406913,-1.2994915227186,-0.269724425402334,1.21343359847193,-1.22901985821036,1.3326140848257,-0.444055854523382,-0.83703177569867,-0.454074964757726,-0.17739726139285,0.194632130638535,1.03285397743952,-0.309112872954969,0.589974071305529,-0.552905240187429,0.0966663859838299,-0.763620301687367,1.21242176963323,0.163053739747045,-0.386576104471512,0.667857305441935,1.1041643885194,-0.0993207908037951,-0.30618897189275,-0.705826062956676,0.717160460964732,0.625302496886065,-1.54132952911889,0.797695578225019,-1.23110274902923,-1.11617215034249,-0.49214713274477
1213867.29025514,950054.839165987,NA,NA,NA,NA,NA,NA,NA,NA,NA,NA,NA,NA,NA,NA,NA,NA,NA,NA,NA,NA,NA,NA,NA,NA,NA,NA,NA,NA,NA,NA,NA,NA,NA,NA,NA,NA,NA,NA,NA,NA,NA,NA,NA,NA,NA,NA,NA,NA,NA,NA,NA,NA,NA,NA,NA,NA,NA,NA,NA,NA,NA,NA,NA,NA,NA,NA,NA,NA,NA,NA,NA,NA,NA,NA,NA,NA
1222016.51516988,950054.839165987,NA,NA,NA,NA,NA,NA,NA,NA,NA,NA,NA,NA,NA,NA,NA,NA,NA,NA,NA,NA,NA,NA,NA,NA,NA,NA,NA,NA,NA,NA,NA,NA,NA,NA,NA,NA,NA,NA,NA,NA,NA,NA,NA,NA,NA,NA,NA,NA,NA,NA,NA,NA,NA,NA,NA,NA,NA,NA,NA,NA,NA,NA,NA,NA,NA,NA,NA,NA,NA,NA,NA,NA,NA,NA,NA,NA
879749.068751066,941905.614251253,NA,NA,NA,NA,NA,NA,NA,NA,NA,NA,NA,NA,NA,NA,NA,NA,NA,NA,NA,NA,NA,NA,NA,NA,NA,NA,NA,NA,NA,NA,NA,NA,NA,NA,NA,NA,NA,NA,NA,NA,NA,NA,NA,NA,NA,NA,NA,NA,NA,NA,NA,NA,NA,NA,NA,NA,NA,NA,NA,NA,NA,NA,NA,NA,NA,NA,NA,NA,NA,NA,NA,NA,NA,NA,NA,NA
887898.2936658,941905.614251253,NA,NA,NA,NA,NA,NA,NA,NA,NA,NA,NA,NA,NA,NA,NA,NA,NA,NA,NA,NA,NA,NA,NA,NA,NA,NA,NA,NA,NA,NA,NA,NA,NA,NA,NA,NA,NA,NA,NA,NA,NA,NA,NA,NA,NA,NA,NA,NA,NA,NA,NA,NA,NA,NA,NA,NA,NA,NA,NA,NA,NA,NA,NA,NA,NA,NA,NA,NA,NA,NA,NA,NA,NA,NA,NA,NA
896047.518580533,941905.614251253,-3.12743715442998,-0.891148511591285,0.48193540611955,-0.132459452572144,-0.115837223117521,-0.184872233921314,-1.02477065216555,-2.79776901936047,0.683497572753902,-0.341283000566077,-0.663501548232753,0.763769688167033,1.73043415397519,-1.0551077471132,0.213145750067531,0.23517291994407,0.363590008707343,0.835295207334328,1.34588940140792,-1.90688885339757,-0.734178810269383,1.22086380027573,0.485387420858719,1.39481058208768,0.407267995453222,0.382900693596295,0.725579422308472,-1.17367576105064,-1.9493875898598,-1.10213412141044,-0.550393735734847,-1.19504376552971,0.896641150191093,0.347244011868051,1.65470677279096,-1.13737087856535,0.550650894763479,0.358836382621438,0.153075195847944,1.87589121255938,1.22825265184078,-0.725198211464844,0.975098930116959,-1.46118690090413,0.605095962674136,-1.71971917640113,0.957396577846877,0.388974871057438,-0.556709456376128,0.082192364332422,-0.718960786680126,0.11958451519476,0.181535920593642,0.623837452030585,0.135560251608828,0.0950580652623872,0.670383501929733,1.26315496510693,-0.32172041778203,0.187505089865607,-0.113481775742183,0.866885181102951,1.93065398956554,-0.96415240333652,-0.547435981408433,0.94370289782497,-0.954418729963788,0.336372573695565,-0.525256181791649,0.45000200180035,1.50073779304976,0.673699681539605,0.168546853149503,-1.73070972149304,-1.36315073648347,-0.400813353001871
904196.743495267,941905.614251253,-3.00611812453889,-0.893858597875017,0.448573537227706,-0.12257502732549,-0.0715215307298704,-0.237162434432009,-0.962710771670335,-2.77626213156647,0.654207576067388,-0.306615822251764,-0.678448683388303,0.758945675001359,1.73818258795685,-1.09140633847829,0.1399859807949,0.176188819360808,0.422646162009559,0.839092104659016,1.40653464227319,-1.82993689037408,-0.746689797152828,1.26145772043069,0.516315521524695,1.4253880658761,0.430621208996047,0.37642461248312,0.730088005069507,-1.0793000149033,-1.9315977845428,-1.07627334668397,-0.506581393979949,-1.19433478143164,0.891081419414731,0.347367041815241,1.66248148416784,-1.14919773801308,0.57228294593868,0.3631662406987,0.133454395220423,1.84726647226744,1.19756100726614,-0.750017516679558,0.980725963261886,-1.4632890456621,0.58452685585529,-1.6411120999518,1.07704388456693,0.378044387707654,-0.545959761105766,0.0250085477826468,-0.761287691211405,0.0927585271353049,0.14058364918105,0.591934310174579,0.122807176287279,0.107097586794402,0.603250938362802,1.20658475898318,-0.335057980908092,0.127710136972161,-0.119709081603728,0.863279701367243,1.92400434849858,-1.03135274518499,-0.545666717291876,0.963250928255545,-0.954257189032259,0.349105663017872,-0.529368892174334,0.41120286903431,1.55146757922003,0.690668852421088,0.168857045905151,-1.75557759408285,-1.32403552907474,-0.443921785250765
912345.96841,941905.614251253,-2.88217621191382,-0.899589215195035,0.410437474048185,-0.10374074960848,-0.0354241401627775,-0.281055572491039,-0.903895656867897,-2.73410220580651,0.628553350059797,-0.277641608085624,-0.690347229599013,0.75783140587081,1.74509589036294,-1.11867890458717,0.0687503400083925,0.124395042328617,0.481685865054888,0.837405109013763,1.45983258085751,-1.75710410440015,-0.75500034881741,1.30084965510591,0.551012597267857,1.45513156075313,0.449992235458933,0.366463114964541,0.734543734759568,-0.98639473860042,-1.90974435744098,-1.0433523110492,-0.460182201512484,-1.2058786711751,0.885076943649247,0.340344809572759,1.66059771158423,-1.16169321115694,0.590714627154546,0.367913783307444,0.117250660738692,1.8194538919532,1.16769243918174,-0.772824923311028,0.985891153675164,-1.46244702071698,0.558242573807513,-1.56585685526983,1.18923986730418,0.370725302437132,-0.544613783545698,-0.0260897360111278,-0.802285743114906,0.0680158549920331,0.100401505721338,0.554845815220135,0.10231110684686,0.120063518798559,0.538633542596601,1.15608671608176,-0.347468191026765,0.0714227924629692,-0.128445762739851,0.858415095355411,1.91806540629519,-1.0971386922547,-0.542570710225708,0.984585824665986,-0.954411571916161,0.363900890297049,-0.531618303312678,0.368041754680292,1.60485179051671,0.69406747853388,0.165267809348338,-1.77028034873133,-1.2838330691751,-0.480039459571783
920495.193324734,941905.614251253,-2.7604729264837,-0.923429324201851,0.360053943304881,-0.0585251638630826,-0.0288027338019097,-0.298539375102587,-0.852972882785123,-2.64242750665312,0.613962602094007,-0.262205239719597,-0.694053846725324,0.764147372535316,1.75420223460658,-1.12149507514464,0.00291988687521412,0.0971555864296555,0.545462366911057,0.82179479830423,1.50160901332565,-1.70058564306906,-0.753105719688356,1.34535927427298,0.595012109320513,1.48532108598158,0.458655001081301,0.34045786785675,0.737986902251573,-0.895622276369432,-1.88025668088804,-0.994914145169778,-0.411426636748731,-1.25160467529425,0.882085215029163,0.310444028707254,1.63485169689307,-1.17258632380649,0.602190748231881,0.376287398366184,0.110224402691459,1.79488256103201,1.13947105318703,-0.788923720869073,0.992510373526942,-1.45924677653864,0.52281824692668,-1.50492998588606,1.28869338547106,0.375785158190471,-0.569406518869528,-0.0611097924036802,-0.836788027263495,0.051472219327463,0.0628707380535713,0.50360229245392,0.0631381857867165,0.134535240451853,0.483304112596282,1.12571202706452,-0.361203509623556,0.0290850487323394,-0.146162317601853,0.855484983863888,1.91726919396067,-1.15564101335885,-0.537847381004688,1.01315038280963,-0.952345471072295,0.384071870229634,-0.536324388793618,0.317702447193477,1.66867956399821,0.642937424650763,0.151165145466736,-1.7565988844931,-1.24537084522534,-0.498536058439347
928644.418239468,941905.614251253,-2.61874897476302,-0.952297858065893,0.297896739773488,-0.000208102149755135,-0.0267864716526785,-0.309852802781553,-0.797918027244959,-2.51792770721489,0.60068777707169,-0.249867062784793,-0.695076239453245,0.774895471447509,1.76302544776991,-1.11441664973823,-0.069644888613842,0.0731689122016243,0.616481695219447,0.799115485083721,1.54192788745329,-1.63879301681294,-0.746378294637367,1.39304710465252,0.647739968350478,1.51825724731199,0.465161222856707,0.30876831656646,0.742070296788014,-0.794311538829387,-1.84189452649098,-0.93313749663837,-0.353272661524638,-1.31794283828454,0.87763430484859,0.270293769702404,1.59726805690903,-1.18595713809039,0.612259402222517,0.385785238569222,0.105685863282654,1.76759581214478,1.10834935410062,-0.80507808939908,0.99918116643802,-1.45144960694414,0.47625950675134,-1.43745527213269,1.39475173163754,0.384373280652531,-0.606783628290785,-0.0940727577456245,-0.874696169437882,0.0344188711928148,0.021137661385675,0.440321285273994,0.0105725154254962,0.152150604190355,0.422865817916619,1.09668290726194,-0.375191191445849,-0.0156021923096661,-0.168222562054918,0.850263592281204,1.91618822487104,-1.2204679895473,-0.530828621214,1.04650544198263,-0.950612602680553,0.408776907018059,-0.538654338561552,0.255496836899351,1.74234310439127,0.578012524608876,0.130496044959279,-1.74093938644122,-1.20342712208197,-0.513991423578488
936793.643154201,941905.614251253,-2.47494920302106,-0.981424163729052,0.236333712494245,0.0578990198192401,-0.0256716333099644,-0.319818570384286,-0.742429638047105,-2.38958883747434,0.587465568555518,-0.230852536320152,-0.696383112096257,0.781889815391155,1.76627032023662,-1.10747580936359,-0.141273599933532,0.0521423515145695,0.687721503348328,0.775070830644925,1.57651930657909,-1.57509485768809,-0.737986065924894,1.43668376164118,0.694433720758597,1.54762940065335,0.471529127972817,0.27666103663012,0.745421821765241,-0.696022190107843,-1.79979184268226,-0.872358006883166,-0.295208902548983,-1.38277545140176,0.874507152050859,0.229929135452474,1.55621464824744,-1.19763008013174,0.620987238951583,0.394839942906084,0.101490565700301,1.73607239048251,1.07398608785234,-0.821377613679334,1.00275941932036,-1.44180410276296,0.434454878279684,-1.36884186833881,1.49141074526279,0.394051042240694,-0.640995014815987,-0.124285458127599,-0.91069471066451,0.0154389555088589,-0.020585261023362,0.377960141848802,-0.040690628517036,0.16981017181064,0.364090001304788,1.06745648719167,-0.387472033151188,-0.0567796203073333,-0.189950296308189,0.845161128578127,1.9103398278647,-1.28261827058767,-0.522492634765978,1.07812272462566,-0.943827658619517,0.432186228911705,-0.538264260809808,0.193894326235244,1.8135736755887,0.528194448163138,0.111605287928127,-1.73980016396991,-1.16521517466017,-0.529928150534908
944942.868068935,941905.614251253,-2.34136835551123,-1.00902825146348,0.185462479219854,0.108665642364143,-0.0232384639363719,-0.330743353484999,-0.695767647062581,-2.27298152422337,0.576187649293002,-0.193635275939747,-0.705210703724434,0.779212202262799,1.76389545961825,-1.10795497855193,-0.200926020901198,0.0401017345566343,0.759850051871613,0.750440556932402,1.60387689969018,-1.51790549663305,-0.731828110322188,1.47288523875035,0.722691525200543,1.57680141601346,0.479593024743228,0.250806690531886,0.751462309196549,-0.616214277046585,-1.75982079723518,-0.827795097213796,-0.24378269533435,-1.4296019657272,0.881278945848845,0.195373388672232,1.51753276363919,-1.21112490003875,0.62748937840282,0.401858068074509,0.0966835712819585,1.70404194849593,1.03650006149093,-0.843602960706947,0.998526698919856,-1.43334241484523,0.414228459475378,-1.30986398822002,1.57411921144879,0.407123129407008,-0.661207758381808,-0.143189759284951,-0.942553193452378,-0.0132411866585808,-0.0584385400980748,0.330978190529134,-0.0810872946392949,0.188772691271099,0.315902076320822,1.04674231638855,-0.39468868981768,-0.0804469696875228,-0.20753389200881,0.844692614586723,1.89958009454953,-1.32426062011961,-0.513091518309834,1.11223896400782,-0.929191780061145,0.452376935527984,-0.533771726455617,0.141519794557717,1.86062898050819,0.458186023531589,0.0918116610063733,-1.75490166001022,-1.15487750552369,-0.553204902691721
953092.092983668,941905.614251253,-2.22591436932444,-1.03533476664167,0.145191722037514,0.151489620616368,-0.0209674348675205,-0.343888245321659,-0.664149879047916,-2.17226605079222,0.56760342026868,-0.129318630113514,-0.728918014926997,0.76165239975346,1.75087282929007,-1.1248075934253,-0.24438641386311,0.0389377150687581,0.837640874630988,0.724420238218935,1.6195768092712,-1.4742632781354,-0.730352428361759,1.50125166109833,0.724228736277083,1.60620749809134,0.489308925048397,0.231618283376863,0.760916479543824,-0.563432169945213,-1.72576155293439,-0.806383988565302,-0.201428963810579,-1.45020952655517,0.900374392458949,0.166553865406575,1.4809192284695,-1.22973847722437,0.629459644037735,0.404337903366116,0.0899957220745587,1.66863987194689,0.992836278339927,-0.878482979271497,0.984540334856756,-1.43008937828829,0.424830536829502,-1.26586426090925,1.64005930217556,0.423348047053698,-0.664532490701357,-0.14564112943556,-0.970881021497224,-0.0603544084245577,-0.0944926810417055,0.301482356896816,-0.109457887092352,0.209016497028997,0.2824101539433,1.03591752200585,-0.396491173414271,-0.0843561267967341,-0.224912854149906,0.848455059995328,1.88216140449691,-1.33733188021987,-0.505321924151418,1.14861660882858,-0.9047529273879,0.465742546465227,-0.520862349931931,0.098815287020774,1.89915073415154,0.373945819581503,0.0903966108935184,-1.7669528197957,-1.1608369466698,-0.573747926567631
961241.317898402,941905.614251253,-2.09566309404138,-1.07041343155566,0.0992539270727095,0.195804180265591,-0.0213124365351349,-0.363435214861677,-0.63111326034779,-2.06154792107732,0.553691791809832,-0.0515014319304118,-0.762646111565807,0.733297108040714,1.73123569892738,-1.14856725861995,-0.295297627254284,0.0383289289526927,0.92518151156908,0.688667289325141,1.63379682421523,-1.42490451212567,-0.73213922730349,1.52824550072023,0.716793028608253,1.63762408923812,0.498019857629974,0.207544214541268,0.769366652947229,-0.508860473061613,-1.68744353596288,-0.789821817231644,-0.157187863383693,-1.46900997767008,0.924084101037978,0.130520602236496,1.43362173289028,-1.25505479567868,0.627909219723022,0.403358281795329,0.0778583764361592,1.62258306859968,0.934446476776625,-0.925385248272993,0.959803512696606,-1.42866668084413,0.441721098188243,-1.22005091450717,1.71084237417988,0.441164831435362,-0.664965781460917,-0.148280425311874,-1.00545744510566,-0.123533119529895,-0.138975904039616,0.270202258507082,-0.141423775338203,0.230216360588476,0.241548146973453,1.02306430023977,-0.399945515425148,-0.0834736275146988,-0.245111870968884,0.852108577599544,1.8550978822303,-1.34466882106505,-0.497740252235856,1.19038196112966,-0.875447540748354,0.47831911201557,-0.509560689304985,0.0485098386644766,1.96874730641594,0.309290390110799,0.12477316806493,-1.74836483861047,-1.1387298312371,-0.571376639475616
969390.542813136,941905.614251253,-1.96440043578449,-1.10880057721248,0.0554683882691843,0.244212110764474,-0.0284649540022013,-0.376879430078201,-0.593652838561341,-1.94221767149515,0.542104798808513,0.0329587323067014,-0.800237192748131,0.70170842069108,1.71106586409142,-1.16876830427761,-0.337648272779534,0.0414726796605449,1.02171808684784,0.65847130203166,1.64287215479413,-1.37205700518117,-0.724309428904294,1.55142529529658,0.707798016009606,1.66425341383028,0.507848968474164,0.183309797236741,0.777351059708102,-0.463327015635158,-1.64182934384077,-0.772681421984792,-0.120433994218187,-1.49182339358399,0.952752618878286,0.0875335353867772,1.38718573724082,-1.27519519441221,0.625979279593335,0.396708527020804,0.062705304066023,1.57234628868834,0.869320777692961,-0.976683588901245,0.933691162003184,-1.43591652009579,0.467050443913244,-1.182937719946,1.77055547614154,0.457322886125342,-0.666656293964218,-0.143329486518626,-1.03671706521694,-0.185584580742397,-0.182960301064667,0.238715912311873,-0.173392943411744,0.251663682691114,0.198410278494352,1.0091666536976,-0.403888315810698,-0.0947838866153013,-0.267172339344407,0.853601473396102,1.8219556861564,-1.34572727650579,-0.490039511972184,1.23167717988821,-0.8499235308376,0.492306830946054,-0.494333752830818,0.0001270563779279,2.03700930955935,0.248083653527443,0.154781863345543,-1.72510379368919,-1.10678487873668,-0.567897782796137
977539.767727869,941905.614251253,-1.83850270164163,-1.15791361118335,0.0269841919570257,0.29368884753932,-0.0557421936434537,-0.376770559269108,-0.547542573950816,-1.8203216196608,0.534276460976516,0.116692998691481,-0.839955673414382,0.667924302360775,1.70293405957262,-1.17082793692954,-0.356055902727868,0.0520175567997255,1.12877835894164,0.644708630949808,1.64776359150479,-1.31467455872638,-0.696996705520257,1.56402334624447,0.701951022801953,1.67970968061553,0.51800548492882,0.159679244774777,0.781644893905241,-0.44050500940146,-1.58791954184409,-0.758742773036431,-0.110246878024421,-1.52919435308763,0.992968172559912,0.0298700199455922,1.34988457113772,-1.28079806252192,0.624516570516319,0.376471468339933,0.0381449490180664,1.52360019369447,0.795406145331621,-1.02951360869322,0.904466860386319,-1.46853336055643,0.504277552319656,-1.17678575400069,1.80599654309629,0.468198086222765,-0.675229458264464,-0.128007135902123,-1.0565629461267,-0.228815487656208,-0.218116017431538,0.212744260015624,-0.200662122454962,0.268604607198347,0.148158347121164,0.995436003733241,-0.413371420352828,-0.134583584495044,-0.28628191903222,0.852377296717109,1.77952349479243,-1.3350044951537,-0.483714531596885,1.27274290339371,-0.842911811090528,0.511524659582753,-0.484677686054241,-0.0344280854039053,2.09992166384127,0.208558291159835,0.170182070037966,-1.69435066419422,-1.05560493208943,-0.558408314472542
985688.992642603,941905.614251253,-1.70837605777881,-1.21718938666621,0.0053531783577619,0.35082672069451,-0.0976501814829787,-0.365961942548533,-0.491781825453608,-1.68705683204417,0.529951286152589,0.210956273120277,-0.885873237654694,0.629137594123669,1.6994186353582,-1.16187345066803,-0.357246475176444,0.0692389310636522,1.25455839595462,0.64253042671604,1.64875729432447,-1.24963143695274,-0.65225941748647,1.5722274453728,0.696038748088991,1.68984325266614,0.530066523538936,0.135367086097112,0.78474367599072,-0.432551718176181,-1.52369085442961,-0.744714965287791,-0.11452908919918,-1.57983099930495,1.04421953859975,-0.0431747821131507,1.31605458222992,-1.27582083200296,0.623448645367309,0.345161343168914,0.00587151983719761,1.46952668756522,0.707667658301986,-1.08960173251518,0.871963326609412,-1.52216303849318,0.555187767395198,-1.18974139565467,1.82856550905834,0.477251271764724,-0.687718166221658,-0.101353839608537,-1.06948538352898,-0.264469789597392,-0.250530604645356,0.187963253603179,-0.226312993379632,0.285885241006531,0.0899309254613071,0.981028442795602,-0.425788946091091,-0.199460001310677,-0.30466138205553,0.848645357211666,1.72718023757248,-1.31396671755079,-0.4777206183851,1.31689888541514,-0.846651045275617,0.53622934736532,-0.473226476800363,-0.0636964688887378,2.15771556578174,0.167649551049439,0.169822529565914,-1.66345539436997,-0.997434429943905,-0.551569835647605
993838.217557336,941905.614251253,-1.55170250962175,-1.29055968680047,-0.0175492423055429,0.42189282366978,-0.152408462173129,-0.347109593150881,-0.422186303300102,-1.52775552762742,0.524818478437968,0.323394007588935,-0.939270550044112,0.580709691665667,1.69712636485987,-1.14455536562538,-0.35468010694629,0.0942722186180355,1.40543559388026,0.640559963531453,1.64861387848623,-1.16699265177315,-0.595676764153016,1.58085893327445,0.691138420930841,1.69913272770536,0.547917483468541,0.106510784908634,0.788970066294972,-0.41902712943748,-1.43795866722776,-0.724816955001844,-0.122538410691884,-1.64029629622166,1.1104469683245,-0.137238343545422,1.27328655371176,-1.26441020424258,0.623636486821023,0.305530168279768,-0.0333289980226485,1.40156498326432,0.594245523116295,-1.16227072165671,0.829618866974953,-1.58620098022672,0.620371257605434,-1.20461163378912,1.8522711749571,0.489677507353862,-0.703567167517971,-0.0641582418993286,-1.08027164271878,-0.304841942922632,-0.288154437471647,0.158314527644372,-0.256644286544586,0.308456005591591,0.0164497865074818,0.963548306010876,-0.439912191062249,-0.27991497085492,-0.329697787696923,0.846243988440331,1.65751923861394,-1.28104848308783,-0.464774732967077,1.3731115177024,-0.847607034204969,0.566605431695824,-0.458581071518954,-0.0946756254315319,2.20765044912185,0.0934933987360391,0.15628756565534,-1.63386694455025,-0.948582704286896,-0.549776942249955
1001987.44247207,941905.614251253,-1.41716250238524,-1.35330692305618,-0.0393181831332753,0.490642642488679,-0.199736072064451,-0.318533706013296,-0.372261458452145,-1.38526052255706,0.512750798407486,0.410957508022594,-0.979789198123144,0.534630110201008,1.68845020015452,-1.12394627538295,-0.345983615205216,0.117920372290172,1.54232010479113,0.635259268369072,1.64242380008033,-1.09092027913195,-0.555553191447191,1.60129469614614,0.680194155863119,1.69751624550099,0.569682805581091,0.0831763807007799,0.783012153633988,-0.409370240953379,-1.34428923790076,-0.714028703491403,-0.132859457359925,-1.71081742362446,1.17291610103264,-0.219012987389702,1.23616421756164,-1.24993043752099,0.62548335936678,0.262555948844261,-0.0673445018112122,1.33556397069346,0.487650422790777,-1.2302935438871,0.787929370063683,-1.6330795256494,0.693178953515617,-1.21769385117038,1.86591455721768,0.508276156530333,-0.721379756210104,-0.0151147295212326,-1.08596711968051,-0.33706898159791,-0.315568190056762,0.1315535666638,-0.271518719106729,0.336649536355673,-0.04814056695964,0.951462583957139,-0.452900637130029,-0.333579344430872,-0.351472962550238,0.846602223352469,1.59559334062601,-1.23851186925888,-0.438036842871083,1.42789153763624,-0.850515538124794,0.5859030688675,-0.449201973104716,-0.116802403099634,2.22682143974631,-0.00250966609175325,0.136536437058877,-1.60954922491998,-0.922691520098909,-0.55550228180428
1010136.6673868,941905.614251253,-1.33194379387163,-1.39210606229602,-0.056693885448475,0.543045775592582,-0.232796159041588,-0.280883969144735,-0.366867281850443,-1.28772129784042,0.488202466605067,0.442602354254868,-0.992586311102434,0.49914566759737,1.67728690949598,-1.10546419937282,-0.336122981432664,0.135630419282389,1.63965916243504,0.620362625880496,1.6286214434796,-1.04276575965034,-0.557785896046642,1.64015166372811,0.664360349008616,1.6776996908434,0.598606179008461,0.0691758919470133,0.761432937216692,-0.403066670740898,-1.25269405774726,-0.725041812417188,-0.151914469430717,-1.7868490599332,1.2264220765105,-0.26833005126873,1.21136734585115,-1.23984998878392,0.630201509230559,0.219409785207741,-0.0878404492203415,1.28784260770516,0.410715803811389,-1.28125573035883,0.751225491074412,-1.64271846129264,0.768986593024444,-1.22878738657605,1.8624898030115,0.534124010311978,-0.74829483128409,0.0428799898483542,-1.0877416968881,-0.354523469895388,-0.324301897716798,0.11125122674918,-0.264729253394624,0.366926210558388,-0.0885198912861553,0.949914133589045,-0.466376868534273,-0.327105480708863,-0.377832057335139,0.855661094659218,1.55569270140105,-1.19157894373676,-0.391833244839575,1.47753146614081,-0.855565204640459,0.580546475781214,-0.456407272172608,-0.119064372188579,2.21968989556246,-0.0987480251130705,0.133119447787793,-1.58966490183695,-0.9262146631464,-0.561740970685438
1018285.89230154,941905.614251253,-1.24875471371538,-1.42728182178099,-0.0756264173154455,0.596596359173197,-0.265640117409176,-0.235221521795166,-0.373616916410675,-1.19016003436388,0.454587194271631,0.461302400952332,-0.997553530773774,0.460562069627993,1.65943609637501,-1.08434304256695,-0.323525289054359,0.152958261794914,1.73409793694997,0.599363166803208,1.60783458699986,-0.993691957469875,-0.571489497966229,1.68541832626447,0.642290398226855,1.64682505530478,0.630101898066758,0.0565065080565394,0.73032671327182,-0.397474541045164,-1.1503252362067,-0.743029724186119,-0.176277576387929,-1.87776051831005,1.27965038336351,-0.314832144106167,1.18612711441884,-1.22769369462349,0.634636735144342,0.169017417135801,-0.107463775360247,1.23519524644226,0.330279862412384,-1.33275041774068,0.708606581531952,-1.63888589789189,0.851027173228102,-1.23937822004439,1.85017675342154,0.564127144289818,-0.781448937481094,0.110739067440413,-1.0867957224619,-0.369019884071204,-0.329091183352609,0.0889764654546715,-0.249529355476941,0.401639770881436,-0.128206531249043,0.949792564951772,-0.481926276494291,-0.302594714628591,-0.408261019350672,0.86591266744927,1.5141745490875,-1.135909136075,-0.334600731807185,1.52866123554415,-0.861895981283986,0.565602180774263,-0.47009756059452,-0.116063291683995,2.21789730433839,-0.19710511748065,0.152473632460701,-1.56258974745846,-0.928049511452825,-0.564595729093713
1026435.11721627,941905.614251253,-1.14321198649659,-1.46752391257581,-0.0988846629051489,0.664434131088337,-0.309575240304685,-0.175974821468665,-0.378732709215202,-1.06351152817662,0.412974974076476,0.487139086789375,-1.00249218777229,0.406945281275434,1.63138517112241,-1.0501228820818,-0.305794524800193,0.178316946954599,1.85394982461795,0.571648145250857,1.5749239258702,-0.931636980979782,-0.586134666060693,1.74091579366967,0.611944150122228,1.59633829378308,0.674188328971867,0.037647369221307,0.687298019005551,-0.393603209836504,-1.02544052368217,-0.763806817691201,-0.209559097088412,-1.99595725822782,1.35048378775848,-0.373963673820191,1.14545105728548,-1.21129693724073,0.639195692017155,0.101036144094771,-0.134181837840904,1.16349312357211,0.223354743257587,-1.39970756298545,0.652124450805211,-1.63272159913047,0.95933472074799,-1.24958046376657,1.82575834827688,0.60219547310726,-0.818562002851271,0.197625717076302,-1.08231194614965,-0.389678221761095,-0.333795396503508,0.0634005194040524,-0.229478858796516,0.443843991929283,-0.176356082164924,0.944936736986357,-0.49988078022937,-0.271487257877064,-0.447970030456837,0.877214599032297,1.45420949076854,-1.0603567254426,-0.259630007905419,1.58915812512052,-0.864928842058465,0.545496066290954,-0.481011719111039,-0.108686016945283,2.21674207540485,-0.32523874769043,0.182599828303752,-1.52227252435914,-0.927795577930118,-0.565498112578482
1034584.342131,941905.614251253,-1.0653479002628,-1.48833413154703,-0.111173052236331,0.730900627231522,-0.361602369844164,-0.115959056527542,-0.374923768236214,-0.940779016808337,0.393116725871078,0.517573837481903,-1.01618516194768,0.345420148095959,1.59505318980699,-1.00109791774597,-0.287636137550143,0.222957137815314,1.98105622779559,0.548508169161087,1.53706134023748,-0.889672013652715,-0.594421037991545,1.78688337083402,0.576842085984539,1.50365565632091,0.730964001641829,0.0144934868045029,0.646929765915974,-0.422455225529138,-0.948370600720321,-0.777238361737419,-0.264442905112371,-2.10502594083483,1.43803348556538,-0.422735682479513,1.08766634858557,-1.21839771646669,0.641156508558145,0.0348421315672862,-0.171190042717953,1.09826351565924,0.141388380078426,-1.46494377150335,0.596851455345807,-1.62696882673933,1.08061770319018,-1.26087016964714,1.77536101864226,0.637969571365771,-0.836454960981579,0.288838559302977,-1.07516215394629,-0.421807913674338,-0.349538105454578,0.0620329846076659,-0.207803951198966,0.477711388718156,-0.19929782860114,0.925906902362663,-0.517844466563856,-0.257917405431841,-0.506158431479437,0.886150707337762,1.3861122962761,-0.975313849254523,-0.18064860108993,1.63614851946425,-0.857265727114737,0.520682239581938,-0.47181524080879,-0.0670096582131326,2.21130431894969,-0.428509412227524,0.205725502579696,-1.46641833426231,-0.921053188302399,-0.561651046044235
1042733.56704574,941905.614251253,-1.02489602778592,-1.48713713002565,-0.11374576269921,0.783213631533351,-0.413130712757734,-0.0667035188779088,-0.360857496943903,-0.840914773033379,0.399749284697077,0.551843402855698,-1.03947751064858,0.287655656561815,1.558790290727,-0.947913720867648,-0.272610888876593,0.275540438372521,2.09664461288782,0.535904996981355,1.50194876547338,-0.875843179282647,-0.59515385174139,1.81837904560252,0.545042237546685,1.38543864438332,0.7910885265411,-0.010340040855148,0.616459673030722,-0.479344268221729,-0.924714278360441,-0.784357296501984,-0.330036281623819,-2.18359067075317,1.52588991304603,-0.452977651037586,1.02063753124168,-1.24737485922645,0.642981664434796,-0.0196095118219015,-0.210854948315415,1.0501880304345,0.0976918951579042,-1.51970345564668,0.554577812781322,-1.63099346503048,1.19285884179514,-1.27054339806002,1.70729223159318,0.667260649333067,-0.830882660638712,0.369605148044544,-1.07081084468745,-0.460464745505052,-0.372951471721815,0.0807677641678838,-0.189035272264429,0.49833666511253,-0.193187956259017,0.89526553917692,-0.532616563905659,-0.265324219932756,-0.567907380304497,0.889671022724691,1.32037564344658,-0.899370085626128,-0.113189037598558,1.66230964485849,-0.839945841274474,0.494976301046178,-0.441969248923173,-0.00597209416056562,2.20607915807687,-0.486139341658412,0.218185766375919,-1.40814697981329,-0.909164308403816,-0.554160214710738
1050882.79196047,941905.614251253,-0.981048241000308,-1.48175389794735,-0.113863622616198,0.839520405404715,-0.468038674651843,-0.0133944865344798,-0.344672009087261,-0.737543395981953,0.407417522727844,0.587262497772337,-1.06130491811214,0.223726624248397,1.51649020579383,-0.889295803938068,-0.255309975833795,0.333404524532135,2.21688215553957,0.521830811470185,1.46090242432959,-0.859311766006385,-0.593800847569616,1.85004061527394,0.509714587666206,1.24850301987053,0.855644226457514,-0.0365200098960824,0.582890928743547,-0.541305345695133,-0.900033198848742,-0.788603974576321,-0.402101965056019,-2.26321779899191,1.61950748489241,-0.483090567831914,0.945152820634183,-1.27687638605497,0.643883817691998,-0.0778360384894129,-0.253767995419799,0.997487439689809,0.0525590108990137,-1.57466815292786,0.508060330782937,-1.63045482858823,1.31148178854438,-1.27830085175141,1.62890388472095,0.698071768926566,-0.822126205004324,0.454419491916767,-1.06238828183609,-0.50162864416428,-0.39687851013183,0.103576600599056,-0.168263704076748,0.520000059878247,-0.184534395453462,0.860881816307088,-0.5467573989978,-0.271788487103436,-0.636474006421055,0.893544932363389,1.24640940863239,-0.818152017300199,-0.0409813135145445,1.68845562780225,-0.818860641316633,0.467512627294162,-0.408780052448321,0.061670149415287,2.18969454842964,-0.550947186492141,0.225950426114202,-1.34289054404298,-0.894727461111131,-0.552541264584028
1059032.01687521,941905.614251253,-0.931502678305649,-1.47064590453164,-0.110151971790474,0.897318551488298,-0.523699524610049,0.0456623917520479,-0.317803267405076,-0.623661503786292,0.419533018862615,0.63038168018206,-1.07768116804258,0.158068919680404,1.46494374845846,-0.830830203565147,-0.228438251172314,0.394349828887795,2.34257538738431,0.509723540645093,1.41208609106041,-0.833352799733737,-0.586346071583592,1.88515424363769,0.469212685340148,1.08791762720447,0.923862158981163,-0.0584614109660363,0.552871507976313,-0.607641411246161,-0.87511884804896,-0.793479900490857,-0.482251405960781,-2.34123537984476,1.71676155722733,-0.509936450529716,0.866705961321192,-1.30520969156382,0.649982826668212,-0.142113380648684,-0.300612013932019,0.93546992428375,0.00209882858256819,-1.62648753441843,0.450651780919429,-1.63056739510145,1.43920982266806,-1.2820334981735,1.53450053349743,0.733090979978778,-0.813419300059617,0.540226149862096,-1.05237327004425,-0.542819282290868,-0.430258172535974,0.125820493069987,-0.143202777123888,0.547240614922854,-0.17132007595473,0.817782462596039,-0.561698868870789,-0.278325227507559,-0.705192950659484,0.898588162511018,1.16028049623806,-0.732757346696269,0.0356527478998835,1.71579174545729,-0.781422240514041,0.43478688165286,-0.360185171593401,0.138234381797118,2.14531243412639,-0.635281539486153,0.226888183408982,-1.27351877361925,-0.874666609937386,-0.580055051419512
1067181.24178994,941905.614251253,-0.890660620057368,-1.45661862491362,-0.0985750687579713,0.934640245003278,-0.559419639714402,0.0980013546374646,-0.271577373165037,-0.517645309383097,0.437410179720649,0.679921231264197,-1.07560343589622,0.117633565933885,1.4082022695494,-0.797123577053995,-0.183899965658645,0.442549694730925,2.44037081959368,0.509637765338652,1.35922767982016,-0.794664720516697,-0.568340233271041,1.92286862380467,0.42884971335807,0.932046158144381,0.98028159789046,-0.0568949316641736,0.548621138857807,-0.666943348434548,-0.870259009684576,-0.80548095515328,-0.557980526478947,-2.39761333373841,1.79491710006274,-0.517882473965768,0.822588576251781,-1.32839334939701,0.671017371964556,-0.201070533855736,-0.346932130750967,0.875486325114737,-0.0463406148773082,-1.65132285995686,0.378508535301418,-1.64981644491974,1.55568131971241,-1.2848517308646,1.43134082118686,0.76594110420029,-0.825544998003344,0.591349630332679,-1.0509921029861,-0.572030004005782,-0.49100997831447,0.131561388488593,-0.120399564421529,0.578131497374452,-0.154680666962959,0.76197777260857,-0.58489293894009,-0.285144210714515,-0.75160790792853,0.908734348486906,1.07519020970061,-0.671976571712265,0.0975067310967742,1.73930650363131,-0.705291395204336,0.395284231864156,-0.283480146974664,0.215742570301042,2.0794638823538,-0.71845861405866,0.251967622483549,-1.23801454028045,-0.867627510470205,-0.629673318434021
1075330.46670467,941905.614251253,-0.853840966698455,-1.44064705113471,-0.0833411501818746,0.961692456914665,-0.584519283322817,0.14345513006118,-0.219612944641514,-0.422931730817887,0.456692142532549,0.726756066690294,-1.06475204751927,0.0894560383949806,1.34870876869956,-0.77880750486137,-0.135366668885884,0.480161493439533,2.52011959183364,0.512577583971179,1.30593672506896,-0.750510102442126,-0.545999700645916,1.95689447470877,0.387653845247056,0.781197492472135,1.02517527184543,-0.0463391251790148,0.555829032106665,-0.717448340306162,-0.873823279214986,-0.819626633947915,-0.628870880730709,-2.43130904117713,1.85696946043425,-0.517289550367679,0.794609767813367,-1.3460168675486,0.695606415302553,-0.254334713328701,-0.391032158308135,0.815110935843076,-0.0926486404942208,-1.66199212495521,0.300741743759844,-1.67014088346892,1.65747610622691,-1.28403576749979,1.32819591353707,0.794689496040625,-0.84146011445619,0.624582851234174,-1.05140169121569,-0.593931579808194,-0.561972829229106,0.13091147547548,-0.0997049001469989,0.609994727854813,-0.137350582972386,0.702574862288266,-0.607343395134524,-0.292881697053454,-0.784898972909027,0.918294795804515,0.993976287775708,-0.623105718211979,0.147371418392484,1.75785014056999,-0.62168669895693,0.354817412608006,-0.201696779137033,0.287291074146861,2.01439942107876,-0.788445739982004,0.295350278252453,-1.21821929650085,-0.865708815742484,-0.672600235057111
1083479.69161941,941905.614251253,-0.817317363005433,-1.42111522911478,-0.0664629351805041,0.986672786540906,-0.606532456095517,0.18667096929514,-0.169620557893596,-0.333276540522024,0.478013112397544,0.771615805537066,-1.0491481808294,0.062049411787028,1.28528729148567,-0.758021129160471,-0.0861189989260292,0.518634079474819,2.59139941949021,0.51673527472682,1.24919658950653,-0.705268344257198,-0.52237815130467,1.98496098339081,0.345016570554136,0.624163678692302,1.06841937763627,-0.0359951764663153,0.563002786526704,-0.766743779351318,-0.875269715593562,-0.830489425860683,-0.69929592829504,-2.45227873194144,1.91538920143065,-0.514201683396324,0.766026757560154,-1.35870064087913,0.719692242967159,-0.306852951721983,-0.430815137138412,0.753780312416206,-0.136940217172775,-1.66527617874664,0.223202510437813,-1.68661182060765,1.75274919879538,-1.28036421306904,1.21750227146476,0.821138947934536,-0.855773210407384,0.654414663251218,-1.04669522176371,-0.613905475385972,-0.63073361434524,0.128636909874625,-0.0810019296931217,0.640760412173721,-0.118491171042868,0.641318196323798,-0.628083436913317,-0.299034100342995,-0.815631717527637,0.925566809101585,0.910281082346774,-0.574679986451998,0.196354125416871,1.77046428132215,-0.539763795834752,0.313270424045272,-0.123087603902691,0.35438300903048,1.94591356564043,-0.850633587975227,0.347141893473253,-1.19778690664295,-0.870606828142779,-0.703233230181953
1091628.91653414,941905.614251253,-0.788782680123655,-1.40093958749475,-0.0442877741177516,1.01388556978353,-0.626716053198339,0.219585113537276,-0.132310320177287,-0.260417441393637,0.517230728372952,0.814334363240486,-1.0283622333743,0.0312902592364107,1.21891481739102,-0.736962429588379,-0.0365079630622606,0.566335669947865,2.65709433241479,0.528621451186882,1.19424844136014,-0.661006788455954,-0.500179772322816,1.99921285281051,0.29468951345841,0.469694771103052,1.1123186321967,-0.0358867791742159,0.570036015112108,-0.816793789155409,-0.872894738386405,-0.835044792277077,-0.773074389712648,-2.43362493820058,1.9763549165127,-0.511366830755454,0.731479000731142,-1.36228820152722,0.743704634212683,-0.360893770568877,-0.451456924375366,0.690866728465854,-0.175220394017118,-1.65830739481265,0.159662862839026,-1.69561305335673,1.84163339316842,-1.27733052490909,1.09686188019054,0.843955762476617,-0.864924143935859,0.68124400281129,-1.02711302398032,-0.635904302514452,-0.685054817021229,0.121989764688881,-0.0730270708943841,0.675064082828632,-0.0951295649049817,0.583103396943432,-0.644901244978584,-0.308734910938799,-0.845134886576554,0.924932035362945,0.83173267088009,-0.527887456993003,0.244315658844386,1.76934699184918,-0.475075886348974,0.270529949039815,-0.059763099344652,0.401909933352624,1.87291493669312,-0.889077934194627,0.407592512530604,-1.18356728409429,-0.870974400682498,-0.731235711949465
1099778.14144887,941905.614251253,-0.780193683459326,-1.38581526825973,-0.0130174648214851,1.04495750497009,-0.644082346854066,0.232366267813214,-0.121502641075343,-0.219394180330087,0.588577185003354,0.853661506251387,-1.00203488701753,-0.00422080989087833,1.1550179432535,-0.717042958876285,0.0128865497703256,0.632295099600228,2.71528809491381,0.556441176220398,1.14782842790828,-0.623195766977005,-0.484273877653127,1.99179299478274,0.233091897636777,0.337244367695568,1.16002288575833,-0.0543059344842584,0.577456280971529,-0.869821857569452,-0.866468482459287,-0.82922620251343,-0.849985553846818,-2.35747241810342,2.04693155708596,-0.510436573089256,0.690023914760825,-1.35471912584263,0.767986004366813,-0.417017596247259,-0.435999711223568,0.632791879365114,-0.200461232794856,-1.63744315498926,0.129656377122077,-1.69773962865917,1.92381294594185,-1.28318031869638,0.965507126215807,0.860374007528539,-0.872117670046106,0.701358366605087,-0.984803032034437,-0.663212827926639,-0.709946232172382,0.106561086719622,-0.086833108898445,0.713968903803428,-0.0653933570180278,0.534579891436339,-0.659133027525016,-0.325108656879832,-0.874110607765626,0.913293992265846,0.76976716455618,-0.489429728225199,0.290744151208041,1.74588835654894,-0.442123128192941,0.227533254367481,-0.025856399234607,0.413082478766866,1.79488299060215,-0.884788039279716,0.476979786193639,-1.18727109311318,-0.860859890599999,-0.764776114112488
1107927.36636361,941905.614251253,-0.776048891709494,-1.37028023381556,0.0210361631395688,1.07518590258423,-0.657800072076334,0.238417755053088,-0.118750384503277,-0.189143181110671,0.666987996549363,0.889415314068922,-0.973670322830132,-0.0396262609079237,1.09306740328712,-0.697595613643724,0.06059993012224,0.700482370677226,2.76568137968754,0.587950553617635,1.1049951408072,-0.586861388685448,-0.469521469953857,1.9747029305887,0.16891673794378,0.215304061752638,1.20527778913546,-0.0772557736016987,0.584733719936313,-0.920111213546771,-0.856055166597988,-0.818233118275,-0.923805071962875,-2.26688187903036,2.11485680620026,-0.508664240109963,0.646907683641877,-1.34144759349729,0.790789968282732,-0.471015866592025,-0.407749577274469,0.577229539007275,-0.21943112293994,-1.61047990122026,0.11283634279026,-1.69313044403026,1.99872058384689,-1.28877984555695,0.831624675296908,0.873290233068343,-0.876040783659446,0.71852354009952,-0.935371568940034,-0.689500446730332,-0.722089579829081,0.0896233251307129,-0.106186229413515,0.752926114305073,-0.0340609121568997,0.490727218058737,-0.669983508884034,-0.342667439574289,-0.899319259693136,0.897851696111049,0.714646921134133,-0.454197202569103,0.334377773122896,1.71370046468936,-0.419970586328141,0.185808144089485,-0.00204996040876557,0.411266400200685,1.70943695788098,-0.869649423852102,0.542853928825444,-1.19833838370249,-0.843845212013199,-0.804949457791821
1116076.59127834,941905.614251253,-0.76832508155731,-1.34821309035634,0.055930244711104,1.10167561954639,-0.670217755517907,0.245625955471977,-0.121143360071845,-0.157249608887046,0.73175821302346,0.922815486223768,-0.943918655862087,-0.0731689448263429,1.03782749094178,-0.675573203484031,0.103348908691725,0.765300034065599,2.80341067320648,0.613401234772472,1.06701706579263,-0.553307781144552,-0.456044492914334,1.95440013163215,0.113393669011722,0.103428429526168,1.24371584561734,-0.0980568369177922,0.593553377821084,-0.962234408399965,-0.843529153345152,-0.805911209901701,-0.987724099347444,-2.19960084675957,2.16999128653687,-0.505300153926164,0.613939492999289,-1.32752138207419,0.80568467075752,-0.518420404069477,-0.381869962202359,0.526968588580684,-0.231028970467448,-1.5778665917885,0.0992348180849319,-1.68197865555313,2.06115444117995,-1.28774778095756,0.705459047413824,0.882486923586064,-0.876189488157518,0.736461527342079,-0.886327271024437,-0.708897966389933,-0.729887096562707,0.0725090043749497,-0.116811913234752,0.792650336148936,-0.00710332629604266,0.450750272806673,-0.676523503515048,-0.350796891552658,-0.916701875764562,0.888596697183501,0.665431932665979,-0.417985110886403,0.376516084111281,1.68412934461055,-0.394896492517737,0.14621337449971,0.0125670249766386,0.413604440203886,1.61201622910721,-0.87314000832897,0.59279895564534,-1.21448633854054,-0.828266316074461,-0.860822506702033
1124225.81619307,941905.614251253,-0.756063457724326,-1.31163381745607,0.0986351652305589,1.12087182167746,-0.690287465523495,0.257752653588419,-0.148858699766024,-0.113427623450177,0.765835758999218,0.96033245541244,-0.913500898328995,-0.113316271018514,0.998641483837084,-0.651066673521509,0.136587316863124,0.835180256484157,2.81957022827502,0.619174484267798,1.03752807856447,-0.525903906432684,-0.451435918381973,1.92833788813367,0.0716616033542756,0.00541131366062619,1.26939976762401,-0.118855444723942,0.609035656280763,-0.994289234435144,-0.830939392954134,-0.795056721803507,-1.03833372138408,-2.20630609632617,2.20232634373494,-0.504117368632691,0.611600653021632,-1.32304142989579,0.795179865752579,-0.561979783329937,-0.36969499434517,0.481788417787635,-0.228502339898155,-1.53231954388434,0.0866922221262391,-1.65721702597009,2.11026037764695,-1.27619701700496,0.591687726756776,0.881619679499489,-0.875110680218298,0.761470912058974,-0.834829815647676,-0.717163643765669,-0.740060802378735,0.0508345669167444,-0.101212053144217,0.846729837245585,0.00660209666379014,0.410634573371972,-0.681127660176369,-0.336325162996958,-0.91916033652501,0.902629862350672,0.625490203423833,-0.376564241281489,0.421318344909005,1.66745531582175,-0.35983301041245,0.101247541758653,-0.00144002528878294,0.431675563516985,1.50926948608312,-0.913420991538809,0.631706110003303,-1.22177810279956,-0.815718233714493,-0.913887472833021
1132375.04110781,941905.614251253,-0.738650349534272,-1.25699789267356,0.153107710018296,1.13594544954386,-0.7237291575598,0.273311865567794,-0.205719781511254,-0.0561372292199573,0.773380012085882,1.00334421159035,-0.878591171917664,-0.165612138910488,0.969740364834174,-0.618697675720883,0.164494140402933,0.919187911310601,2.81488657938307,0.608954120639404,1.01626445350695,-0.50609596351718,-0.456249087880162,1.8912099509327,0.0424542278949397,-0.0868736436729666,1.28551204878472,-0.144663333503984,0.631884194804577,-1.02091351584836,-0.818017097592357,-0.785264243019147,-1.08488256390114,-2.28537003231372,2.2165500803039,-0.505539729811238,0.637738195323038,-1.32556078747698,0.75746497181419,-0.606678013502976,-0.367642471541841,0.438502600049483,-0.210417643815757,-1.46853856426407,0.0733134667009499,-1.62409883738285,2.14780051544858,-1.25427162752958,0.475809886045769,0.870435712683884,-0.874544475707154,0.795079702244007,-0.775946463375617,-0.716531518323482,-0.748792210979307,0.0163189147881627,-0.0580468931286673,0.917221007531455,0.00772838984918907,0.366516459940793,-0.683568029514162,-0.294954347534106,-0.909362551332634,0.939270746588228,0.590879113745523,-0.326070407114275,0.475481878589335,1.66041510736502,-0.310789272906231,0.0456911256794126,-0.0528068328097578,0.46811531100334,1.40056158128886,-0.98310016492801,0.670234119330436,-1.2138480398933,-0.811459654428205,-0.955386163046305
1140524.26602254,941905.614251253,-0.719284277534131,-1.19911963958454,0.209406493662272,1.14994216846114,-0.759567452276276,0.28919934369064,-0.268466358678126,0.0036180907771572,0.775086549757976,1.04494022544905,-0.842089471112972,-0.220512858061696,0.942829034878503,-0.584452361789942,0.190687498899704,1.00310415781962,2.80386535855847,0.595514150888506,0.996173405517521,-0.485910224869177,-0.461777348926147,1.84973914032349,0.0162065168196291,-0.179831268577115,1.2988154196874,-0.170670728194878,0.655323890324726,-1.04607338737055,-0.803743868789262,-0.775252044466657,-1.13002774782787,-2.37998407680468,2.22524835524316,-0.507366247959835,0.668453368699228,-1.32785545077684,0.713572366311096,-0.651022911781333,-0.367029569607324,0.395380574791778,-0.188996860988752,-1.4009142392738,0.059509574897511,-1.58731362343976,2.17936031216696,-1.23000534942922,0.356535628465548,0.857146972352931,-0.873426526138709,0.829954797006323,-0.715880717042851,-0.713562315288004,-0.755891306851548,-0.0207001293158296,-0.00917329545149641,0.988910035980372,0.00555402746701579,0.322595017463882,-0.684408304328388,-0.248746521800199,-0.896100035086008,0.979311512757961,0.555752406605402,-0.274486821397176,0.529705500172616,1.65306827869393,-0.259322990861265,-0.0124878704121334,-0.112614534597055,0.506850264817921,1.28686143443105,-1.09387351492049,0.707041188018826,-1.19672972309895,-0.780369002412241,-0.980646481451915
1148673.49093727,941905.614251253,-0.703562815365587,-1.15711208352098,0.261544701550756,1.16663964318472,-0.800519094731747,0.29862122724351,-0.320643724876471,0.0629855051606526,0.778966973485682,1.06688116541328,-0.806925629654514,-0.259914214874865,0.926124649085333,-0.547018763908548,0.203300296089234,1.07078150440338,2.79178350372345,0.58562690446367,0.98350054477985,-0.458144901373321,-0.459449676996141,1.81013715409156,-0.000100422704186988,-0.256996000216844,1.30909572984071,-0.186359745915771,0.668950564130896,-1.07400887109636,-0.792357552357627,-0.771076987838245,-1.16563210742803,-2.46151328406443,2.22942377983486,-0.511754905531079,0.695670262599094,-1.3275029812965,0.677359245792327,-0.684207772757347,-0.363394656385254,0.365824915134563,-0.166641755034965,-1.34079731997593,0.0482550615058408,-1.54554152848677,2.18660162635523,-1.21668833388255,0.253778662443314,0.851923596845967,-0.879163026230064,0.869501180372233,-0.665677133918334,-0.71572973839299,-0.753873442706912,-0.0483364424781305,0.0447309025923661,1.04796226528242,-0.0104611778184878,0.305490323672418,-0.680893199715395,-0.212563322665303,-0.884931497408359,1.01472810261107,0.514666478375164,-0.238715914746519,0.570217255393969,1.636113120581,-0.219537571584817,-0.0567098290914121,-0.171600472701665,0.536646290919847,1.18515958217429,-1.19149405345807,0.73306834132828,-1.18521914358949,-0.759479998573175,-0.987215725985146
1156822.71585201,941905.614251253,-0.694062646346165,-1.14126611100414,0.317903828963653,1.19562723656155,-0.862653870371965,0.298826990082339,-0.362814509173578,0.136540120164761,0.786617294622504,1.05568327274103,-0.768447214486694,-0.277181904711782,0.931416539943383,-0.498915693484873,0.190604588185878,1.12605747686043,2.78158622327247,0.582359491968491,0.98453649104716,-0.407978390651238,-0.441907236510344,1.76828801017631,-0.0004481513692894,-0.317580424968892,1.32051373164563,-0.183902849694719,0.667264858557261,-1.11697078121946,-0.785317484364719,-0.781245681503278,-1.19065450239229,-2.53649411626787,2.23149246720897,-0.528455589945444,0.723974770562275,-1.32352952159451,0.650234395882873,-0.701367154703172,-0.357487350229429,0.35946850221591,-0.137780291622185,-1.28376254383968,0.0383585879663128,-1.48853871958631,2.14637171105729,-1.23001682087088,0.169347335728916,0.864988081210786,-0.902911576287178,0.926583576894936,-0.623468813658477,-0.731401562077548,-0.736712832307369,-0.0627861153656357,0.119951853475944,1.09891905041116,-0.0616775704871472,0.342861254176963,-0.670077958530504,-0.186760750160296,-0.877646123513978,1.05146990027307,0.45020662983003,-0.226849550478492,0.592780833133292,1.59789347275263,-0.192972643710094,-0.083317121426882,-0.244526869168446,0.55476191636295,1.09248065509332,-1.23957757169892,0.747493026635993,-1.19120728221366,-0.786068521341752,-0.972098362365113
1164971.94076674,941905.614251253,-0.689007291243588,-1.13714446918522,0.379616393998213,1.2307989655179,-0.942727375562954,0.292184477705677,-0.405025164777026,0.219983067253351,0.798991571991243,1.02756664541738,-0.724751496579502,-0.283232173870667,0.943748279087136,-0.439257119547475,0.163178728489103,1.17807213724258,2.76799486239666,0.580487479953228,0.990320652972062,-0.346847129959163,-0.416192253977112,1.72137464436937,0.00647079119397549,-0.372879427839915,1.33076626666101,-0.173330752963512,0.655987170373017,-1.17057548073001,-0.78302685118233,-0.798882012192302,-1.21208047718923,-2.61233728485735,2.23007536401629,-0.548845803493139,0.754621265729541,-1.31776496439484,0.624822855809442,-0.712665173962537,-0.346792711122979,0.362759419864328,-0.104424022892659,-1.22536771386307,0.0286228181957056,-1.41959219207721,2.08055023002659,-1.25452444248594,0.083658995756728,0.88652491847191,-0.938181819604221,0.997612451553471,-0.582489941449377,-0.755265574454353,-0.71025353908121,-0.0700009254973904,0.209762648213871,1.14795342387811,-0.134435888511535,0.40641769149814,-0.65522588148449,-0.166679334137995,-0.872601398802734,1.091043299992,0.368950841246762,-0.226601768727586,0.60859515131357,1.54435793526611,-0.173175706931168,-0.10092616308467,-0.329344151625661,0.569753601958484,1.00135918391235,-1.26546525376692,0.76563191504848,-1.20312662196079,-0.823194689472013,-0.938801175305861
1173121.16568148,941905.614251253,-0.687900620203342,-1.13205255054008,0.436826629106128,1.26320601444527,-1.02397154565868,0.28200524535591,-0.446529352191099,0.298076825849901,0.805876310384599,0.998068913851183,-0.678356754741405,-0.291562473441037,0.955769798485612,-0.374223600159112,0.133281442661812,1.22914545882996,2.74428774859029,0.582095876247989,0.994532998900321,-0.290962885251488,-0.385629639039469,1.67542907768681,0.0162260509777271,-0.429095954511386,1.33904350772986,-0.161293569706489,0.642819936166186,-1.22349199541478,-0.783621297059285,-0.81787162941916,-1.23044919216352,-2.68768640325961,2.22188778087733,-0.569147646215134,0.787672296894443,-1.31308282112913,0.595383591809484,-0.720268823722013,-0.334101970252393,0.368473728740408,-0.0667473505085892,-1.16406040795393,0.0218739350002488,-1.35155545399823,2.00903630256018,-1.27681398572464,-0.00609437522834668,0.91223273759747,-0.97813125164973,1.07054736993369,-0.542988508412368,-0.780000460751639,-0.679607852156013,-0.0809986904331672,0.291844982107207,1.19051359685225,-0.208668962977169,0.470640451367213,-0.638553175205728,-0.144261148223122,-0.86523852158106,1.12844038909345,0.284402141617927,-0.230884852312171,0.622882488264934,1.48218683418808,-0.153881128734523,-0.122397233688379,-0.418222794459636,0.584770557136759,0.918185338843308,-1.29263720853647,0.79871395294963,-1.20851847452256,-0.840955825676933,-0.885153157175982
1181270.39059621,941905.614251253,-0.710334741571788,-1.12498655257769,0.465229200409729,1.28362907937285,-1.08489501644536,0.260467670395752,-0.472910659415884,0.339937752306306,0.790051517595894,0.984020923881042,-0.628699852489153,-0.314276819982793,0.968364421134308,-0.290202367073424,0.106553697745044,1.27850873658014,2.69259377722983,0.609070623113362,0.996615515648409,-0.275574711929451,-0.33663767894627,1.66380497833542,0.0397254352707002,-0.475758481313674,1.34593741182843,-0.145727289824849,0.632357028091002,-1.2604964269258,-0.803403301582913,-0.839797162005748,-1.23533522162244,-2.75120258495074,2.19683424102497,-0.583691200478618,0.834450182462471,-1.32186019564119,0.557069993728196,-0.711770403170546,-0.312237790461241,0.386848123316132,-0.0125235611114673,-1.09850369220271,0.0358749315374995,-1.30346237077523,1.95566743765034,-1.28159252953672,-0.0883900065222189,0.96111328189914,-1.03495188344327,1.14947343994514,-0.518447134131047,-0.804357190352694,-0.635023040574013,-0.112217621008085,0.32592977703544,1.20175007884086,-0.256900256259397,0.524415617133679,-0.618543056298088,-0.110700220741552,-0.851483903073496,1.1561896812157,0.220383116317238,-0.254722965146133,0.635989374071629,1.40787018871921,-0.137527945173937,-0.16126828030533,-0.49623561611995,0.605684040632934,0.859858054395749,-1.34068261373233,0.82712316414679,-1.21904582415333,-0.878028915287246,-0.796788160116071
1189419.61551094,941905.614251253,-0.753971151841243,-1.11383992981136,0.462765579995856,1.29317471863537,-1.1178464634344,0.230808410904129,-0.479609266622491,0.346648848886947,0.746462734354221,0.984538020619256,-0.575589820872617,-0.354367631268464,0.986463224573822,-0.191246442112836,0.0855817855592536,1.32570202201327,2.61166747581793,0.664045356268104,0.997185003582308,-0.29779971469463,-0.267011609455051,1.68819906152432,0.0795031448787935,-0.512842471672635,1.35376406315839,-0.123429047319324,0.62786487556465,-1.27741458380038,-0.837678617690772,-0.863503925556856,-1.2226373325989,-2.79833895249666,2.1553656659886,-0.596690049232665,0.894521811425352,-1.34286392891375,0.509151958232665,-0.682603642628261,-0.286024063387809,0.421463621301061,0.0601504239921379,-1.02608055140269,0.0728104236525265,-1.27521064602916,1.9160192646711,-1.27030844224462,-0.154686669502025,1.03534142981816,-1.10794004094549,1.22986986689915,-0.507381678193874,-0.82656291631554,-0.577443205638943,-0.166539361983965,0.309806206341513,1.18135259938161,-0.276386165047495,0.571664861672377,-0.593226710251349,-0.06125026078585,-0.829399648960327,1.17304182619396,0.177952425494961,-0.29782261103513,0.646525969801994,1.32039136594354,-0.120374817909268,-0.22156333759066,-0.561353947863975,0.63045146501702,0.820861680977874,-1.40828442273052,0.835099672964422,-1.23858563949019,-0.96257436790745,-0.682691317299733
1197568.84042568,941905.614251253,-0.800366668605235,-1.09916905255813,0.450915811557375,1.2995614501446,-1.13846301574053,0.200845729383492,-0.479813028168817,0.34496562216145,0.696074817622638,0.987231475199526,-0.521755741155726,-0.400785910792035,1.00469065004177,-0.0926581270045701,0.0681342982123264,1.37032622549259,2.52068478229925,0.725063707347519,0.995605032941474,-0.328660505625707,-0.192813395456044,1.72036161626025,0.123975366422049,-0.546976035913893,1.36154751634954,-0.0985558699780046,0.627409352019599,-1.28629676219728,-0.87343649083601,-0.885175061156202,-1.20310532921504,-2.83586817562774,2.10912268779734,-0.609263741407153,0.954591731207157,-1.36577680767667,0.456888467661965,-0.647308557047359,-0.260920106592235,0.460185695087776,0.136469864875461,-0.952938995114125,0.116752364261961,-1.25103220532351,1.87760727816467,-1.25287394408827,-0.215847517955075,1.11291772600289,-1.18419674074409,1.30616654052392,-0.498133720194191,-0.847330054584564,-0.518223429889955,-0.227706432877396,0.280556148772787,1.15319846417957,-0.285724811896653,0.616593698909811,-0.565777841160508,-0.0071825583425592,-0.80500732951882,1.18563016556011,0.140794762040794,-0.344677119740672,0.655837157400318,1.22895527970069,-0.101378495774377,-0.289253647165904,-0.619989275959675,0.655734805609893,0.757038026631007,-1.47320003088732,0.838316517119677,-1.24634179805889,-1.04535352636765,-0.575152842581525
1205718.06534041,941905.614251253,NA,NA,NA,NA,NA,NA,NA,NA,NA,NA,NA,NA,NA,NA,NA,NA,NA,NA,NA,NA,NA,NA,NA,NA,NA,NA,NA,NA,NA,NA,NA,NA,NA,NA,NA,NA,NA,NA,NA,NA,NA,NA,NA,NA,NA,NA,NA,NA,NA,NA,NA,NA,NA,NA,NA,NA,NA,NA,NA,NA,NA,NA,NA,NA,NA,NA,NA,NA,NA,NA,NA,NA,NA,NA,NA,NA
1213867.29025514,941905.614251253,NA,NA,NA,NA,NA,NA,NA,NA,NA,NA,NA,NA,NA,NA,NA,NA,NA,NA,NA,NA,NA,NA,NA,NA,NA,NA,NA,NA,NA,NA,NA,NA,NA,NA,NA,NA,NA,NA,NA,NA,NA,NA,NA,NA,NA,NA,NA,NA,NA,NA,NA,NA,NA,NA,NA,NA,NA,NA,NA,NA,NA,NA,NA,NA,NA,NA,NA,NA,NA,NA,NA,NA,NA,NA,NA,NA
1222016.51516988,941905.614251253,NA,NA,NA,NA,NA,NA,NA,NA,NA,NA,NA,NA,NA,NA,NA,NA,NA,NA,NA,NA,NA,NA,NA,NA,NA,NA,NA,NA,NA,NA,NA,NA,NA,NA,NA,NA,NA,NA,NA,NA,NA,NA,NA,NA,NA,NA,NA,NA,NA,NA,NA,NA,NA,NA,NA,NA,NA,NA,NA,NA,NA,NA,NA,NA,NA,NA,NA,NA,NA,NA,NA,NA,NA,NA,NA,NA
879749.068751066,933756.38933652,NA,NA,NA,NA,NA,NA,NA,NA,NA,NA,NA,NA,NA,NA,NA,NA,NA,NA,NA,NA,NA,NA,NA,NA,NA,NA,NA,NA,NA,NA,NA,NA,NA,NA,NA,NA,NA,NA,NA,NA,NA,NA,NA,NA,NA,NA,NA,NA,NA,NA,NA,NA,NA,NA,NA,NA,NA,NA,NA,NA,NA,NA,NA,NA,NA,NA,NA,NA,NA,NA,NA,NA,NA,NA,NA,NA
887898.2936658,933756.38933652,NA,NA,NA,NA,NA,NA,NA,NA,NA,NA,NA,NA,NA,NA,NA,NA,NA,NA,NA,NA,NA,NA,NA,NA,NA,NA,NA,NA,NA,NA,NA,NA,NA,NA,NA,NA,NA,NA,NA,NA,NA,NA,NA,NA,NA,NA,NA,NA,NA,NA,NA,NA,NA,NA,NA,NA,NA,NA,NA,NA,NA,NA,NA,NA,NA,NA,NA,NA,NA,NA,NA,NA,NA,NA,NA,NA
896047.518580533,933756.38933652,NA,NA,NA,NA,NA,NA,NA,NA,NA,NA,NA,NA,NA,NA,NA,NA,NA,NA,NA,NA,NA,NA,NA,NA,NA,NA,NA,NA,NA,NA,NA,NA,NA,NA,NA,NA,NA,NA,NA,NA,NA,NA,NA,NA,NA,NA,NA,NA,NA,NA,NA,NA,NA,NA,NA,NA,NA,NA,NA,NA,NA,NA,NA,NA,NA,NA,NA,NA,NA,NA,NA,NA,NA,NA,NA,NA
904196.743495267,933756.38933652,-3.06324309807415,-0.896490675487629,0.448605949432672,-0.0646564958243055,-0.0825423116618233,-0.201384282045206,-0.986698774072276,-2.79199688248787,0.655605891004549,-0.282317768397674,-0.677660826475673,0.764028773854687,1.69711502343314,-1.12691262254093,0.164088761379962,0.197762981263764,0.447372250354764,0.863623052560092,1.38188087772819,-1.82769967003361,-0.729948147036269,1.28938011110067,0.492662004135121,1.40988472157085,0.425021717039735,0.370408233209764,0.715691296689454,-1.13005918301323,-1.94707996106228,-1.06712049820224,-0.478615578215158,-1.2302550890859,0.870495904553146,0.356546088911949,1.68732405417407,-1.14015936425606,0.572054892059011,0.380258164786896,0.143374302326845,1.83922236643649,1.21193803461217,-0.741474799150561,1.01044544335702,-1.47145831971823,0.571327743921532,-1.67057152643221,1.0376745967333,0.378765624991608,-0.556792523046169,0.0467134819941793,-0.737960101188775,0.107191902138592,0.1331358599588,0.563005860800359,0.123045017318728,0.110064306953877,0.639496764102603,1.21491894996258,-0.335072131683558,0.125409893338039,-0.138177480853004,0.869627552758255,1.95833863113784,-1.03738560349967,-0.557506837303687,0.930989909598197,-0.932527718656659,0.340080341935172,-0.503301758289943,0.407799984461839,1.54840383556656,0.621481590123998,0.172472448009818,-1.73013386153238,-1.32468877941575,-0.45625452653088
912345.96841,933756.38933652,-2.94463755825727,-0.91125518068076,0.403010857137109,-0.0362531635926649,-0.0579441964861821,-0.235036671992999,-0.932760456769867,-2.74584766408947,0.630945308392751,-0.26090892242839,-0.685768466300461,0.755468948705704,1.70822719480101,-1.14412652038991,0.0917599154797422,0.152540633046701,0.498925078982816,0.853455765594102,1.43772097948478,-1.76262653716435,-0.736497192570031,1.33282687528264,0.523486821022914,1.43964047462131,0.438365107278166,0.349044866816809,0.719744877426291,-1.04096967418845,-1.92269258779104,-1.03275975962588,-0.446624904735702,-1.23979100065001,0.867249003573982,0.337793378328417,1.68592687998422,-1.14372756424928,0.58691468287258,0.387762828676511,0.126881658569856,1.81189423670129,1.18197836694511,-0.759241952704279,1.01698812827826,-1.47378011405206,0.549474071178339,-1.60439043739666,1.14456687951673,0.373275367412722,-0.56257254852265,-0.00029884844215594,-0.777749860022679,0.0836637480306629,0.0948553059230436,0.523961111504343,0.103709089055516,0.131393712466194,0.572098725513272,1.18048497002744,-0.354288537475651,0.0754752334135244,-0.153064961125076,0.868606159559609,1.94960442302281,-1.09504959695295,-0.551522863885392,0.956819342524667,-0.930994824367997,0.35316648474128,-0.521536375220467,0.370895543672452,1.60567149063805,0.622340131801632,0.175875870895275,-1.72896770250624,-1.27841209458224,-0.481135466210483
920495.193324734,933756.38933652,-2.81426961063812,-0.923684000735928,0.347145447783482,0.00793801014897438,-0.0375349084145163,-0.254635625557147,-0.886782882732819,-2.65434007295788,0.613557326468322,-0.250766032076366,-0.690734622622014,0.762424498738167,1.71825441537697,-1.14551970612142,0.0262632587372229,0.117790564844066,0.55547403588047,0.836732996214034,1.48131931969726,-1.70190121275958,-0.734825211754618,1.37383516687876,0.567746046753974,1.47323456021505,0.447464040424092,0.330309885061452,0.726960588055876,-0.953592966806196,-1.89257124812301,-0.982582158432823,-0.399084448303658,-1.28507326160187,0.859611219959408,0.311039445212832,1.67011780180143,-1.15808565383518,0.597356468364168,0.394558106128185,0.117891767284304,1.79049873826555,1.1578726805323,-0.777230146282942,1.02451900692113,-1.46712272774418,0.506445160222398,-1.54008202563404,1.25270705805805,0.372662312996441,-0.59015769469184,-0.0324266777729184,-0.818563581878425,0.0612516775659124,0.0561380323597098,0.472443477162993,0.0626326980292626,0.154395829270154,0.511178149609541,1.15421338621827,-0.367550350296491,0.0270735402901595,-0.171639201608101,0.860940346641917,1.94845115936154,-1.15291065461509,-0.544423022262152,0.986913179288088,-0.936847560365361,0.372806517134067,-0.524614866877977,0.316808838080025,1.66566974790145,0.571438288358094,0.16426815203764,-1.70990356178706,-1.23613109917518,-0.498094073359153
928644.418239468,933756.38933652,-2.66670208325838,-0.935100474202731,0.282239331843753,0.0620168733718124,-0.01881508756137,-0.267814658793517,-0.839436965712906,-2.53143924812951,0.597510822035816,-0.243805625961275,-0.692976480519005,0.774695888725237,1.72441706002881,-1.13716221934781,-0.0405804835850397,0.0865162210792333,0.616095077724997,0.814225837823734,1.51822927253992,-1.63604056358408,-0.727507798777517,1.41303420827925,0.618307583254768,1.50663973745302,0.454164523560159,0.31030139272202,0.734319467292817,-0.860531536806207,-1.85373529434147,-0.920497586650866,-0.34144224057321,-1.34961589202044,0.848373813068939,0.277895773072955,1.6429619966163,-1.17584171375097,0.605140941534967,0.401035056879947,0.111884302425284,1.76647997919481,1.13232846114944,-0.794621716843159,1.03069486995676,-1.45313655105532,0.450797849802609,-1.47025751691187,1.36150124831917,0.374160036613749,-0.628733134604107,-0.0595363328475369,-0.8607158106925,0.0382560875723557,0.0148792622024776,0.410955994366963,0.0090684204726133,0.179038685916047,0.448695876299632,1.12834118807027,-0.378336521801171,-0.0228740020112596,-0.192707316479126,0.848649895216927,1.94615099094062,-1.21312574471604,-0.535099433748382,1.01836403251901,-0.94367694073603,0.395751242605581,-0.520292451928517,0.250998163094344,1.73623178358787,0.534680646683082,0.145322530704079,-1.71103408350627,-1.19676340035123,-0.513353806771348
936793.643154201,933756.38933652,-2.51710571232489,-0.946797768056517,0.219100891456796,0.115189392492826,-0.00133871992726604,-0.279788717166416,-0.791560032575594,-2.40593315625548,0.5812048445652,-0.232050300232526,-0.694907856296026,0.783670845972007,1.72673470384695,-1.12744724784177,-0.105951289973393,0.0586199998393748,0.676011506834935,0.789966604327225,1.55078316609192,-1.56812918694474,-0.718906688387866,1.4482603719909,0.663589548466453,1.53696061703959,0.460394588132525,0.290251525041925,0.740743495602371,-0.769726920611973,-1.81168879758419,-0.859995780056716,-0.284229362062265,-1.41331152016112,0.838957601630665,0.244828701898315,1.61241151558422,-1.19235670378967,0.611747607419587,0.40729431790464,0.106074255231514,1.73949321281107,1.10393548430677,-0.811651248673986,1.03308706345551,-1.43695074665181,0.398836394083312,-1.40035897986243,1.46152316501866,0.37728986282542,-0.664221897047411,-0.0841844886437839,-0.900902847392336,0.0143270130435999,-0.0255457225528233,0.351582955909412,-0.0427633765923994,0.203292696727834,0.387703594315183,1.10316234924261,-0.387428369221744,-0.0676030782824059,-0.211940111111543,0.837313815706232,1.93967596121215,-1.26957991103666,-0.524215521970463,1.04903497744228,-0.946332039941918,0.418194146643038,-0.515109674103317,0.186309017484288,1.80147461967102,0.509872538724404,0.125983096654698,-1.72904752519592,-1.1645182713902,-0.529742363297147
944942.868068935,933756.38933652,-2.3760761947905,-0.962377619097662,0.166963796531043,0.163089621757803,0.0128701162062235,-0.292034189743874,-0.748916143810425,-2.29182179139177,0.565582783105575,-0.204940914596984,-0.701898649679368,0.783405467863124,1.72572795165281,-1.12280559268401,-0.162683772472378,0.0407666702318503,0.7376452251554,0.764137462932958,1.57956689724334,-1.5044150016517,-0.712490511758275,1.47909384660979,0.693162121238376,1.56695859885801,0.46721350261738,0.27223665829009,0.747664605290018,-0.692287676945418,-1.77144697859414,-0.814002133258818,-0.232911723420568,-1.463080619271,0.839801408518196,0.215072815310202,1.58178324640451,-1.20897964854979,0.616965574203421,0.413263037543446,0.0993712473548981,1.71170912622868,1.07117914604442,-0.83224777522486,1.02764623617431,-1.4225715489134,0.365821849890777,-1.34024681361839,1.54931622629724,0.385531537681759,-0.687039837660539,-0.101592037299568,-0.935875324170595,-0.015216527875164,-0.0623446598694485,0.305681853822061,-0.0840534690948077,0.226963264820481,0.335257533212713,1.0857231858849,-0.393603959865243,-0.0932590977050592,-0.225903284017315,0.832918173893509,1.9293900490871,-1.30829875826759,-0.51233184905896,1.08298219654404,-0.939903287433344,0.439049466174167,-0.511553879914848,0.13102676829145,1.8442946509495,0.460509562096041,0.105059420125844,-1.76072400062167,-1.15835442502841,-0.552294858392672
953092.092983668,933756.38933652,-2.24460099787096,-0.988510880875029,0.130156616196645,0.205628824791899,0.0200469839991782,-0.306183089948321,-0.712633749435721,-2.19293936209239,0.549500427371902,-0.154277353147959,-0.718036371326437,0.768795167831536,1.7216932458997,-1.12719398487671,-0.209320531621268,0.0379287537457508,0.806341401476977,0.733922943438359,1.60710621743489,-1.44569527643424,-0.710724055980907,1.50754963781517,0.701322315178446,1.59985825733833,0.47467681863972,0.254222460196919,0.755031578230384,-0.630742145846442,-1.73430243799969,-0.789598579609743,-0.188741914545691,-1.49058867622387,0.857079347860657,0.187536707646786,1.54916566685676,-1.22675794187128,0.620456827827562,0.419294301866475,0.0900183526525593,1.68204351388056,1.02924461471149,-0.859937042617538,1.00990932353638,-1.41243879439355,0.36069313261817,-1.29472380060032,1.62790310919869,0.402420007848041,-0.691222715259542,-0.110669965171356,-0.963563813757853,-0.0549382071914954,-0.0959233286635445,0.27839855387135,-0.110641418180463,0.24975331277818,0.293243742629582,1.07966774482795,-0.397366680126006,-0.0892196873149684,-0.232608378730578,0.840048252503557,1.91457088286652,-1.31864705953835,-0.499629787154316,1.1249729692567,-0.919153781823233,0.458752272173915,-0.513711953106026,0.088319889602921,1.86083536682993,0.350041691552253,0.0870253031117728,-1.78705021462363,-1.18417083926899,-0.579616854476694
961241.317898402,933756.38933652,-2.10364160478186,-1.02599212260762,0.0866647224499683,0.249092120519069,0.021879581287543,-0.326907266467609,-0.677144673647687,-2.08681393366008,0.526435765448933,-0.0922297726990243,-0.744622250976495,0.742373800549506,1.7094931952691,-1.13987151831171,-0.26456944250817,0.0347908302761931,0.882798727921123,0.693092217945962,1.63151448641644,-1.38369229996014,-0.713527675215813,1.533880814518,0.698952691015697,1.6324648723365,0.479084571961679,0.228975666497539,0.759150362265353,-0.570124478502022,-1.6954832031389,-0.771484008062794,-0.144543537906218,-1.51998924038357,0.876817954976017,0.151331113028285,1.50562399717612,-1.25212311113916,0.61898523643129,0.421105948765341,0.0739314471049553,1.64093926267796,0.972326147222016,-0.89969727001826,0.981000275126119,-1.40614727579531,0.359453865282551,-1.250470131492,1.70784034319577,0.419396968133608,-0.694873950591771,-0.121755042547688,-0.998000458517826,-0.110157014213919,-0.139095222448426,0.247105114592549,-0.141919409963438,0.271612681668356,0.243057646861231,1.07079799131955,-0.40488043691798,-0.0815326503143487,-0.243666928343447,0.846128119370268,1.89007993350321,-1.32566607473552,-0.489067503465169,1.16971349948013,-0.894856481207389,0.475920486641669,-0.520344785014193,0.037177600694913,1.92692994096459,0.283305678527828,0.123304931329657,-1.76413307059262,-1.16179605858024,-0.569504032560236
969390.542813136,933756.38933652,-1.96270081096656,-1.06865452103288,0.0459063123563586,0.294022723529071,0.0135693383640271,-0.341967836692113,-0.638635327484875,-1.97371989484501,0.504182050045595,-0.0262075772605407,-0.774678375661153,0.711948081173738,1.69850906628214,-1.1485366138481,-0.313204138507654,0.0353436463849309,0.965436264812655,0.65596602307503,1.64947768452439,-1.32035178282074,-0.709296337157048,1.55350380802636,0.696080121122456,1.65787087406623,0.484617691631929,0.202187587848058,0.762227186553863,-0.517325491459676,-1.64924541142563,-0.753578884253364,-0.111759547262238,-1.55325796226265,0.902394824615604,0.105911985483485,1.46132217705469,-1.27329924249803,0.616367727413886,0.416129164132197,0.0537084106212136,1.59602862100908,0.907443894188299,-0.94324780702632,0.948475758191544,-1.40883164447971,0.365345375390643,-1.21656704241267,1.77357123715979,0.433189287650119,-0.70306237983164,-0.126943951332139,-1.02977516356641,-0.163875878663678,-0.18262333062866,0.214508405015708,-0.175582097770976,0.291589896382717,0.188469004554156,1.05958567957448,-0.414776261165612,-0.08681738096683,-0.261099261738025,0.850189849603867,1.8565602299821,-1.32727976621929,-0.478249463270194,1.21376639300907,-0.874119511066624,0.492629082115995,-0.525970567721167,-0.010541808482247,2.00521386443554,0.242516429852488,0.169073057079042,-1.72255720453277,-1.1133266333664,-0.54536823654643
977539.767727869,933756.38933652,-1.83345039453561,-1.118176107619,0.0189528483949836,0.340229841685736,-0.0152273721888687,-0.341635448776482,-0.597038953416816,-1.85952986116964,0.488975575427995,0.0435452523221336,-0.808412450294514,0.679526944478677,1.69826732421987,-1.14670544239664,-0.338362300178101,0.0456540176803459,1.05922837674825,0.635130887624396,1.65870125464811,-1.26148996377846,-0.689589606204006,1.56270029118103,0.696191574637793,1.67181387951786,0.494607730461381,0.177181533485239,0.765911834230932,-0.486004507864578,-1.59481208851361,-0.738509654251553,-0.106069487273054,-1.59268068902972,0.942337416101981,0.0466358439301956,1.42591078613938,-1.2821238376464,0.614712911676393,0.399050751217385,0.0277478127345965,1.55356602721146,0.835953183723195,-0.989261783015283,0.915256544037337,-1.43393819845616,0.388508914916058,-1.21128164328548,1.81167497230558,0.441430487455525,-0.720715136910097,-0.117481327778149,-1.05098251541724,-0.204288744907615,-0.219482665858207,0.185449527088114,-0.20868809328456,0.307679527699565,0.132228729944495,1.04881492241942,-0.428649039262419,-0.119618213500276,-0.288790627891604,0.853243983034843,1.81292849719661,-1.31755803368971,-0.467810430936432,1.25781522890598,-0.865015648560131,0.510050602176809,-0.529321192082333,-0.0419808174686895,2.07847894247441,0.219776594413484,0.200294658656616,-1.6779619429031,-1.05188310420579,-0.518574773288824
985688.992642603,933756.38933652,-1.69622748832397,-1.17613320580728,-0.00150419705109197,0.394373469383545,-0.059154228251271,-0.329614939668187,-0.547083151391799,-1.73125002322205,0.477791152431786,0.125843917000611,-0.847051594089351,0.642530678809852,1.70447583943281,-1.13620543702158,-0.350032082521358,0.0650238506731131,1.17125296601811,0.622883059727156,1.66370680543172,-1.19661924472966,-0.656010348195645,1.56734541437081,0.69921142168377,1.68099926794637,0.510237085288972,0.151510301548496,0.771973166593567,-0.461699129448546,-1.52690274654734,-0.720880392289586,-0.114334255150111,-1.637747964362,0.996750148601633,-0.0285539194658807,1.39189576615043,-1.28150328933235,0.614555380789085,0.373682035243412,-0.00349996458953906,1.5071801309875,0.750959497866931,-1.04125714047105,0.87825319177768,-1.47369677572382,0.426689917697802,-1.22013666786261,1.83840129336102,0.448637437092619,-0.744700730164906,-0.0954764895437773,-1.0656577347637,-0.240566233186105,-0.255564706556947,0.155890558787022,-0.244547537359846,0.325070553612224,0.0690176055039748,1.0377560202206,-0.444607154899187,-0.172832534020606,-0.326112500528819,0.857185276952678,1.75707397146516,-1.29679818033164,-0.454325967102934,1.30799290183299,-0.858958817669662,0.530987485965365,-0.52872304493051,-0.0656557633489719,2.13999769540427,0.181511079608343,0.213079599347879,-1.63926987669708,-0.998561225732658,-0.497468853964306
993838.217557336,933756.38933652,-1.53204277040881,-1.24684620749987,-0.0206339583297399,0.464669029916292,-0.115767735720314,-0.306845911019674,-0.481446073153197,-1.57432449388199,0.468081104419739,0.229630482368809,-0.892321664892162,0.597838135046388,1.71507160139553,-1.11581564051,-0.354695687214446,0.0945817452518407,1.31116409056793,0.613910358704062,1.66898972994841,-1.11335664704154,-0.606822006243959,1.57281317593797,0.705639900291119,1.6910596734526,0.533380308438023,0.123086817232351,0.781802879904284,-0.432739866467706,-1.43680150117354,-0.69523409821036,-0.126747254988776,-1.69201067888621,1.06840102514019,-0.124553619726487,1.35312958760066,-1.27269836658149,0.617127938079892,0.341897843120041,-0.0406500959968772,1.45051342710258,0.643108392978438,-1.10378163066237,0.833913650325508,-1.52420978476373,0.480596137660845,-1.23275713692149,1.86652475781094,0.459440000445257,-0.772797663621881,-0.0607170643810234,-1.07645351609372,-0.27953197978175,-0.295568760291344,0.122507009578527,-0.28563265743867,0.34916814395924,-0.00824530344506647,1.02635022838034,-0.461255978206415,-0.243161150829496,-0.371791855472655,0.864153004908261,1.68573296316011,-1.26271244648045,-0.433293264764073,1.37136886830968,-0.849302710796974,0.559733435077241,-0.522849084433672,-0.088533314031654,2.17586252911337,0.0856670640091715,0.196873038557223,-1.61833933290283,-0.98076670394583,-0.492406613874026
1001987.44247207,933756.38933652,-1.38327272465854,-1.31027170069768,-0.0389033159017442,0.534954713835372,-0.168256326709195,-0.276100875981158,-0.429848426857742,-1.42642172406042,0.453025695552181,0.315542030843156,-0.92744612550731,0.553049754819458,1.7205880264767,-1.08854352488041,-0.354245880848214,0.124397836260863,1.44453239499009,0.602226453203346,1.66699411999111,-1.03554903895568,-0.569317874884571,1.59141628511932,0.707856940653517,1.69014903191899,0.564963990744895,0.096003909746502,0.781854355036247,-0.407157106328286,-1.33821858396134,-0.676684309379834,-0.140364520411462,-1.7540433784925,1.14240208050536,-0.212499732286111,1.31438180096644,-1.26020842750113,0.621432894200966,0.30548553171597,-0.0746284968016831,1.39467431656913,0.53651742371194,-1.16523212444559,0.790542352881644,-1.56540906984332,0.548880033651486,-1.24366054835724,1.88513344144498,0.476484725293693,-0.801030112995811,-0.0158579254106602,-1.08320928208144,-0.314277793302016,-0.324974737715434,0.0919113963676443,-0.315888387345266,0.377040413775268,-0.0790323516345715,1.01813260043304,-0.47555736030224,-0.291320309708982,-0.414801810543594,0.873957629035832,1.6180981859774,-1.21901200868591,-0.399316116808145,1.43380427116248,-0.839428709166598,0.581416922911367,-0.517451653865889,-0.106179505997355,2.18046054145939,-0.0394589413127924,0.168480867681742,-1.60278473831485,-0.987075881877223,-0.494329468281664
1010136.6673868,933756.38933652,-1.30828511569716,-1.34129783883782,-0.056397359931701,0.58402257187177,-0.197860888458265,-0.242489226283726,-0.434054582478457,-1.33754356435607,0.425191007091335,0.334885297699236,-0.934556452463638,0.518764329420327,1.71247860910965,-1.0632215966751,-0.348112815173922,0.140393243178186,1.5351744944968,0.58487394420721,1.64822982800827,-1.0014632713612,-0.57910270114293,1.64023206094289,0.694847547791259,1.66324745915594,0.605487289764842,0.0749490468572955,0.753701182172166,-0.407867900685341,-1.25719723355939,-0.691705539584298,-0.159004041774382,-1.82918578988363,1.20257476694307,-0.252204581378279,1.28768383467824,-1.25403965785008,0.625526518717465,0.262999731060411,-0.0962340836081453,1.3587870901541,0.468500035578722,-1.21351476837598,0.762089030837288,-1.5819973003201,0.632182237571711,-1.25926584791297,1.87716411105439,0.500510338059278,-0.828819898994574,0.0352392859317868,-1.08895201121742,-0.334461433717227,-0.324136329082558,0.0731238776805599,-0.314542470832638,0.402052913322088,-0.113388273266379,1.01896143890999,-0.487495997956068,-0.272300303849598,-0.441374425452604,0.885179762486813,1.58444932321423,-1.17644607669092,-0.351991362297674,1.47743867338001,-0.843718021305181,0.576326564533927,-0.522332644398511,-0.112713291802202,2.17015023529835,-0.120448887737079,0.163164631281645,-1.5746530486337,-0.984377492112397,-0.487313098095418
1018285.89230154,933756.38933652,-1.22468553309362,-1.37253685418297,-0.0764299498964935,0.63810288860314,-0.231055717708498,-0.202591783831768,-0.441488659969921,-1.23852587280518,0.390440976055277,0.352286304058394,-0.938497483104252,0.477807024159618,1.69878044014578,-1.0312664011052,-0.339947965791519,0.158270260454788,1.63302464232454,0.562646694224978,1.62126524963084,-0.962806504763839,-0.592652009897196,1.69529407092992,0.677656567925979,1.62596325800794,0.652349868908912,0.0503137368183754,0.717111873597427,-0.408558266803828,-1.16408807012757,-0.709659829453195,-0.181112460391584,-1.91651241871343,1.269232004187,-0.295310467481397,1.25370202241969,-1.24458317889844,0.629113139871799,0.211749617809042,-0.120670072753746,1.31504842849904,0.388678877815573,-1.26760815120156,0.72781628688695,-1.59625175704977,0.727078046911116,-1.27477674869715,1.86187648886444,0.528128860688839,-0.860126394295988,0.0940901514444365,-1.09299711901142,-0.356464152782685,-0.320106191140784,0.0517908683907886,-0.310503210822274,0.429831274170124,-0.151270860728449,1.01846109220995,-0.500157675183688,-0.244795934391274,-0.471186987381549,0.896804524769034,1.54326814788713,-1.12496357488281,-0.295535803379069,1.5237795035407,-0.846997909621711,0.567579961172492,-0.52730490570315,-0.119308517169525,2.16802790328465,-0.211724566366126,0.17599770369018,-1.54209291642893,-0.982632505710852,-0.477481431245379
1026435.11721627,933756.38933652,-1.12452778531529,-1.40311447391528,-0.100534931391806,0.703103432172561,-0.274196507372465,-0.150106844892728,-0.445512896740823,-1.1122789291744,0.351509323839334,0.377421558667787,-0.943825479765614,0.423734339541808,1.67572776559365,-0.985507616240571,-0.32701538596775,0.184467702767663,1.75186109956349,0.535413034859085,1.58366328534839,-0.914837865837232,-0.60606924511968,1.75627717397365,0.653803710460177,1.56553311026145,0.710486658170527,0.0196617925878963,0.670403789283296,-0.415618903657087,-1.05507956016962,-0.729553634718804,-0.213452001864357,-2.02767146469853,1.34982946833134,-0.347507421741128,1.20449430833571,-1.23443884115114,0.633570596176913,0.145927796879716,-0.151899533649332,1.25616692128247,0.290297336481752,-1.33389765536415,0.682525508388947,-1.60961114321216,0.84190285498603,-1.28928370920039,1.83125372428884,0.562529859317018,-0.892266552852151,0.172036867811014,-1.09482447557817,-0.384710334386769,-0.317946449646042,0.0282254010262361,-0.30197699879724,0.46393355419716,-0.19268666876515,1.01207078194462,-0.515137037368956,-0.214817648809503,-0.509788303771496,0.907712144525843,1.48410188505606,-1.0539954616648,-0.22306831432904,1.5749831704074,-0.844548515779711,0.55244487386529,-0.525967468919553,-0.11899322794065,2.17201158801665,-0.324136142666623,0.20590413642889,-1.49738364104144,-0.980989402786423,-0.46419565590789
1034584.342131,933756.38933652,-1.03966663873265,-1.42011306862499,-0.122684953682133,0.766355215672663,-0.325629379150522,-0.0938750778442062,-0.438722187322408,-0.979805433572028,0.329388669051653,0.414142260921251,-0.959666183426731,0.363180042041573,1.6465029702995,-0.929741037264379,-0.311405518243926,0.222409058434891,1.88030839419152,0.512910290951588,1.543612281297,-0.878208946448151,-0.61476234001146,1.81043559280506,0.626587696974411,1.47310491961251,0.775990070493333,-0.0140096102032047,0.624679962547181,-0.446998181872352,-0.97042971886976,-0.748790233971402,-0.262217872960936,-2.14477073458516,1.43821384432916,-0.396203708222254,1.14052867140444,-1.24038624737757,0.640409949927257,0.0760507775122915,-0.188762792503083,1.19521204285027,0.20232991948455,-1.40520738411085,0.635981810076075,-1.62734983426123,0.962916864888502,-1.30155596677949,1.77843511917369,0.599284375961422,-0.908822420523547,0.262188764453096,-1.0978868664278,-0.421102563028029,-0.326302322203194,0.0153172972885627,-0.288671947050278,0.496410424263512,-0.216724277923429,0.993647869116172,-0.531519555971718,-0.199983688112585,-0.556902004649313,0.913764252817086,1.4128773836569,-0.972755699984727,-0.146096833088455,1.61762933586575,-0.831903841638456,0.529329739956253,-0.506229643117186,-0.0968244049827265,2.17936068093634,-0.425918573196275,0.238741625094489,-1.44086939214158,-0.975383540098471,-0.449292862059609
1042733.56704574,933756.38933652,-0.999641703605854,-1.41459824731047,-0.135414374718172,0.812171778783232,-0.374855917072961,-0.0464786265056916,-0.420011848119398,-0.874587996749701,0.339248373718659,0.457148977067881,-0.988822636963186,0.311996250765589,1.61955644828907,-0.878273724239481,-0.296475732211807,0.267413595073555,1.99269712295892,0.504885242641896,1.51575093021714,-0.868226841473865,-0.615953347274677,1.84271237520684,0.602986439273122,1.36044706292209,0.834189578542751,-0.0404571260677173,0.596211000647905,-0.506814485170047,-0.941883694314543,-0.762689657136711,-0.323750766298334,-2.23570085775235,1.51596322071181,-0.425884206299173,1.07688536801685,-1.27212696623428,0.650306496715652,0.0217034174135645,-0.22373280948471,1.15153721542603,0.159975114947785,-1.46366661457164,0.60121683811879,-1.64722457046728,1.06110763176183,-1.30958564706056,1.7104607147428,0.630654729277251,-0.901087867699723,0.347225096424799,-1.10398875720394,-0.458767036792243,-0.350687044672555,0.0213863052850654,-0.271980464641206,0.519762392164056,-0.208632485013929,0.965028892504172,-0.547455020845886,-0.212258574846587,-0.606217611545194,0.912583414348509,1.34705551864136,-0.900508177404895,-0.0830379818307054,1.64005529436333,-0.810382863456121,0.500361922470012,-0.46889126657303,-0.047824727000277,2.18036890617392,-0.482361246855063,0.254065977297967,-1.38303429036434,-0.965052367893099,-0.439880526126619
1050882.79196047,933756.38933652,-0.956481914275273,-1.40349692572344,-0.148028554746933,0.861205612489508,-0.427223686850674,0.00594353538511943,-0.395887585290766,-0.763292863454589,0.35398994316067,0.507058785960051,-1.01965879096544,0.257296812388707,1.58989031530086,-0.821115828380268,-0.278075842065121,0.317177357452897,2.11262186142291,0.498761349433075,1.48578657061294,-0.856572454526658,-0.614247472011971,1.87637858859713,0.578668982785087,1.23082757682864,0.89755532278219,-0.0673719906829436,0.566884589116038,-0.573289142096697,-0.910689166210224,-0.775892782923588,-0.390787941995184,-2.33224789298327,1.59859046555042,-0.455231219022476,1.00531403017325,-1.3053898789556,0.663411311286027,-0.036654622017767,-0.259514005973804,1.10362406678951,0.117155487331297,-1.52466478040081,0.564808784957533,-1.66741587898808,1.16461618267697,-1.31408210545255,1.631831062596,0.66633264498033,-0.887919445226927,0.440111489128435,-1.10865865411699,-0.497920690614034,-0.376574755249461,0.0297239184850687,-0.251363892717899,0.546401636631976,-0.195571025180652,0.932864470210114,-0.562399211690761,-0.226154558157304,-0.656536255764219,0.910731419415297,1.27261620497064,-0.822682290458555,-0.0147417928489323,1.66271198980652,-0.783483599839003,0.468453065859961,-0.424369986647737,0.00704221989282384,2.15605389164216,-0.557822366622136,0.252280809199032,-1.31223713502109,-0.952711449332799,-0.456753623312345
1059032.01687521,933756.38933652,-0.907925226871104,-1.38781041986947,-0.155022864817319,0.913040243515664,-0.47925042592429,0.0629489614761639,-0.360979959053027,-0.645953840906579,0.373320832767716,0.562016789613472,-1.04417158274938,0.202084828029202,1.55183798349267,-0.768941562189099,-0.25068327374643,0.368375699955563,2.23838995202828,0.494027961209846,1.45000141610553,-0.833569103890963,-0.606018887035342,1.91411597860485,0.548425981961764,1.0804733615209,0.962632554584042,-0.0897656604930517,0.543197594745391,-0.642110954321577,-0.882269869741675,-0.790348713869911,-0.466119400885915,-2.42067915369223,1.68396958873329,-0.481171736255288,0.933821811438084,-1.33685937375983,0.681378716556164,-0.0992953996484713,-0.299563883357817,1.04674927113205,0.0696906919618161,-1.5813050049243,0.517142669430342,-1.68549527688694,1.27712959569652,-1.31375470088792,1.54105762714574,0.705380681070691,-0.874024875109832,0.530825581304864,-1.11115298767527,-0.536421115975697,-0.413292286973791,0.038450924245732,-0.22704895433416,0.580368815898499,-0.17857153113823,0.8938872492884,-0.57653632532926,-0.240656761482556,-0.706608744223249,0.910453737955879,1.18951688809255,-0.74176578429655,0.0552575521300789,1.68746163105576,-0.742581695098346,0.432481318598072,-0.366074613656728,0.0707107335268256,2.10125769047821,-0.654610755550675,0.242077383347696,-1.24016622283911,-0.932579912959155,-0.507861816134491
1067181.24178994,933756.38933652,-0.861997282547384,-1.37132219074379,-0.149775499468006,0.957244111326801,-0.519896346102051,0.113884025415933,-0.311027283517211,-0.539917489439504,0.397070376786096,0.613691595679557,-1.05238367573046,0.15935430865738,1.50262264809705,-0.747552494856277,-0.211571892451558,0.406992728664011,2.35156160043777,0.491643762695714,1.40991888675065,-0.792547625619456,-0.587996203025627,1.95318010386928,0.507838767337039,0.924555416279095,1.01349940526101,-0.0981116988417121,0.539898113446808,-0.700921793065117,-0.873853774634062,-0.810861942082538,-0.546520226362235,-2.46646337512825,1.75476375631895,-0.496118740233404,0.884941933772677,-1.36233601966146,0.705259164170443,-0.158545651542136,-0.344607351664902,0.981016305468426,0.0191803899802502,-1.61825332098392,0.449869513190842,-1.70085253796337,1.38496605819021,-1.3076586500205,1.4477106659294,0.740507070265646,-0.866381577854522,0.593453922318373,-1.11462598986136,-0.567745954459809,-0.474992686822373,0.0413761320620813,-0.204007876453696,0.62273189983737,-0.160023049442962,0.846319891973318,-0.589759957119145,-0.258354179812055,-0.746956704524458,0.912250336452507,1.10956317937958,-0.674109992750745,0.108835164608792,1.71161191026752,-0.681957026500743,0.393200575026727,-0.291116981804964,0.137320895370945,2.04159342408214,-0.741548935791687,0.256976075696225,-1.19892108790475,-0.902835862521139,-0.571284930860052
1075330.46670467,933756.38933652,-0.819263925286617,-1.3537912055572,-0.137508393453138,0.993618931259428,-0.551063846268748,0.158912346320045,-0.25617188777498,-0.445727361021112,0.420821930036967,0.659682969016341,-1.04903851331789,0.126019099425421,1.44697702690227,-0.74165380494082,-0.167743565692754,0.437003655683303,2.4480739075488,0.489889387398852,1.36650579101716,-0.743693657345548,-0.565252724585982,1.98868843596789,0.462762347127408,0.768338425277187,1.0533365652903,-0.0973570040144156,0.547454662577051,-0.750416442817616,-0.875590660732391,-0.832192109674016,-0.625424598861557,-2.48358201156863,1.81236411318318,-0.502794965297233,0.850722667459405,-1.38165896179905,0.730334711676612,-0.212631318619799,-0.390308686118501,0.912646847294078,-0.0302930002746928,-1.63957219492064,0.373371983005438,-1.71210425331106,1.48272213604953,-1.29762514612336,1.35405767230039,0.770805711526736,-0.862906402710586,0.636645570152818,-1.11674009421051,-0.592545574199435,-0.547665106078112,0.0409987381212954,-0.182724470181365,0.66594593299757,-0.141358601096793,0.794724117399735,-0.601379284413835,-0.275438626531816,-0.779551360094642,0.914687129305125,1.03343249401537,-0.616870289062169,0.151466348019655,1.7320802034219,-0.613401090750498,0.353519517124518,-0.211840408042276,0.202024460284455,1.98336448592147,-0.813576279890697,0.295269690283676,-1.1735523869527,-0.881055796298278,-0.623059385872844
1083479.69161941,933756.38933652,-0.776388833941519,-1.3334157448685,-0.122298450268658,1.02710790128875,-0.578693784385507,0.201083728985431,-0.202097823489198,-0.356865362276615,0.446860854269346,0.702710833666309,-1.04127083950463,0.0933677756092092,1.38647783714891,-0.737875332358875,-0.122968628380812,0.465683744555916,2.53600443342006,0.488135272651831,1.31990149398337,-0.691745487534227,-0.540349031396475,2.01747073918873,0.413803938945948,0.605744501146281,1.08854594331276,-0.0956757583746616,0.556164221895965,-0.796488295777563,-0.875649001315471,-0.850846684586117,-0.704181244939338,-2.483973785797,1.86385344593794,-0.506787703772166,0.816256444627163,-1.39561615905571,0.753901851448843,-0.266014853852019,-0.432631741250326,0.840121092481152,-0.0793604092569341,-1.65284480899868,0.294925212576833,-1.7160132382273,1.57478335396372,-1.28351167094793,1.25514462978037,0.798125962661956,-0.856684629503161,0.675101198993187,-1.11375239491669,-0.614944616722006,-0.620170777443552,0.0400942317278443,-0.162102580583982,0.708962754033619,-0.121534552838428,0.740837311372579,-0.610456241025837,-0.292840199032409,-0.80821619240335,0.914661531188356,0.955382692200643,-0.561033500133418,0.190925358010743,1.74698497317416,-0.546449259865107,0.312655770782176,-0.135075746198974,0.262002584738419,1.92537483826017,-0.873506541672514,0.348708718973743,-1.14803724014614,-0.86980145881341,-0.656485932873857
1091628.91653414,933756.38933652,-0.739392846235582,-1.31359693515563,-0.101457824732447,1.05914903696506,-0.603083863317988,0.236406345343186,-0.157186948504129,-0.278368872574782,0.485380789704857,0.743911438004963,-1.03052315150273,0.0582252323487412,1.32367005134402,-0.733647770001942,-0.0764290458527869,0.502190563392158,2.61684924334767,0.491822079575733,1.27166985428373,-0.639602249790722,-0.51614067878995,2.03519010014385,0.358051249296618,0.441646602392732,1.12387915414369,-0.0978291117293217,0.564409527161228,-0.844314059060004,-0.870808880749273,-0.863392680681956,-0.783947145498882,-2.46220225862313,1.91717484914095,-0.509550550069042,0.777702102363279,-1.40430609081149,0.775966987247803,-0.322192167670557,-0.461666434204204,0.765843643507067,-0.125469036782101,-1.65679049400284,0.224791335641005,-1.71297838160085,1.66707957151916,-1.27170164511088,1.14589835008004,0.821658850144781,-0.851838213037431,0.710155470079179,-1.10004799634262,-0.638290243172186,-0.683811654956405,0.0367208476057554,-0.147669198678608,0.752598542447679,-0.0992928457999612,0.686225014666174,-0.620377890511852,-0.313216973107146,-0.835200784897031,0.911395122989312,0.876890308896768,-0.509100967392977,0.230372722770332,1.75172741307833,-0.488665339481197,0.268822508321123,-0.0682296579128209,0.308176969300199,1.86445612979663,-0.911965175802866,0.416646702212043,-1.1260636966393,-0.865631697157675,-0.676252954601522
1099778.14144887,933756.38933652,-0.722361638760943,-1.30387765818305,-0.0643495990851609,1.08669913214271,-0.617867954923549,0.252029217312181,-0.138866288264429,-0.22820363264141,0.557495805961798,0.779856333137881,-1.0204643547671,0.0183259310357908,1.26882042952886,-0.736147315041928,-0.0269721659289358,0.559151071943549,2.68533022680044,0.511454506974362,1.22809443060002,-0.58944468529628,-0.49762758195594,2.02768550698244,0.287546107760073,0.306911204927218,1.15922930027168,-0.107148073009257,0.573017392515314,-0.897058096350963,-0.852915254851164,-0.86132522586541,-0.857381474809347,-2.39885893266623,1.97860154011669,-0.511630568637907,0.733642266015773,-1.40724629226671,0.792896545472021,-0.384223299999824,-0.453361463921737,0.696997910605215,-0.161023030104341,-1.64408300906007,0.188610174675736,-1.69327419151314,1.76958625055706,-1.27241955275945,1.02711560485068,0.835001456689622,-0.857611157943741,0.737018112942562,-1.06354502332409,-0.664357906842715,-0.718373001029931,0.0292190069301658,-0.149054650082505,0.797760531442216,-0.0738830505843019,0.636442697990905,-0.636570872570875,-0.345210750184646,-0.858336980195585,0.905659536452223,0.808333191639568,-0.474645418872901,0.266630145799695,1.73548699940211,-0.45919777359422,0.220044790833748,-0.0287818964948401,0.314454442304395,1.79404269397695,-0.898498331139478,0.494355371903184,-1.12295082335842,-0.845952809775229,-0.70178781272135
1107927.36636361,933756.38933652,NA,NA,NA,NA,NA,NA,NA,NA,NA,NA,NA,NA,NA,NA,NA,NA,NA,NA,NA,NA,NA,NA,NA,NA,NA,NA,NA,NA,NA,NA,NA,NA,NA,NA,NA,NA,NA,NA,NA,NA,NA,NA,NA,NA,NA,NA,NA,NA,NA,NA,NA,NA,NA,NA,NA,NA,NA,NA,NA,NA,NA,NA,NA,NA,NA,NA,NA,NA,NA,NA,NA,NA,NA,NA,NA,NA
1116076.59127834,933756.38933652,-0.68977724060765,-1.27265581563788,0.0202360978240226,1.13540138897714,-0.636945054284953,0.275247352504488,-0.120464332053952,-0.141030788276014,0.698436083767902,0.845441190571378,-0.989481950013208,-0.0568265333572075,1.1707957888187,-0.730813615220232,0.0682975187791766,0.68106107483943,2.79061679985598,0.554778417707103,1.15135595536056,-0.495611356235559,-0.462222669968343,1.99185328804593,0.155539372829001,0.0687570684335251,1.22195084323126,-0.125884781787445,0.593768805372602,-0.988549568370352,-0.804992063762666,-0.841448250164104,-0.983910208826786,-2.27560384698769,2.08634473802977,-0.507949283700296,0.656975472692985,-1.39908424410871,0.816014905459261,-0.497170767501799,-0.413722639772245,0.57287594955204,-0.210064531746673,-1.59278935289642,0.143171575678067,-1.63836657877911,1.95070282069599,-1.26528427942541,0.791435099364593,0.852696824357127,-0.864284677677432,0.78663085989832,-0.973981194488637,-0.703570858500169,-0.755817838019176,0.0113609588184717,-0.145508196005079,0.88741057963363,-0.0239452685270192,0.547370678777612,-0.659795468540236,-0.393393453934481,-0.886887778063,0.900168365985065,0.68673288764385,-0.409276532571744,0.339695054189184,1.69300537390562,-0.406463366218372,0.12711374679768,0.0227045562001736,0.315527873469868,1.59023552925995,-0.907969625264862,0.604623075093959,-1.15905693584827,-0.796898116818555,-0.8341473900505
1124225.81619307,933756.38933652,-0.669835174638929,-1.23973666980927,0.0673834412789522,1.15492994518495,-0.656973166104367,0.286472193195166,-0.133959349078557,-0.093937623529221,0.737223048955615,0.876758761297668,-0.967474848870644,-0.0980550041782099,1.13348001679816,-0.714587708902826,0.106670184428044,0.74900093898024,2.81567081983623,0.564122749010446,1.12657983874165,-0.46396025864958,-0.453581185590942,1.96377365506224,0.111465243710677,-0.0317755084358339,1.24267902881587,-0.139894579715604,0.608992756043315,-1.02269329685699,-0.783263934627106,-0.831450610879709,-1.03760017913446,-2.27594226273852,2.11830978903553,-0.506412364327359,0.64480316463977,-1.39645433649995,0.804753573063963,-0.545611853133948,-0.400091859656312,0.522341835141213,-0.215141878216502,-1.54875067391017,0.124631057649288,-1.61223122240033,2.01183285142207,-1.25094380751415,0.681710699789759,0.852334263603913,-0.865468019048744,0.8145833400476,-0.926292520750015,-0.712083250404024,-0.762754597418259,-0.0118338784032984,-0.120727106362352,0.937922062937402,-0.0115693950490369,0.507478332022901,-0.664123928187658,-0.385754423666873,-0.888952226474073,0.913493414016582,0.638901905077444,-0.371149751176697,0.38243813484633,1.67858996724938,-0.369320555036581,0.0796690451533679,0.00979679359167579,0.333156487864783,1.48455082627085,-0.924995948503873,0.646602832660487,-1.17007157215091,-0.798035456136205,-0.902637385502592
1132375.04110781,933756.38933652,-0.645076445782573,-1.19004856837622,0.125201429058961,1.17370937888062,-0.693915144260128,0.296864461766316,-0.170189516220205,-0.038933005981947,0.752724824272927,0.908713999135786,-0.940457123153627,-0.150144551740645,1.10255378936388,-0.686345257251949,0.141678867432613,0.832864647344316,2.82239156030444,0.565312406161774,1.11452461754747,-0.444961611529055,-0.453906548956301,1.92284211508949,0.0841789133229309,-0.12439322666883,1.25581560208206,-0.161268214140444,0.629905716348612,-1.05350949258857,-0.761440320644771,-0.822786944425912,-1.09349761738917,-2.33521424276533,2.13636214859394,-0.50707283720534,0.653603786121839,-1.39769171365275,0.769739863322943,-0.594795600850485,-0.391394458405548,0.476480025310763,-0.204192082125675,-1.48602489456472,0.105106740549746,-1.59061884043007,2.05684868334385,-1.22856135469475,0.566362541897575,0.843662788289483,-0.868752422539726,0.849334147629623,-0.873347559760319,-0.714252482604107,-0.758799052799566,-0.0556038584283894,-0.0703495719337656,0.998191934152961,-0.0114809140779089,0.466586001160438,-0.66418807465423,-0.348151195361602,-0.883368439376189,0.943193113566087,0.596555672754761,-0.325313397177714,0.436839440712622,1.67017267478726,-0.318522935521237,0.0242857904215909,-0.0460908552722612,0.369217946083184,1.37857333339072,-0.950986070385032,0.691079814136216,-1.16707240851354,-0.821433105299234,-0.960460354321529
1140524.26602254,933756.38933652,NA,NA,NA,NA,NA,NA,NA,NA,NA,NA,NA,NA,NA,NA,NA,NA,NA,NA,NA,NA,NA,NA,NA,NA,NA,NA,NA,NA,NA,NA,NA,NA,NA,NA,NA,NA,NA,NA,NA,NA,NA,NA,NA,NA,NA,NA,NA,NA,NA,NA,NA,NA,NA,NA,NA,NA,NA,NA,NA,NA,NA,NA,NA,NA,NA,NA,NA,NA,NA,NA,NA,NA,NA,NA,NA,NA
1148673.49093727,933756.38933652,-0.599400962078832,-1.09387587153434,0.243671763378955,1.21135103764428,-0.785401485375765,0.310009153840615,-0.25613865431179,0.0773066309266881,0.772800589740038,0.956747578666216,-0.877311696860473,-0.247387314361876,1.04918485337024,-0.610875569718121,0.193306442372325,0.993438509332872,2.81479912734074,0.561297841017209,1.09919919821982,-0.40648552779281,-0.452734845358137,1.83130034829086,0.0477843645133142,-0.294546996213053,1.27311245648635,-0.201115118061084,0.664440343104321,-1.11614781627865,-0.725672156623361,-0.810628795999818,-1.19757001642112,-2.48696073444003,2.1553380231439,-0.508444708160305,0.686104356930812,-1.39797052990019,0.689075687557774,-0.684482444318534,-0.370815695459614,0.398212203495803,-0.168618998528719,-1.35483680473839,0.0691444229384466,-1.5347732588225,2.11026256042047,-1.1856591161009,0.333622584746784,0.826985082877987,-0.883004023923849,0.930798229370557,-0.768677907833805,-0.719055019287704,-0.736319924760274,-0.144268075014512,0.0513352785748953,1.11462462409244,-0.0322519209896547,0.406394845786601,-0.656906550457911,-0.265529965367911,-0.867861697209899,1.01095918834265,0.508719701175726,-0.243172327971279,0.539717282989212,1.64421513706367,-0.221977164113368,-0.0789286028579217,-0.185565983221947,0.445795847475668,1.16484832704842,-1.12074685573476,0.764244998831168,-1.13982725624882,-0.792716513104839,-1.00467737868949
1156822.71585201,933756.38933652,-0.595319262672196,-1.07878392874877,0.306147128241959,1.23869771992393,-0.857112715079079,0.301478181421015,-0.301105250500188,0.150138764209418,0.796974631316427,0.949474909250609,-0.832679875146854,-0.2607104700294,1.03745924643346,-0.544506321830784,0.180513652082907,1.05369994083181,2.80128478195779,0.557691598985103,1.09754122638864,-0.367792442572359,-0.435638986338173,1.78994788522999,0.0462730135738282,-0.350249806085532,1.27832509166355,-0.202523776580614,0.659310333632955,-1.162444662531,-0.730470295724014,-0.818648831086593,-1.22898701552144,-2.55849000661572,2.1548914990045,-0.509159364407971,0.713521207065049,-1.39516714900061,0.660612387687908,-0.71000643325471,-0.347039724828549,0.385147534087773,-0.141835432667625,-1.2984666396387,0.0591323582661889,-1.47226533554219,2.08750788345303,-1.18555847131159,0.230849738317443,0.836754392944106,-0.911529387282404,1.00212593443304,-0.723582177169734,-0.737512824753494,-0.709825989123024,-0.155898220312747,0.137167927763655,1.16270581007252,-0.0787265699769512,0.433344590107427,-0.646307126617896,-0.246783250105338,-0.864508829640835,1.05089593635003,0.446373860034187,-0.232769792795551,0.570349605381771,1.60585272432902,-0.200391697973506,-0.0977558039085466,-0.256703532103311,0.47607626897555,1.06204688073325,-1.17528566587939,0.772568935317997,-1.15345410021621,-0.824533819845495,-0.995569207706056
1164971.94076674,933756.38933652,-0.598931458440134,-1.07388623120443,0.371230730482619,1.26779718259222,-0.944025468108193,0.285194382140053,-0.35124280734734,0.2287912243896,0.826627095531051,0.930419674960933,-0.782086690525134,-0.262944284005251,1.02654068000742,-0.465685538772844,0.153137401443755,1.10880694207901,2.77971585808347,0.551568818881788,1.0950798728992,-0.323219804720171,-0.41311761693758,1.74556080529225,0.0488830038790562,-0.39865457403057,1.27991154959781,-0.198897682380286,0.644337898816643,-1.21670971580711,-0.744785935237249,-0.831844028222309,-1.25527623372508,-2.63150478664417,2.14796346135279,-0.508588712633806,0.74452632913914,-1.39143529851137,0.632976612953255,-0.73099121534774,-0.317131947714615,0.378490602559757,-0.111627479243963,-1.2431635933102,0.050704752362896,-1.39683596515764,2.04607556151608,-1.1915577857099,0.122827172253269,0.851191021585604,-0.949770788049767,1.08568938736952,-0.679537351804297,-0.763022803089132,-0.677607173200174,-0.156819869200847,0.232265156496145,1.20746885290061,-0.14041339759848,0.477693031813593,-0.633638034799465,-0.236289320156281,-0.86309579862883,1.09308512317819,0.372915596048565,-0.232871050045566,0.594979601957673,1.55396416238037,-0.188386259118953,-0.106014882165844,-0.332852449789283,0.504910711950902,0.967905686780917,-1.21391815030971,0.794726034713744,-1.16843363401239,-0.842650456902539,-0.961919830620921
1173121.16568148,933756.38933652,-0.606664992514749,-1.06941481693395,0.431649037751648,1.2954566535475,-1.03349345336116,0.265698398716594,-0.402296955640134,0.304491127248644,0.851136033515748,0.908069323314247,-0.728648588600926,-0.268472596360927,1.01579206339578,-0.382496071066681,0.122341344462941,1.1632747832646,2.74840437189972,0.54889107511343,1.09015741649186,-0.281427813394596,-0.384875327660235,1.70125112847172,0.0549525059427035,-0.448867090171252,1.28047241517796,-0.192748751375111,0.628036759542961,-1.27197516949791,-0.76249300050307,-0.846971025746736,-1.27813005252457,-2.70570240021886,2.13551437375132,-0.51033339613773,0.777654625883107,-1.38909076310082,0.600249353480341,-0.748053944534246,-0.287861372514766,0.3753641903644,-0.0761162404073826,-1.1845255127756,0.0457430585620353,-1.32202834751979,1.9958846451204,-1.19778314022983,0.00893568497285863,0.870777372211837,-0.994223255967982,1.17055464036113,-0.636299396780655,-0.791173229068299,-0.642472177403868,-0.161438643065402,0.32093007551135,1.24718796297095,-0.20531580360703,0.52595760770239,-0.619353009379054,-0.222848933642022,-0.860552716095665,1.13340416705199,0.293425525947478,-0.238481815599658,0.617140961082496,1.49242362700054,-0.176550037656802,-0.118997353118294,-0.413510841532756,0.533234052394635,0.88609467286209,-1.25323360088387,0.834595714214026,-1.17774430920602,-0.839232305529799,-0.903147022185087
1181270.39059621,933756.38933652,-0.627822400233908,-1.06131480180499,0.461462380632046,1.31648214528685,-1.09565303141305,0.24360942079923,-0.437948323237817,0.352914210226671,0.850917477665211,0.892979826164692,-0.673941474781397,-0.297017238472717,1.01155962051642,-0.293425292538161,0.098014057288073,1.21578898012899,2.69528630404336,0.571670643863758,1.08112794914744,-0.268023540564247,-0.336992250948716,1.68431384209444,0.076758645000621,-0.497886753834759,1.28537958703631,-0.178733137320714,0.62300886252746,-1.3118313936082,-0.788875708794533,-0.863718474010493,-1.28482742160683,-2.76848488977019,2.11406712816533,-0.520537970674681,0.818381632001695,-1.39916165103,0.554422117906465,-0.747272133731627,-0.266329665110374,0.388290234421782,-0.0226439711737898,-1.11908626142132,0.0621932085427086,-1.26891506968778,1.94777165359183,-1.19588274806447,-0.0919170579998272,0.913611025483309,-1.05312544645759,1.24910447281521,-0.603420515516504,-0.820579184563354,-0.601297413750293,-0.190889419442905,0.365616035315525,1.2640571357246,-0.248728209247345,0.572733751036383,-0.601313081235265,-0.190042130038543,-0.853356589717169,1.16256923705522,0.223297679757832,-0.260087095846414,0.634574955196651,1.42056205470574,-0.159262972606148,-0.15838099121383,-0.484379951631385,0.562104991693161,0.836458379681881,-1.30810692996185,0.868286874234202,-1.19239608572009,-0.863370703032527,-0.807410041826042
1189419.61551094,933756.38933652,-0.660275093200936,-1.04739672388974,0.453237415264785,1.33129627200134,-1.11496724391471,0.223964909048276,-0.449622257089565,0.370139499473899,0.816439818321467,0.884735539671652,-0.619763986181039,-0.355348807815472,1.0221396342466,-0.204875791371606,0.085175201634431,1.26394670678323,2.61948352819845,0.625900248290542,1.06893222012665,-0.283389636501688,-0.265539886574501,1.70092970246474,0.118622635983469,-0.54514694127396,1.29836040224405,-0.152465514017623,0.63538274062249,-1.32858093567773,-0.817772295634513,-0.880923511445838,-1.26878527699623,-2.8127319258907,2.08459370583396,-0.546419401634707,0.866210798060724,-1.42200235025431,0.494497753179749,-0.720418708169987,-0.261026160876681,0.423828305777238,0.0518881212187619,-1.04501345918,0.104701923820781,-1.24228713114834,1.89647763073804,-1.18768748137001,-0.162373204686684,0.98456718583016,-1.12577768813766,1.31359654772165,-0.582061292599945,-0.848920941742755,-0.555902471533245,-0.251834343192152,0.356682582654886,1.25472880713329,-0.264101542897493,0.621609594466027,-0.577543244946221,-0.130941209777845,-0.838913345159557,1.17687355115741,0.166100864108793,-0.298600335667473,0.644133670759627,1.33877022407986,-0.13169727224428,-0.232209735094013,-0.540238095528363,0.587921180183788,0.820161948152851,-1.37737726508906,0.876824227573733,-1.21720589260176,-0.950803407235694,-0.682900417383302
1197568.84042568,933756.38933652,-0.692604621376189,-1.02962903949538,0.43406806127728,1.343195419274,-1.1179799268555,0.206674504800134,-0.453144524770216,0.379360376538878,0.773350934572668,0.877093472555772,-0.566342130118536,-0.422318382453148,1.03526062022508,-0.120373346811396,0.0771748026057166,1.30806781697601,2.5357011928519,0.686287719952407,1.05440760287978,-0.30496081242252,-0.189637169396554,1.72431689460562,0.165231891651822,-0.59066677658893,1.31240019791789,-0.122503818523572,0.653670739325706,-1.3358318041618,-0.844389060197363,-0.895467805806483,-1.24443980044901,-2.8456919591559,2.05215862506439,-0.575675054359919,0.912586356651077,-1.44581230998563,0.430007286163419,-0.68598261916394,-0.261062282311474,0.464477021163357,0.129627490961185,-0.97021031201358,0.154055713281636,-1.2213825000603,1.84236782430987,-1.17536944637667,-0.22255761825873,1.0589718958392,-1.19990507325497,1.36993028434665,-0.562581744577943,-0.87520427171373,-0.510412698039887,-0.320930057794594,0.333682998634985,1.23848385412276,-0.269366130675452,0.669329301084449,-0.551567052551025,-0.0659031559488313,-0.82180261566275,1.18542695927516,0.112867740602161,-0.339810337468554,0.650943280774001,1.25459512753598,-0.10064154054544,-0.315995536943768,-0.588286608110439,0.612084950270555,0.785886209353935,-1.44179369247492,0.878984768657163,-1.23099557843348,-1.04126201257307,-0.565041294424933
1205718.06534041,933756.38933652,NA,NA,NA,NA,NA,NA,NA,NA,NA,NA,NA,NA,NA,NA,NA,NA,NA,NA,NA,NA,NA,NA,NA,NA,NA,NA,NA,NA,NA,NA,NA,NA,NA,NA,NA,NA,NA,NA,NA,NA,NA,NA,NA,NA,NA,NA,NA,NA,NA,NA,NA,NA,NA,NA,NA,NA,NA,NA,NA,NA,NA,NA,NA,NA,NA,NA,NA,NA,NA,NA,NA,NA,NA,NA,NA,NA
1213867.29025514,933756.38933652,NA,NA,NA,NA,NA,NA,NA,NA,NA,NA,NA,NA,NA,NA,NA,NA,NA,NA,NA,NA,NA,NA,NA,NA,NA,NA,NA,NA,NA,NA,NA,NA,NA,NA,NA,NA,NA,NA,NA,NA,NA,NA,NA,NA,NA,NA,NA,NA,NA,NA,NA,NA,NA,NA,NA,NA,NA,NA,NA,NA,NA,NA,NA,NA,NA,NA,NA,NA,NA,NA,NA,NA,NA,NA,NA,NA
1222016.51516988,933756.38933652,NA,NA,NA,NA,NA,NA,NA,NA,NA,NA,NA,NA,NA,NA,NA,NA,NA,NA,NA,NA,NA,NA,NA,NA,NA,NA,NA,NA,NA,NA,NA,NA,NA,NA,NA,NA,NA,NA,NA,NA,NA,NA,NA,NA,NA,NA,NA,NA,NA,NA,NA,NA,NA,NA,NA,NA,NA,NA,NA,NA,NA,NA,NA,NA,NA,NA,NA,NA,NA,NA,NA,NA,NA,NA,NA,NA
879749.068751066,925607.164421786,NA,NA,NA,NA,NA,NA,NA,NA,NA,NA,NA,NA,NA,NA,NA,NA,NA,NA,NA,NA,NA,NA,NA,NA,NA,NA,NA,NA,NA,NA,NA,NA,NA,NA,NA,NA,NA,NA,NA,NA,NA,NA,NA,NA,NA,NA,NA,NA,NA,NA,NA,NA,NA,NA,NA,NA,NA,NA,NA,NA,NA,NA,NA,NA,NA,NA,NA,NA,NA,NA,NA,NA,NA,NA,NA,NA
887898.2936658,925607.164421786,NA,NA,NA,NA,NA,NA,NA,NA,NA,NA,NA,NA,NA,NA,NA,NA,NA,NA,NA,NA,NA,NA,NA,NA,NA,NA,NA,NA,NA,NA,NA,NA,NA,NA,NA,NA,NA,NA,NA,NA,NA,NA,NA,NA,NA,NA,NA,NA,NA,NA,NA,NA,NA,NA,NA,NA,NA,NA,NA,NA,NA,NA,NA,NA,NA,NA,NA,NA,NA,NA,NA,NA,NA,NA,NA,NA
896047.518580533,925607.164421786,NA,NA,NA,NA,NA,NA,NA,NA,NA,NA,NA,NA,NA,NA,NA,NA,NA,NA,NA,NA,NA,NA,NA,NA,NA,NA,NA,NA,NA,NA,NA,NA,NA,NA,NA,NA,NA,NA,NA,NA,NA,NA,NA,NA,NA,NA,NA,NA,NA,NA,NA,NA,NA,NA,NA,NA,NA,NA,NA,NA,NA,NA,NA,NA,NA,NA,NA,NA,NA,NA,NA,NA,NA,NA,NA,NA
904196.743495267,925607.164421786,NA,NA,NA,NA,NA,NA,NA,NA,NA,NA,NA,NA,NA,NA,NA,NA,NA,NA,NA,NA,NA,NA,NA,NA,NA,NA,NA,NA,NA,NA,NA,NA,NA,NA,NA,NA,NA,NA,NA,NA,NA,NA,NA,NA,NA,NA,NA,NA,NA,NA,NA,NA,NA,NA,NA,NA,NA,NA,NA,NA,NA,NA,NA,NA,NA,NA,NA,NA,NA,NA,NA,NA,NA,NA,NA,NA
912345.96841,925607.164421786,-2.99579488738554,-0.918245004512694,0.395355310066399,0.0238367223022398,-0.0743288459304144,-0.195957107915193,-0.957667356408419,-2.75537263456761,0.63145870982059,-0.243925220640407,-0.682502513057879,0.75334412353884,1.6715150720903,-1.16874984669485,0.112268153883102,0.175131756308833,0.516015045782692,0.869049437855647,1.41646970554738,-1.76246540671351,-0.719094234736536,1.36084103236858,0.498672979646713,1.4244047961386,0.428964413725562,0.335397974004017,0.706273717898579,-1.08997479737437,-1.9328443327766,-1.02183250168581,-0.430945524247297,-1.27088295649508,0.848828618435639,0.337680937140774,1.7096781972295,-1.12870237204448,0.583400221091145,0.404676109685259,0.134770496080989,1.80288636032716,1.19430837835361,-0.747777313321676,1.04481614484376,-1.48236607445618,0.538807055884916,-1.63554475827885,1.10620507079005,0.373765922693814,-0.57762791894037,0.0218974552571413,-0.756768389187507,0.0956369429231883,0.0883945518011904,0.494515737431305,0.104563860782783,0.141908396079866,0.600354243138226,1.19897090957139,-0.35954581365811,0.0760165442912923,-0.175286142410315,0.876192542585058,1.9770194422585,-1.09472276207651,-0.559125399270469,0.929681094702705,-0.910825092375179,0.342652115070916,-0.50854887524082,0.370554570923464,1.60855047031623,0.573733579980329,0.185763511245218,-1.70002310073499,-1.27283999045653,-0.484128679267066
920495.193324734,925607.164421786,-2.85949402285134,-0.92265074806159,0.334804874314507,0.0678487285992119,-0.0459116314102843,-0.215085160946032,-0.916408904869945,-2.66222124433197,0.6120691937028,-0.238951673319241,-0.687228126568969,0.759119728483265,1.68144378260761,-1.16623499310057,0.0480499511773777,0.136514880020731,0.564580898259372,0.84973400346849,1.45969083564557,-1.69955317297779,-0.716795433391766,1.3978843858135,0.541531804111286,1.45879480946373,0.436893373856756,0.320577602905375,0.715622271034547,-1.00638259653034,-1.9007954328752,-0.970186102988999,-0.386808798966058,-1.31415267137168,0.837522270334727,0.311430908325236,1.69971905860645,-1.1431500447969,0.591686598815938,0.410201969925014,0.124451214979305,1.78289060180325,1.17267536776459,-0.76543179142365,1.05202991917023,-1.47240652644867,0.490876522303781,-1.57017747503655,1.21727048133041,0.369023992495192,-0.607811268448283,-0.00682560712060731,-0.800641579428917,0.0694101690685384,0.0497576542085895,0.442989827536372,0.0626477904247202,0.171756713462722,0.535484883640336,1.17771341828577,-0.372959253730143,0.025031697152961,-0.195008567694352,0.864881148585038,1.97355235887811,-1.14872096200483,-0.549415360268482,0.960441303565305,-0.921376440607591,0.361131560127288,-0.512142035257102,0.315058973051086,1.67081060454164,0.546378365617694,0.176770875174872,-1.69715095946694,-1.23177039834496,-0.49917201882762
928644.418239468,925607.164421786,-2.70492019662525,-0.917456062746731,0.266803107388862,0.117295463870714,-0.0108615164273083,-0.230688623095583,-0.876497983239314,-2.53958795257795,0.593730259522568,-0.238539235328764,-0.690677965222321,0.773781507725129,1.68655327863676,-1.15538967329641,-0.0140459722684155,0.0977884614241968,0.61492939612865,0.827059100954808,1.49402850456142,-1.63021947540262,-0.709340268991947,1.42874359219449,0.591682326355941,1.49346850013979,0.443943681091413,0.312356285105756,0.726816724831466,-0.920002599584207,-1.86161981089694,-0.907302246471293,-0.32944063554,-1.37796284715734,0.81984214584703,0.2843498456582,1.68164111718749,-1.16599618435674,0.597336225859432,0.413414454147323,0.117111796982597,1.76288278154635,1.15269602724429,-0.784507615083845,1.05741004289983,-1.45234065271615,0.425581895136613,-1.49742324241675,1.33046463505557,0.363755240275103,-0.648437960477359,-0.0285458634037754,-0.847907109349805,0.0406308422777968,0.00892019744822596,0.383300811280904,0.00684256939044859,0.202984301748033,0.470129924767781,1.15465180263182,-0.380512040905422,-0.0305475217149556,-0.215052080576211,0.845465076413042,1.97018258009629,-1.20535105042229,-0.537797816009488,0.991095814139834,-0.937579006076452,0.383080732451776,-0.501447664411318,0.244919865680474,1.73829537139159,0.533125988798746,0.159039862567853,-1.71105822656658,-1.1935136504961,-0.513353208447097
936793.643154201,925607.164421786,-2.55061917313573,-0.914572835804937,0.201599887674943,0.16610200200674,0.0205215020302315,-0.244773914584038,-0.835278233524707,-2.41634178284832,0.575036110889391,-0.233364170876914,-0.693481092906473,0.784850989005425,1.68840451417595,-1.14360631765874,-0.0747724297846446,0.0633603642797521,0.665320745245637,0.802846606350531,1.52494482435221,-1.55921031566247,-0.700836854865302,1.45695669471074,0.636467314195091,1.52478701067771,0.450260363190063,0.302598608867515,0.73614573631043,-0.83536150525165,-1.81997544548875,-0.846773736873264,-0.272939572104097,-1.4414860991098,0.804738841672254,0.257094722233162,1.65971565745853,-1.18717089113051,0.602193357542889,0.417078584086271,0.109947021737387,1.7399375781403,1.12953396403806,-0.802663784174649,1.05914130889158,-1.43104932534564,0.364458410391757,-1.42601223798563,1.43388572863645,0.360961266187335,-0.685719860420248,-0.0488800531250181,-0.892471417448282,0.0122023972867007,-0.0308581761897225,0.325933136317957,-0.0463559963426208,0.232588988929471,0.406784464466502,1.13235122084445,-0.387093291730073,-0.0797385139505794,-0.232809085089089,0.828373356080651,1.96329933438221,-1.25834171268648,-0.525051300107708,1.02096752607723,-0.948940199116241,0.404658908736393,-0.49181670731862,0.176906136500249,1.79991015041721,0.524024667362782,0.142233214074607,-1.73430265558951,-1.16052661505769,-0.527417274276818
944942.868068935,925607.164421786,-2.40625882261936,-0.922170439597689,0.149845779915945,0.209361398721615,0.0430701790712429,-0.259364083607701,-0.797421378111255,-2.30857231902235,0.555034116557133,-0.215431551097686,-0.699886248089612,0.785507937762099,1.68929470519577,-1.1354407944129,-0.129034850347602,0.0409117240358851,0.716590580368006,0.775365908119268,1.55536080414269,-1.49160721554855,-0.695846282491514,1.48241316143217,0.66569564721446,1.55532656565271,0.455444210658539,0.29059991436738,0.743183334420166,-0.761863178164564,-1.78142851114369,-0.80260105698279,-0.223815330993993,-1.4927695693818,0.801320068976298,0.23102342019136,1.63538153432963,-1.2072809810029,0.605837306939623,0.421654430069358,0.100696302392684,1.71624447582394,1.10009612190074,-0.822645911032129,1.05109558213886,-1.41313007977208,0.321377770699088,-1.36753086641878,1.5250443402596,0.365069461244519,-0.710104946709115,-0.0660211008666622,-0.930182722698651,-0.0184594159605522,-0.0666363800401996,0.282490175811571,-0.0876040653390536,0.258873540357827,0.350790234075622,1.11813776229207,-0.393240847563884,-0.105174357101182,-0.24300814683796,0.821253628061988,1.95306476500457,-1.29355937628247,-0.511740163517161,1.05515095125052,-0.949932368352703,0.425649672025502,-0.49153411237822,0.120192312701665,1.84250894986451,0.484063821778244,0.1302755173932,-1.75556215984573,-1.14743259657928,-0.540706977488222
953092.092983668,925607.164421786,-2.26741435874827,-0.950435510702767,0.113586122416198,0.249620045212649,0.0517673246231592,-0.276006143642046,-0.761121710425816,-2.21594339631801,0.530893452792651,-0.178378999123365,-0.712608773998175,0.771304128460051,1.69058589380406,-1.1333386027986,-0.1798606975246,0.0347045408118335,0.775433390996191,0.74022539491371,1.5902684675649,-1.42496669961075,-0.696505484880269,1.5092774014296,0.676537161142459,1.5890404202782,0.458903366429664,0.271396740952599,0.746778901967079,-0.697403078109669,-1.74584626117791,-0.778835656379837,-0.181158378107495,-1.5293011768406,0.814883641173072,0.202749130521073,1.60511257270633,-1.22720238059469,0.608311098382832,0.428386496859691,0.0870505159349903,1.68986877929661,1.05829137431955,-0.84715494600123,1.02895621997834,-1.40085100973538,0.301190492956585,-1.32488281476848,1.61099078793794,0.38005223965045,-0.718091766918544,-0.082059077816804,-0.959808811855794,-0.0544150996773974,-0.100415662517165,0.254544244594553,-0.114828841915187,0.281489722355694,0.300672325590347,1.11433646598486,-0.401065673558609,-0.09719964317568,-0.243915779364219,0.829056885179566,1.93923869333387,-1.30469799542532,-0.497968863655764,1.09919628917122,-0.935119753687026,0.447806052006247,-0.507935441877327,0.0756127602903185,1.86802667101604,0.390237453975467,0.126376585416179,-1.76731104917351,-1.16036418171459,-0.552562447020886
961241.317898402,925607.164421786,-2.11032735711322,-0.989976876353329,0.0732248190353235,0.293399560878009,0.056810568389986,-0.2973658511201,-0.720151260429296,-2.11115657465671,0.499092508026712,-0.131139346234443,-0.730493960351434,0.747672886050584,1.68764972437265,-1.13290000574329,-0.240264640340604,0.0301277941292861,0.84240066647456,0.694252996250977,1.62700669009734,-1.34766831338257,-0.699371848942925,1.5362476696534,0.681224190347223,1.62450648097948,0.460405458765614,0.245327145194901,0.747598677873584,-0.626695877621545,-1.70392100273981,-0.757194048109393,-0.135165136259008,-1.56867065104398,0.832455566465366,0.166876505341435,1.56444519642313,-1.25130005043745,0.608226004508533,0.434183254379996,0.0679102454738395,1.65409640208835,1.00246644064471,-0.878646326278778,0.995913336807833,-1.38785626358801,0.282165706376436,-1.27935557683677,1.70302163213469,0.397905488622038,-0.723615269059191,-0.101455413538045,-0.993431756292313,-0.10068517923115,-0.141418377630758,0.224087620702936,-0.144602825737558,0.305006046305744,0.240906268288746,1.10952573989142,-0.411593627776856,-0.0808121190482551,-0.244089926662081,0.83894699714948,1.91726275015782,-1.31055630385884,-0.482602635514382,1.14908841459773,-0.913965271662564,0.471355130068053,-0.532379826293266,0.0243946828560431,1.91618501977074,0.300754267344064,0.150383719873649,-1.75159209262864,-1.15234142461009,-0.544789713274265
969390.542813136,925607.164421786,-1.95628941670935,-1.03344787958829,0.0340413884896048,0.338053104695484,0.0524109233616941,-0.313805116227933,-0.678899537543584,-2.00051805192155,0.468034915541514,-0.0791875668224814,-0.752286573874541,0.719748635911856,1.68392067823594,-1.13145631128722,-0.295816010503018,0.0289842390793631,0.914083358127405,0.650507576512958,1.65511566006812,-1.27208140261663,-0.697778915550321,1.55617411421985,0.684415653089233,1.65216908932888,0.46329476335326,0.217716740165113,0.747983395903934,-0.563007242071737,-1.65552529610508,-0.735863025270415,-0.0996801962493632,-1.61022111815804,0.855044788786378,0.122495899335098,1.52199320165051,-1.27310415426955,0.606434440383852,0.433867120512119,0.0455745161555754,1.61406837783088,0.939433552413984,-0.914165287204081,0.959542700155664,-1.38181383337342,0.269890846608045,-1.24226614454588,1.77945640880327,0.412170855423417,-0.734360108020288,-0.114937653819533,-1.02563154576137,-0.14804094902201,-0.18422640487332,0.191117059408073,-0.178436636233689,0.326527892007933,0.177853922680106,1.10200699195976,-0.424382752765252,-0.0759605556171479,-0.254432270827239,0.846709176514474,1.88591284404693,-1.31181817952833,-0.467086133390396,1.19720778912056,-0.893845862996916,0.492232776632176,-0.554235838622204,-0.0241941884790093,1.98335882591859,0.245296606904823,0.192199084975964,-1.7124814714429,-1.11482593198935,-0.518766246046695
977539.767727869,925607.164421786,-1.82075201846118,-1.08097459724643,0.0104775677150948,0.383472169356047,0.0245440827032188,-0.311031939707368,-0.638907812333142,-1.89046955008144,0.447866395439187,-0.0205245836628455,-0.778340386707065,0.690411275481802,1.69227435814247,-1.12326779926528,-0.325133429643316,0.041102161895455,0.997542148479329,0.625034543709233,1.6698758551671,-1.20885116049305,-0.682233953521572,1.56392374205707,0.691813988562592,1.66626869754008,0.474912887379699,0.19336962352682,0.752816424352217,-0.521706907527236,-1.59789680853508,-0.717319909838274,-0.0957461693372741,-1.6496879524633,0.896444364803152,0.0639137146079408,1.48977234132397,-1.28213673933045,0.606457726799236,0.421527771687057,0.0202594831889768,1.57864900264082,0.87165785013311,-0.951812215635176,0.924448268976874,-1.39749725755805,0.281380065054275,-1.23546187539953,1.82146457379503,0.419930855390568,-0.758206996450033,-0.108723254006956,-1.04562851754441,-0.183477178515451,-0.220331308327721,0.161143173264163,-0.214694586728917,0.343979884073547,0.117894637201807,1.09537497326361,-0.440022618375386,-0.100491262359549,-0.287095658052767,0.855297472712373,1.84259331625422,-1.30050612025004,-0.450686753030653,1.2456393967194,-0.880751485332146,0.510192650302029,-0.567800180695161,-0.050956087766367,2.04229241831449,0.204563676861232,0.216697607804741,-1.67490588417672,-1.07256778149536,-0.492722311863591
985688.992642603,925607.164421786,-1.68188264321589,-1.13511183569182,-0.00500471394698129,0.436043797402621,-0.0215433113244908,-0.293757554118626,-0.594506552764789,-1.76873173230514,0.433620919069624,0.0510171068859199,-0.809335461456659,0.656942184699832,1.70916076765936,-1.10922971603977,-0.339287826383334,0.0647361087287694,1.09825432076971,0.608920553248294,1.67767900957826,-1.1453769665448,-0.654961023843177,1.56535923442948,0.703544362285908,1.67390024881611,0.495073061432118,0.169159680376825,0.762605018598262,-0.487394478054525,-1.52612205464766,-0.696444176734746,-0.110324957861919,-1.68894592978425,0.955583097902395,-0.0115922950073627,1.46003410264072,-1.28220080300663,0.608449912762138,0.401093873685198,-0.00873960047490059,1.54167958240092,0.791928373903298,-0.9947334253444,0.886435074552558,-1.42700088497921,0.310966845292442,-1.24490597507442,1.84748245041593,0.425452870024753,-0.792814484511074,-0.0868392195153476,-1.05830000068466,-0.215787963677847,-0.256158000616581,0.129787325862422,-0.257090775594745,0.362268280843684,0.0537574384454049,1.08913396350532,-0.457825878169098,-0.146354567800058,-0.340620562282923,0.866518105779703,1.78545126332412,-1.27733606894613,-0.43013522458719,1.30075071435876,-0.867361666895343,0.528668737690164,-0.57454670613571,-0.0653720655725267,2.09020632758479,0.151300287064225,0.225771390477211,-1.64308902222984,-1.04445592765711,-0.469288718270065
993838.217557336,925607.164421786,-1.51449472145419,-1.20109840084813,-0.02107225150102,0.503116106863869,-0.0792754352267212,-0.267420624890021,-0.537107200581826,-1.61835161110529,0.417571043650115,0.140051827489088,-0.844846688720201,0.615577434349607,1.72987779375834,-1.08580680246457,-0.351640941262878,0.097209580780753,1.22239826118158,0.59132879430025,1.6855249137908,-1.06405674011969,-0.617031497746615,1.5679543038554,0.719078888388501,1.68116525995382,0.523218675064589,0.14068796720578,0.774954522184055,-0.444238114526569,-1.43205683339078,-0.66772459476821,-0.128224349169362,-1.73649786582926,1.03077939572105,-0.107153910453943,1.42327461985987,-1.2766467910468,0.612520956405995,0.375523294732517,-0.0435362620444622,1.49523718754938,0.690289466406294,-1.04664560181577,0.839653132730235,-1.46217346894892,0.353027080482972,-1.25515175455429,1.87619637089618,0.434193673938259,-0.834105311938661,-0.0548705995683268,-1.06912663255524,-0.252993632723018,-0.297218104101563,0.0926408468161314,-0.307606208228831,0.386869048614201,-0.0256546083545762,1.08231824272612,-0.477200918931372,-0.202938365119566,-0.407032302648745,0.881563302932347,1.71239364558142,-1.24200843560781,-0.400394477316357,1.36862378739371,-0.847654612029955,0.552939864730137,-0.579041074953603,-0.0798928522072972,2.12184428795421,0.0511809435766143,0.217689316179913,-1.61914788498105,-1.04101973018981,-0.45279339273226
1001987.44247207,925607.164421786,-1.37026484911265,-1.25869648611411,-0.0384059499046175,0.568782970912302,-0.131370922107268,-0.236934297815048,-0.496569028096236,-1.4793854063263,0.39610273865737,0.209844012600534,-0.871771223527037,0.573039206757254,1.74200715789956,-1.05504892036182,-0.35840533462932,0.126978337368014,1.34187239489218,0.572339007647612,1.6822549243089,-0.99495422871914,-0.591552866372292,1.58877905219315,0.72701935797812,1.67453936845955,0.562015943731839,0.110195615889571,0.772654323739954,-0.414075088355837,-1.33687190778501,-0.650578546576976,-0.14619563257418,-1.79529281003014,1.10858396018634,-0.190692969414934,1.38497147731674,-1.26924447123517,0.616838420302263,0.342545835963805,-0.077053779761046,1.45058850444454,0.59179883962534,-1.10079901392672,0.797708479987943,-1.49648939464592,0.416631638329484,-1.26777570592308,1.89218886965722,0.448466563469969,-0.872522172972888,-0.0154585408284986,-1.07851625505438,-0.288213471111938,-0.32377437153748,0.0595723647769874,-0.346743194871411,0.412068399468809,-0.0954814074170233,1.07755822782712,-0.493652954906559,-0.236433658187395,-0.464344303755135,0.896567588809128,1.64659996625814,-1.20028758146706,-0.361219132875794,1.4302612514199,-0.832245765627316,0.570548675583368,-0.580347072857693,-0.0945281042962449,2.1349444029985,-0.0584472602572025,0.206077043560314,-1.59425277165027,-1.04535271167125,-0.438197827962271
1010136.6673868,925607.164421786,-1.28324869894317,-1.29108006418387,-0.0563413126735881,0.620237719535794,-0.165095024231348,-0.206267830432273,-0.495518763846262,-1.38190512185562,0.366762656991535,0.233500582918574,-0.879782706298656,0.535972000653487,1.73952785157506,-1.02190513774751,-0.357712956367044,0.145588969379405,1.43558765378769,0.552141498766066,1.6620141770215,-0.960523960339365,-0.597055208338452,1.63729979321175,0.720514396602577,1.64573504625704,0.611016865766789,0.0807036109166047,0.745111621175172,-0.411726082172392,-1.25796557987607,-0.659792521706019,-0.164413763004357,-1.86567103968582,1.17853231653817,-0.235995370322544,1.3516856206832,-1.26436442967227,0.620163389731345,0.301598148258613,-0.103380123073109,1.4183600286684,0.519092340754069,-1.14990782779867,0.770532656351002,-1.52293493949618,0.502499663444296,-1.28518370019332,1.8853632365759,0.468835709195666,-0.903163358050221,0.0283615014310502,-1.08736682923046,-0.314745545318589,-0.322574704608515,0.0378657201037195,-0.359769817797856,0.433341125197347,-0.13545388956516,1.07753468738255,-0.505268571064669,-0.22216959442451,-0.49867578967748,0.90953115432345,1.60666895075041,-1.15918620529838,-0.314285493816434,1.47368624679642,-0.829991694210011,0.571403326482382,-0.581088042115122,-0.106812293192661,2.13373068253012,-0.138139890605324,0.205424080570995,-1.56211064640374,-1.04196890894573,-0.420502985996209
1018285.89230154,925607.164421786,-1.19917472982548,-1.3181630028004,-0.0770585336909937,0.674575566958766,-0.197827831769096,-0.171042185583675,-0.504046411551708,-1.28183883486864,0.330384713898551,0.248442484924368,-0.882030511945086,0.49349179900817,1.72937869729745,-0.980924892885273,-0.35339441448914,0.163738906124838,1.53425036172546,0.528409195206407,1.63029769657027,-0.929966936303673,-0.610373498211582,1.69955387625177,0.707577648422615,1.60281360128503,0.670087463179735,0.0460867376893025,0.703904015742432,-0.417726524424001,-1.17305741526066,-0.677108160891031,-0.184353960854169,-1.94962091706196,1.25525939067007,-0.275657551690695,1.31177849320156,-1.25715711266682,0.622908012012691,0.250708651363591,-0.131814687520365,1.38259333408898,0.440983902790262,-1.20460945683657,0.743441939776043,-1.55083384909992,0.606848825451438,-1.3049778110143,1.86761461025292,0.493723209818803,-0.933121686292951,0.0793019048063227,-1.095583052382,-0.342654859429325,-0.311033505035289,0.0168926861818228,-0.366095718396601,0.455674989517741,-0.171684105769344,1.07725773701718,-0.515510554739117,-0.1915873170717,-0.528493363820007,0.922317455127122,1.56604774867186,-1.11098188744093,-0.258519615220047,1.51548441336149,-0.830051761798665,0.567764072190624,-0.578790747337236,-0.121258506335163,2.13186485670134,-0.22282140048733,0.214815469390884,-1.5250740311292,-1.0380221901996,-0.400116207052474
1026435.11721627,925607.164421786,-1.0951354181346,-1.34502430189804,-0.103005713333375,0.741057656104549,-0.240439318413026,-0.123833181868919,-0.50958478994659,-1.15271636597097,0.287551558078768,0.271279401330494,-0.884750069525639,0.43721617226989,1.71130830414145,-0.924492590466476,-0.344933194733184,0.189246329616768,1.65568631692169,0.498841228313383,1.58632108900074,-0.890070427582658,-0.623855649777923,1.77148033965822,0.689397023138522,1.53733698553532,0.743485770745697,0.00213605736152392,0.650233573583784,-0.429073868506029,-1.06881613809271,-0.696955104729746,-0.212555595556914,-2.05832655370634,1.34841594853547,-0.324747470001871,1.25503525169215,-1.24785189090028,0.626818376065567,0.184052807184563,-0.167791682883,1.33269578311602,0.341119854821687,-1.27312853867803,0.706998249068602,-1.58253365464405,0.733984623619438,-1.32497727985118,1.83538548513492,0.52561335673244,-0.964641827911367,0.148404217628706,-1.10296092202721,-0.378111261034207,-0.298228473912969,-0.00806022478958242,-0.370507753955485,0.484009833072142,-0.213059267974243,1.07217567039162,-0.527289631239376,-0.156093052145138,-0.565774156453249,0.935110699500218,1.50723498539897,-1.04378955900136,-0.186284473313794,1.56288508884906,-0.824051158378173,0.559621737789953,-0.568956686057014,-0.133719414559308,2.13291485304967,-0.331601079277908,0.236907221318143,-1.47481355898764,-1.03317999563843,-0.375563750810503
1034584.342131,925607.164421786,-1.01507326205165,-1.35336070316983,-0.130738757972131,0.798851381133603,-0.28977731129288,-0.0722250979855232,-0.498109718606755,-1.01754408392639,0.271049060296023,0.314437568789742,-0.905143056729887,0.381146081815813,1.69104430840105,-0.863766307223698,-0.331674629088129,0.223529739509675,1.78182837782863,0.480658887761261,1.54954623318757,-0.864228351467433,-0.631607787051321,1.82869777315792,0.670980050273649,1.44279213132982,0.815386810023337,-0.0383883209503829,0.605060581560674,-0.469252099664493,-0.991745566580228,-0.71949208913032,-0.258762470390217,-2.17712776246008,1.43589978164377,-0.368320271505894,1.1891316960478,-1.26027864312307,0.639437584899847,0.116499376040721,-0.203919648811363,1.28220907142433,0.260912988882817,-1.34582395185376,0.671845461766241,-1.62146401768494,0.848810846884615,-1.33780261143813,1.77965195204065,0.562149432809942,-0.975300927559575,0.236959362570483,-1.11617678945834,-0.41775794301636,-0.304331092954389,-0.0264030647213038,-0.364369112168778,0.514118958033782,-0.230474587013328,1.05424412020858,-0.542285613650259,-0.145905128569415,-0.604312598668146,0.938289907151,1.43733646358346,-0.967474831711227,-0.113563260845992,1.59811873430381,-0.805023473319,0.537405722139001,-0.536408460958048,-0.12138209405967,2.13704498194903,-0.426563629935281,0.260820180059846,-1.41342841632699,-1.02623522154852,-0.359600980004241
1042733.56704574,925607.164421786,-0.972255674629754,-1.34345024096883,-0.154019042707111,0.840055885965953,-0.336377665611567,-0.0253074431084807,-0.473623331149852,-0.903945667780565,0.284247671496657,0.368437490473858,-0.939535424018572,0.336836190032825,1.67461883275193,-0.811762535735133,-0.31628199443682,0.261136719231841,1.89299428076773,0.477853167781181,1.52933531016109,-0.856917228566716,-0.632797247866735,1.86445460334986,0.656773632588663,1.336964126547,0.874322128458287,-0.066624181868115,0.578529873899224,-0.531160091243694,-0.954604678083382,-0.740297307865038,-0.315041318204602,-2.28266512495925,1.50532037655951,-0.397701079338913,1.1286518308876,-1.29334231070231,0.658935453403255,0.0620121533872944,-0.233340745778965,1.24299164159471,0.218660575703858,-1.40843435773355,0.645361664773184,-1.65954009210739,0.933986653906198,-1.34299973569376,1.71281579319286,0.597254387086271,-0.965100209178307,0.327786614843373,-1.1329594603987,-0.453843349986596,-0.328146399440128,-0.0338319514016157,-0.349336533030108,0.541811628234226,-0.220782136821806,1.02897521012889,-0.558256143022554,-0.161666421306208,-0.638643561629968,0.933544983913175,1.37158203878204,-0.898075580988911,-0.0529734807681849,1.61815624337391,-0.778477444808337,0.506114582613485,-0.490192807578344,-0.0861562303640378,2.1282507646069,-0.496226547624376,0.26705283191625,-1.349485345071,-1.01826547289381,-0.367620182398262
1050882.79196047,925607.164421786,-0.929612091341879,-1.3275348156565,-0.177590332103814,0.882819255855958,-0.385834973181976,0.0258276629024878,-0.442977620709248,-0.786859840891272,0.304436399390551,0.429683352331163,-0.97724496409125,0.29059740629389,1.65639060413448,-0.756525066058694,-0.297456754112718,0.303009972668343,2.01061085537823,0.478061343387807,1.50920371517254,-0.849288613711022,-0.630944058092555,1.90002498628474,0.642312994961657,1.21445487696883,0.936636329189909,-0.0944339288508483,0.553180613555264,-0.601639298537382,-0.918591108720473,-0.761231653753525,-0.377662906700741,-2.39453991376826,1.5775438604638,-0.425976465041703,1.06190425671823,-1.33017892915998,0.682350598855308,0.00462344165560467,-0.263157346481177,1.20051309325313,0.17856382963351,-1.47325406025018,0.617796215675578,-1.6984385762072,1.02157464699348,-1.34466001279069,1.63494674644597,0.636037270222176,-0.948744390851185,0.426019123413341,-1.14976472455448,-0.491297204215006,-0.355962652484604,-0.0394991241178341,-0.330138920976129,0.572984473656804,-0.204609705402168,0.999746956555148,-0.574041774198173,-0.181743064327999,-0.673082458477215,0.927122967221002,1.29793664808517,-0.824000305030318,0.0112206026470555,1.63740442332571,-0.74645715880649,0.470586404720693,-0.436211342559045,-0.0438480721008174,2.09854207195866,-0.57953736045686,0.259332427102898,-1.27587774053851,-1.00789304795346,-0.396537824634314
1059032.01687521,925607.164421786,-0.880583268982978,-1.30728813682758,-0.198005239461746,0.930316104275186,-0.437929007805351,0.0819928964112726,-0.403349677615582,-0.663630464519283,0.328494210269385,0.495146896035333,-1.01197355073023,0.240560346044681,1.62986337997461,-0.70437190621786,-0.272016774816783,0.346576634098117,2.13757616849218,0.47777617848604,1.48337394398922,-0.831536991221536,-0.623943108341525,1.93850982115637,0.621241561330874,1.06792964817985,1.00104256054499,-0.12146095143269,0.530090760566459,-0.676577837294687,-0.883334615679059,-0.78403441483196,-0.450356035798084,-2.50120151356581,1.65335713369867,-0.453735957890103,0.990019599206954,-1.36633869590245,0.709065497241898,-0.0588817898549938,-0.2979038005773,1.14731190342594,0.132655605318827,-1.53798865059356,0.579991531968334,-1.73397421683445,1.11832000400532,-1.34109285394865,1.54382221188984,0.678234653295047,-0.928352090713424,0.526137583222295,-1.16457138686367,-0.530100524082669,-0.392908416341575,-0.044379424325479,-0.307389267892654,0.611294356979972,-0.184958490288543,0.964208845119786,-0.58794968584297,-0.203881695231852,-0.709069570674066,0.920065130693218,1.21365481306587,-0.743892061713699,0.0779876315727176,1.65798899966022,-0.705475928983634,0.430275613597595,-0.371730280764074,0.00636091410583487,2.05221257885945,-0.676313100952057,0.251746518729277,-1.20029927955077,-0.989486321837691,-0.440990857225149
1067181.24178994,925607.164421786,-0.831148678415682,-1.28777593213272,-0.200274476425703,0.977450374930051,-0.481024116463125,0.130799578497406,-0.349778421461058,-0.558110133599218,0.356702346902954,0.548293783572677,-1.02806491273493,0.198163070779812,1.58828884903747,-0.693334096635139,-0.237417448764717,0.374731618178759,2.2590684297945,0.473693656084441,1.4541511851534,-0.788945599666767,-0.606032170530207,1.97780861745759,0.582175407842825,0.912867848969523,1.04615411480137,-0.13803168744254,0.528421400483843,-0.735403957421661,-0.872399655446906,-0.813046333643014,-0.533621213690749,-2.53709361041089,1.71410731605524,-0.473201010520936,0.939279249587169,-1.39386086267068,0.736653693437794,-0.117770755261588,-0.341236669415158,1.07896661134826,0.0817767714988306,-1.58333043144363,0.517814606555718,-1.74905648393348,1.21269065783362,-1.32710656733678,1.45792703954256,0.714541553089128,-0.90517423271784,0.596368288856469,-1.17471452664551,-0.562455339535796,-0.455966497080281,-0.0478896721005368,-0.285638859079592,0.662748475058937,-0.16482837716195,0.923538334823858,-0.593423688255025,-0.230978064281056,-0.741471829677365,0.914130248743334,1.13808396012335,-0.672575626154371,0.123119788734133,1.68058905434974,-0.655632144082173,0.390125971141732,-0.297068519528525,0.0606662343277312,2.00459138598861,-0.759481548371656,0.27225991643709,-1.15560143753194,-0.953764580235608,-0.496879887667896
1075330.46670467,925607.164421786,-0.783265496742884,-1.26874994563268,-0.190874422295179,1.02252667267905,-0.516602222794522,0.173874635204084,-0.29167947485598,-0.467076462652289,0.385082817992836,0.591139324415538,-1.03113075557236,0.161475244128846,1.53742922413244,-0.704192460053081,-0.198858963937423,0.394000102481864,2.37063067363857,0.46678767818408,1.42214720876658,-0.734194475264825,-0.582438338408079,2.01509539667802,0.532997026968089,0.753833474314052,1.07862709497876,-0.147382188696007,0.538488834155281,-0.781859590890353,-0.875105514051303,-0.8429879675626,-0.620520000072387,-2.52992054925631,1.76413526977883,-0.486366342681514,0.9026754966987,-1.41454815455141,0.762590158898474,-0.171527349397815,-0.388618170002232,1.00349565150715,0.0298321306200434,-1.61374721814549,0.442082033101795,-1.74985150026965,1.30184702285502,-1.30789116747457,1.37648920397666,0.745355496462832,-0.881929868802244,0.646573959867709,-1.18014210221939,-0.58941472203054,-0.532135570742959,-0.0495939819332903,-0.265330285164775,0.718561880658204,-0.145195690960843,0.880637817671727,-0.593598061319887,-0.258296711945696,-0.771725339061361,0.909369960786344,1.06966196761798,-0.608826632586502,0.155308486205812,1.70270346668851,-0.60267743293133,0.35171450173234,-0.220945010072905,0.115934182381408,1.95665350327696,-0.830107421074343,0.311399032939875,-1.12792782634046,-0.915482830228215,-0.551894554050337
1083479.69161941,925607.164421786,-0.734249502422786,-1.24656426370774,-0.178339715754691,1.06556007174154,-0.54963164764657,0.215591530786756,-0.233780910677869,-0.379032265489528,0.415139310493805,0.631998271744927,-1.03046735406457,0.124398041712077,1.48138519704084,-0.715743634801595,-0.15886689383803,0.412863709122354,2.47560726880083,0.459380538711227,1.38658631314575,-0.676529392028336,-0.556434668098654,2.04666294657599,0.479938368916861,0.585199606355119,1.10752089960631,-0.155501861390511,0.548993324214266,-0.825315803468532,-0.87504597450893,-0.869934888586463,-0.708091114947312,-2.51058638829663,1.80943926582914,-0.497205003499989,0.86407594104255,-1.43038111692206,0.78690738748719,-0.225233617009079,-0.433768850475037,0.92251707538314,-0.0226978866109998,-1.63762232002515,0.363645110937604,-1.74290933338572,1.38774754850715,-1.28461845333187,1.28951670543752,0.773983378760904,-0.855692225030689,0.694175280537572,-1.1804115139857,-0.614235553441043,-0.60838307755479,-0.0503997793056741,-0.244224984259776,0.773965080973954,-0.124338546386792,0.835183819453932,-0.591011165769397,-0.285740891505663,-0.79870981694119,0.902427414664282,0.998073068316827,-0.545301362399786,0.18590888334934,1.72028747810843,-0.550080929346285,0.312104241079519,-0.146071069441627,0.168550415163355,1.90577872037247,-0.892699199599075,0.3587972419467,-1.0986110263219,-0.880937434238375,-0.597192475648014
1091628.91653414,925607.164421786,-0.692458409794182,-1.2276567290802,-0.157511869793439,1.10218541055636,-0.576361652486107,0.249991883932128,-0.186237660939124,-0.30101214242248,0.456709258886154,0.66966456852397,-1.02911572056097,0.0855883082235717,1.42573609168697,-0.728293088863787,-0.116281435785142,0.440175239366382,2.56842463924704,0.457345468380428,1.34773753743977,-0.618554216448032,-0.531832613249536,2.06496261291454,0.420102356187648,0.420316362870008,1.1346630052428,-0.162085801385443,0.558625202783483,-0.870707147816983,-0.866618420460641,-0.88840251254475,-0.791282913635717,-2.47955744683742,1.85526178061505,-0.505395413674353,0.822642303482254,-1.4432142128284,0.80695269630644,-0.282105178657973,-0.464979550184522,0.84139878590358,-0.0724252655330686,-1.65052753744649,0.29480536742996,-1.72621642057546,1.48065617301229,-1.26612510367704,1.19382286213788,0.796638661485174,-0.838081532343261,0.736140726765502,-1.17026511726024,-0.638447664465919,-0.674868742849835,-0.0516838715533723,-0.226828633890865,0.826719216513482,-0.103073838715085,0.787568775735039,-0.593647939806976,-0.317115390279082,-0.822214436824904,0.89601201220915,0.924261659640182,-0.49118239160417,0.215802429478936,1.72780898947486,-0.504628455200142,0.268203837834088,-0.0810218446464704,0.206126089863476,1.85347271122682,-0.926942506331015,0.425453906657465,-1.07281473244243,-0.859757831494181,-0.620787620141682
1099778.14144887,925607.164421786,-0.66239483810168,-1.21838546561798,-0.114350480241931,1.12831356655396,-0.587733314259055,0.272199474967096,-0.155994104444147,-0.236551517797224,0.527878124736024,0.704267068357312,-1.03249060912255,0.0430581116512003,1.37871374045817,-0.750142477727079,-0.0651512530542095,0.487335498945154,2.6485865440146,0.468259081162901,1.30673048849592,-0.5537694965459,-0.50816142656391,2.05992639297001,0.343885041429784,0.278859956708422,1.15919841733766,-0.160594921884454,0.569654720421083,-0.921429069456472,-0.836428295324222,-0.889289620072314,-0.86127864150186,-2.43006977695153,1.90726233072955,-0.508685131773455,0.777108090659454,-1.45502665285263,0.818779863910019,-0.348097488384157,-0.465590933569075,0.762209637311248,-0.117409698360266,-1.64418072485238,0.250520888801546,-1.68384581570827,1.60428076464749,-1.2575009028624,1.08701318443855,0.808909400097179,-0.839094063807715,0.772005228926531,-1.13940521583115,-0.661534015472653,-0.720047899696667,-0.049496821935934,-0.212006659668524,0.879602354218522,-0.0802223844134342,0.737200506882503,-0.609019117923984,-0.361559527941153,-0.837804046316848,0.897241456349301,0.848214969487176,-0.456222561462719,0.244397731858117,1.72090413488766,-0.473338332178409,0.215006962473792,-0.0311012839287745,0.212960140723799,1.7690617031136,-0.933440510363509,0.496317795803057,-1.07434701668253,-0.825870206557827,-0.669977504537204
1107927.36636361,925607.164421786,NA,NA,NA,NA,NA,NA,NA,NA,NA,NA,NA,NA,NA,NA,NA,NA,NA,NA,NA,NA,NA,NA,NA,NA,NA,NA,NA,NA,NA,NA,NA,NA,NA,NA,NA,NA,NA,NA,NA,NA,NA,NA,NA,NA,NA,NA,NA,NA,NA,NA,NA,NA,NA,NA,NA,NA,NA,NA,NA,NA,NA,NA,NA,NA,NA,NA,NA,NA,NA,NA,NA,NA,NA,NA,NA,NA
1116076.59127834,925607.164421786,NA,NA,NA,NA,NA,NA,NA,NA,NA,NA,NA,NA,NA,NA,NA,NA,NA,NA,NA,NA,NA,NA,NA,NA,NA,NA,NA,NA,NA,NA,NA,NA,NA,NA,NA,NA,NA,NA,NA,NA,NA,NA,NA,NA,NA,NA,NA,NA,NA,NA,NA,NA,NA,NA,NA,NA,NA,NA,NA,NA,NA,NA,NA,NA,NA,NA,NA,NA,NA,NA,NA,NA,NA,NA,NA,NA
1124225.81619307,925607.164421786,NA,NA,NA,NA,NA,NA,NA,NA,NA,NA,NA,NA,NA,NA,NA,NA,NA,NA,NA,NA,NA,NA,NA,NA,NA,NA,NA,NA,NA,NA,NA,NA,NA,NA,NA,NA,NA,NA,NA,NA,NA,NA,NA,NA,NA,NA,NA,NA,NA,NA,NA,NA,NA,NA,NA,NA,NA,NA,NA,NA,NA,NA,NA,NA,NA,NA,NA,NA,NA,NA,NA,NA,NA,NA,NA,NA
1132375.04110781,925607.164421786,NA,NA,NA,NA,NA,NA,NA,NA,NA,NA,NA,NA,NA,NA,NA,NA,NA,NA,NA,NA,NA,NA,NA,NA,NA,NA,NA,NA,NA,NA,NA,NA,NA,NA,NA,NA,NA,NA,NA,NA,NA,NA,NA,NA,NA,NA,NA,NA,NA,NA,NA,NA,NA,NA,NA,NA,NA,NA,NA,NA,NA,NA,NA,NA,NA,NA,NA,NA,NA,NA,NA,NA,NA,NA,NA,NA
1140524.26602254,925607.164421786,NA,NA,NA,NA,NA,NA,NA,NA,NA,NA,NA,NA,NA,NA,NA,NA,NA,NA,NA,NA,NA,NA,NA,NA,NA,NA,NA,NA,NA,NA,NA,NA,NA,NA,NA,NA,NA,NA,NA,NA,NA,NA,NA,NA,NA,NA,NA,NA,NA,NA,NA,NA,NA,NA,NA,NA,NA,NA,NA,NA,NA,NA,NA,NA,NA,NA,NA,NA,NA,NA,NA,NA,NA,NA,NA,NA
1148673.49093727,925607.164421786,NA,NA,NA,NA,NA,NA,NA,NA,NA,NA,NA,NA,NA,NA,NA,NA,NA,NA,NA,NA,NA,NA,NA,NA,NA,NA,NA,NA,NA,NA,NA,NA,NA,NA,NA,NA,NA,NA,NA,NA,NA,NA,NA,NA,NA,NA,NA,NA,NA,NA,NA,NA,NA,NA,NA,NA,NA,NA,NA,NA,NA,NA,NA,NA,NA,NA,NA,NA,NA,NA,NA,NA,NA,NA,NA,NA
1156822.71585201,925607.164421786,NA,NA,NA,NA,NA,NA,NA,NA,NA,NA,NA,NA,NA,NA,NA,NA,NA,NA,NA,NA,NA,NA,NA,NA,NA,NA,NA,NA,NA,NA,NA,NA,NA,NA,NA,NA,NA,NA,NA,NA,NA,NA,NA,NA,NA,NA,NA,NA,NA,NA,NA,NA,NA,NA,NA,NA,NA,NA,NA,NA,NA,NA,NA,NA,NA,NA,NA,NA,NA,NA,NA,NA,NA,NA,NA,NA
1164971.94076674,925607.164421786,NA,NA,NA,NA,NA,NA,NA,NA,NA,NA,NA,NA,NA,NA,NA,NA,NA,NA,NA,NA,NA,NA,NA,NA,NA,NA,NA,NA,NA,NA,NA,NA,NA,NA,NA,NA,NA,NA,NA,NA,NA,NA,NA,NA,NA,NA,NA,NA,NA,NA,NA,NA,NA,NA,NA,NA,NA,NA,NA,NA,NA,NA,NA,NA,NA,NA,NA,NA,NA,NA,NA,NA,NA,NA,NA,NA
1173121.16568148,925607.164421786,-0.524372593152552,-1.00679822225249,0.426951388761669,1.3257529096069,-1.04266721265997,0.249420716046746,-0.35836377880082,0.311804432874179,0.893988731998572,0.812663284275414,-0.7802146793637,-0.24388063473622,1.07454581098853,-0.393121915692727,0.109596505025614,1.09356648051552,2.74945815006194,0.512220462609084,1.18217594277732,-0.267854326338146,-0.385606920580122,1.72251413267314,0.0923609294038917,-0.46940612059802,1.21896320722281,-0.225018139198873,0.610884413881937,-1.32075103845056,-0.738196074916792,-0.875920295759481,-1.32624543490064,-2.72065829078478,2.04418890116906,-0.452640193700809,0.764904806250385,-1.46489945703659,0.604599449477487,-0.776656339198959,-0.243154673558679,0.381224281706214,-0.0867949930702068,-1.20521567916618,0.0668192771601349,-1.28983535304149,1.97673221667662,-1.12149499699937,0.0253187357149764,0.825238106513827,-1.00755190131605,1.26475067312701,-0.732195974782628,-0.801341041014129,-0.605281056137513,-0.242780382282804,0.3504393195922,1.30178346655886,-0.205282793766852,0.580662342113602,-0.599175353889658,-0.305086791220053,-0.853850567643763,1.13742154073737,0.300442351300274,-0.244438725890355,0.609092882059849,1.50034527010603,-0.199367134077747,-0.114810769236803,-0.409937219725649,0.477415698302144,0.860417728065024,-1.20782027386134,0.886253362129588,-1.13616938796629,-0.80692856098362,-0.912761630277916
1181270.39059621,925607.164421786,NA,NA,NA,NA,NA,NA,NA,NA,NA,NA,NA,NA,NA,NA,NA,NA,NA,NA,NA,NA,NA,NA,NA,NA,NA,NA,NA,NA,NA,NA,NA,NA,NA,NA,NA,NA,NA,NA,NA,NA,NA,NA,NA,NA,NA,NA,NA,NA,NA,NA,NA,NA,NA,NA,NA,NA,NA,NA,NA,NA,NA,NA,NA,NA,NA,NA,NA,NA,NA,NA,NA,NA,NA,NA,NA,NA
1189419.61551094,925607.164421786,-0.569375707622631,-0.98116355307479,0.444291976136726,1.36650149594742,-1.11131004998354,0.216182834074204,-0.418050844300516,0.391536872246169,0.882801303925955,0.784309534653411,-0.662538120704065,-0.353275115861414,1.05693616633281,-0.215609754872872,0.0838292380693408,1.20078622779682,2.62259053541592,0.587891700328115,1.13837769720055,-0.268920208380551,-0.263091568810396,1.71376545249304,0.157443320250874,-0.574663042953154,1.24101382806929,-0.180956787505622,0.640337575028616,-1.3774046180315,-0.796806224035969,-0.896887053931173,-1.3128814973125,-2.82199477197875,2.00908712251537,-0.493583850267295,0.838940901953302,-1.50073086192817,0.480819964566582,-0.75693180057139,-0.233013796199905,0.426400537529195,0.0448187557924029,-1.06258702489783,0.135725162516627,-1.20666867255344,1.87707860730806,-1.10517625604317,-0.168460333607165,0.932961874984055,-1.14093694850703,1.39527261778126,-0.657898483921297,-0.868924204289783,-0.530746992484173,-0.336515905387672,0.400723837445977,1.32237036830713,-0.250957673634236,0.669609169076604,-0.559984169786515,-0.201835949374458,-0.844822673278054,1.18063442214788,0.15712765126162,-0.298347191265509,0.641478968656264,1.35482746145785,-0.143765840026837,-0.240092527729462,-0.518590189766474,0.544833525491569,0.787637606932903,-1.33748206048687,0.918325936581655,-1.18143136380463,-0.922233054142808,-0.692470884649837
1197568.84042568,925607.164421786,NA,NA,NA,NA,NA,NA,NA,NA,NA,NA,NA,NA,NA,NA,NA,NA,NA,NA,NA,NA,NA,NA,NA,NA,NA,NA,NA,NA,NA,NA,NA,NA,NA,NA,NA,NA,NA,NA,NA,NA,NA,NA,NA,NA,NA,NA,NA,NA,NA,NA,NA,NA,NA,NA,NA,NA,NA,NA,NA,NA,NA,NA,NA,NA,NA,NA,NA,NA,NA,NA,NA,NA,NA,NA,NA,NA
1205718.06534041,925607.164421786,NA,NA,NA,NA,NA,NA,NA,NA,NA,NA,NA,NA,NA,NA,NA,NA,NA,NA,NA,NA,NA,NA,NA,NA,NA,NA,NA,NA,NA,NA,NA,NA,NA,NA,NA,NA,NA,NA,NA,NA,NA,NA,NA,NA,NA,NA,NA,NA,NA,NA,NA,NA,NA,NA,NA,NA,NA,NA,NA,NA,NA,NA,NA,NA,NA,NA,NA,NA,NA,NA,NA,NA,NA,NA,NA,NA
1213867.29025514,925607.164421786,NA,NA,NA,NA,NA,NA,NA,NA,NA,NA,NA,NA,NA,NA,NA,NA,NA,NA,NA,NA,NA,NA,NA,NA,NA,NA,NA,NA,NA,NA,NA,NA,NA,NA,NA,NA,NA,NA,NA,NA,NA,NA,NA,NA,NA,NA,NA,NA,NA,NA,NA,NA,NA,NA,NA,NA,NA,NA,NA,NA,NA,NA,NA,NA,NA,NA,NA,NA,NA,NA,NA,NA,NA,NA,NA,NA
1222016.51516988,925607.164421786,NA,NA,NA,NA,NA,NA,NA,NA,NA,NA,NA,NA,NA,NA,NA,NA,NA,NA,NA,NA,NA,NA,NA,NA,NA,NA,NA,NA,NA,NA,NA,NA,NA,NA,NA,NA,NA,NA,NA,NA,NA,NA,NA,NA,NA,NA,NA,NA,NA,NA,NA,NA,NA,NA,NA,NA,NA,NA,NA,NA,NA,NA,NA,NA,NA,NA,NA,NA,NA,NA,NA,NA,NA,NA,NA,NA
879749.068751066,917457.939507052,NA,NA,NA,NA,NA,NA,NA,NA,NA,NA,NA,NA,NA,NA,NA,NA,NA,NA,NA,NA,NA,NA,NA,NA,NA,NA,NA,NA,NA,NA,NA,NA,NA,NA,NA,NA,NA,NA,NA,NA,NA,NA,NA,NA,NA,NA,NA,NA,NA,NA,NA,NA,NA,NA,NA,NA,NA,NA,NA,NA,NA,NA,NA,NA,NA,NA,NA,NA,NA,NA,NA,NA,NA,NA,NA,NA
887898.2936658,917457.939507052,NA,NA,NA,NA,NA,NA,NA,NA,NA,NA,NA,NA,NA,NA,NA,NA,NA,NA,NA,NA,NA,NA,NA,NA,NA,NA,NA,NA,NA,NA,NA,NA,NA,NA,NA,NA,NA,NA,NA,NA,NA,NA,NA,NA,NA,NA,NA,NA,NA,NA,NA,NA,NA,NA,NA,NA,NA,NA,NA,NA,NA,NA,NA,NA,NA,NA,NA,NA,NA,NA,NA,NA,NA,NA,NA,NA
896047.518580533,917457.939507052,NA,NA,NA,NA,NA,NA,NA,NA,NA,NA,NA,NA,NA,NA,NA,NA,NA,NA,NA,NA,NA,NA,NA,NA,NA,NA,NA,NA,NA,NA,NA,NA,NA,NA,NA,NA,NA,NA,NA,NA,NA,NA,NA,NA,NA,NA,NA,NA,NA,NA,NA,NA,NA,NA,NA,NA,NA,NA,NA,NA,NA,NA,NA,NA,NA,NA,NA,NA,NA,NA,NA,NA,NA,NA,NA,NA
904196.743495267,917457.939507052,NA,NA,NA,NA,NA,NA,NA,NA,NA,NA,NA,NA,NA,NA,NA,NA,NA,NA,NA,NA,NA,NA,NA,NA,NA,NA,NA,NA,NA,NA,NA,NA,NA,NA,NA,NA,NA,NA,NA,NA,NA,NA,NA,NA,NA,NA,NA,NA,NA,NA,NA,NA,NA,NA,NA,NA,NA,NA,NA,NA,NA,NA,NA,NA,NA,NA,NA,NA,NA,NA,NA,NA,NA,NA,NA,NA
912345.96841,917457.939507052,-3.04276530204569,-0.920370505360631,0.387728612385152,0.0837495239312934,-0.0946094037288626,-0.158455628260943,-0.989489530650453,-2.77229310555261,0.637228857050629,-0.221669347835385,-0.689863250460131,0.750883924799712,1.62889027394202,-1.18023194825023,0.156674894592945,0.206348185723199,0.543744611396549,0.893459828299082,1.37828863703443,-1.75351949278012,-0.6908443391166,1.38364257193592,0.483687844830498,1.3945450108626,0.428722447033841,0.334064971327376,0.701008296082052,-1.1556333534124,-1.94209728038972,-1.01480670126257,-0.404524743634388,-1.31872738005227,0.834302126394442,0.346233354091013,1.73306566501786,-1.12209749554294,0.572807176431707,0.405769445164468,0.14146298878834,1.7907264999281,1.21124949086172,-0.736232657815599,1.07011292937207,-1.4933547541466,0.528057189235929,-1.66929204640907,1.07306925248109,0.371141352549781,-0.591877908893584,0.0475723192286044,-0.736270121857534,0.0896193000687394,0.0874429169607289,0.474330202340945,0.110591467520662,0.14782173526537,0.626679011080282,1.21271830338023,-0.358805052837779,0.079651093391007,-0.19800855582287,0.887447524749422,1.99960891691678,-1.08722746003265,-0.557197091353555,0.896684940369582,-0.910608849072209,0.317913824220686,-0.466920160307437,0.357128652497325,1.60234451564373,0.551196107951929,0.191987605056172,-1.69223259020237,-1.28642605503741,-0.488774540422504
920495.193324734,917457.939507052,-2.90590092526976,-0.916385755770392,0.326532128598796,0.126666494701315,-0.0608221942000202,-0.178825075135664,-0.957616341806676,-2.68276452344738,0.617142254091957,-0.220515391846108,-0.695628942880021,0.756440836975136,1.63875761446178,-1.17494158037891,0.0983769276493069,0.166154597106472,0.581999156208089,0.874970076982635,1.41996074789921,-1.68753365748598,-0.690221346401752,1.41591881096771,0.523072844787212,1.42732924570742,0.435552290333191,0.32724399761039,0.712543929108135,-1.07633768528109,-1.91233490998193,-0.96410343375383,-0.362956342765918,-1.35797192577313,0.818942476541371,0.318167124446443,1.72667762154619,-1.13522054633241,0.577472660101055,0.410534524359913,0.130294442992646,1.77315516315376,1.19300635948575,-0.753107288981519,1.07479354100389,-1.48021137590464,0.476661365377714,-1.60687878372717,1.18234990729228,0.36339226935513,-0.62453829547952,0.0254646927482129,-0.780657245170267,0.0607314973448074,0.0500205452176131,0.423698482933069,0.0660064710159067,0.182197211500343,0.559802013388803,1.19788783837672,-0.372355404139361,0.0288326251516663,-0.218243327907403,0.872635054885832,1.99522493785431,-1.13398571176063,-0.545073286233704,0.9290225112813,-0.922342857077333,0.336096442268866,-0.467151670515869,0.300065902551819,1.66768749169051,0.537533957740911,0.187929093055588,-1.70553864462309,-1.24860755243062,-0.499337486225266
928644.418239468,917457.939507052,-2.75194211052774,-0.901167952931417,0.259044696737052,0.172635478389243,-0.0169125870628601,-0.19751104326139,-0.927188451874269,-2.56825268026321,0.597838678601527,-0.223152755375404,-0.701086089479486,0.770797775400132,1.64391444475941,-1.16286551645335,0.0428387670965815,0.124084992830911,0.622114455520184,0.854711266761063,1.45359304410637,-1.61539261105361,-0.685577853255884,1.4412510131668,0.56932235129669,1.46104460815339,0.442476398663488,0.328797798523058,0.726473847457872,-0.995038507392773,-1.87703342853217,-0.903968228750418,-0.308845263608629,-1.4161219040828,0.797440323493347,0.291697959312328,1.71464644415625,-1.15800837833563,0.579905452788974,0.412475291316355,0.121120441466411,1.75674364397256,1.17774123258956,-0.772502930874727,1.07743448013837,-1.45795311155284,0.408199650242866,-1.53634860354873,1.29485993768536,0.354036312395254,-0.66611247534108,0.00956096328707548,-0.829573542545351,0.0286108779413682,0.0106504519945085,0.36647534862441,0.00923060701995732,0.217612628967327,0.4922336094005,1.18003781930813,-0.379316420091782,-0.0276931218804529,-0.237889723229951,0.849512632092224,1.99137694118973,-1.18357455797811,-0.531700012201522,0.960703305890564,-0.941567374736265,0.357434015576165,-0.453299676221169,0.228677267422087,1.73217152920329,0.538023736031001,0.173935414732438,-1.7264316113974,-1.21139483718307,-0.510609594676326
936793.643154201,917457.939507052,-2.5984099428308,-0.889907651190976,0.194509437460245,0.21745504064813,0.0225834522686894,-0.214919384825325,-0.894704870623204,-2.45426073235765,0.577227438416422,-0.222360879759962,-0.705764090092926,0.78139245066592,1.6470604488358,-1.15024942417732,-0.013297597453669,0.0860954658581857,0.662231166019592,0.831982397835363,1.48529878868468,-1.54218409303007,-0.680761230801219,1.46484459871815,0.610622831860547,1.49208535922852,0.448753287591363,0.32729438182741,0.738025092355491,-0.915153014800873,-1.83969747980401,-0.846817815173674,-0.256517960762818,-1.47406098811174,0.779115772062452,0.265024131564803,1.69908135433471,-1.17946954136282,0.581885758242126,0.415174262876981,0.11173198574258,1.73802891335044,1.1587877575874,-0.791073077357439,1.07611401451499,-1.43508297979948,0.343687983655797,-1.46778734149393,1.39830299687795,0.347301045340864,-0.704657966940359,-0.0066210244759045,-0.87651591144354,-0.00239758358448256,-0.0279039539173413,0.31142840597709,-0.0448632182329309,0.250867021854054,0.426050139626445,1.16275327730876,-0.386147918226352,-0.0773036017038162,-0.255107823731013,0.829481202835845,1.98433748542671,-1.23035016643051,-0.51745259248564,0.992036176129659,-0.956373821385018,0.378764339340431,-0.443460122994999,0.160045547956671,1.79159617418212,0.538172439619903,0.163514333464254,-1.74477424997979,-1.17544011635776,-0.518179114144732
944942.868068935,917457.939507052,-2.45339670095702,-0.893616717047501,0.143003724867429,0.25733734929853,0.0498342753208678,-0.231246138411053,-0.861883991703095,-2.35400200777164,0.553240691256416,-0.21219035200055,-0.712104795694861,0.78178437960613,1.64999864904067,-1.140110490631,-0.0672716781602791,0.0608764933336229,0.704056089016569,0.803368495808898,1.51759489295471,-1.47252352058976,-0.678749426042407,1.48718847655007,0.63853109710163,1.5220111645623,0.453240324833632,0.318510679403416,0.744869413187799,-0.844941573874459,-1.80387773414508,-0.804890942084868,-0.211316350116769,-1.52456622096243,0.772634392528234,0.239462345851463,1.67936593274244,-1.20001277490624,0.583253249642699,0.419144241720604,0.100103089683188,1.71794926735767,1.13166925093003,-0.809999389275498,1.06488602404491,-1.4157714985232,0.294471800408241,-1.41231704646054,1.49003407677161,0.348097733996403,-0.731587121245559,-0.0239466285607719,-0.916288113699238,-0.0327197084319778,-0.0630547638270277,0.268256336381177,-0.0871765908665851,0.278545033963244,0.366551835230966,1.15117913537571,-0.393868284893791,-0.102197870656792,-0.264335291884856,0.820777185032689,1.9739870147195,-1.26290335356582,-0.503066871425707,1.02660778384818,-0.961348629702818,0.399797319615639,-0.447902008805644,0.102946982372457,1.83896580718604,0.511316295695117,0.164365758586901,-1.75137784399794,-1.15222292515608,-0.518416973041799
953092.092983668,917457.939507052,-2.30461623005127,-0.923614739755442,0.103181977728552,0.295593094748022,0.0618984689541653,-0.248300087627256,-0.824174119443915,-2.26242366922917,0.519816753347563,-0.189838168566067,-0.721532091689134,0.767804709895953,1.65533257036408,-1.13382685702615,-0.130001746358008,0.0503947376443995,0.753360452849074,0.761072663957157,1.5577327173869,-1.40117761197035,-0.68269315018476,1.51320721363869,0.652210273549191,1.5557952490252,0.455843790979824,0.295011017649776,0.745386720868119,-0.77870295217552,-1.76686272402918,-0.779529589943448,-0.172050230196011,-1.56904132657249,0.782344571218743,0.210432027731277,1.65176475965257,-1.22127915470624,0.583955882493216,0.426074175220123,0.0831131586732754,1.69473742693804,1.08875036029985,-0.831954288213289,1.03794928900909,-1.40072495739418,0.261179574333853,-1.36987797678612,1.58028728319078,0.35959343679476,-0.746379752984173,-0.0479783244020307,-0.951020773588287,-0.064240297411927,-0.0988694931120566,0.234494811165531,-0.118928655072968,0.301293859040015,0.307968731538116,1.14584103823445,-0.405974633849133,-0.0946512446119004,-0.264798905710369,0.827562462973928,1.95906748838374,-1.28034275991913,-0.487906105978241,1.07103128952644,-0.951928445992162,0.423769363040791,-0.478821966108427,0.0562955871264787,1.8836456130359,0.447984987898813,0.185353724834838,-1.73704555693472,-1.14085524380102,-0.504498945534895
961241.317898402,917457.939507052,-2.13235414919622,-0.964600327862318,0.0615328913498446,0.340059948333994,0.0721299554975915,-0.267225758607018,-0.777434755639745,-2.15539992603801,0.47889344527562,-0.157890466377415,-0.731907257740843,0.747149088256657,1.66005629885813,-1.12461379224134,-0.203130057934337,0.0440560461134671,0.812258745166447,0.708460098763587,1.60367503750402,-1.31467442151965,-0.686385174225941,1.54225208186436,0.663743889526889,1.59371711171324,0.458494428930625,0.265053496725513,0.744303252529911,-0.701958370977205,-1.71989387110857,-0.752951665110299,-0.126522287634103,-1.61837825167745,0.798157959504218,0.176226640361331,1.61587922685005,-1.24435437787532,0.584673472192624,0.435018144462636,0.0625125058538105,1.66499393500648,1.03369178452187,-0.856786504950572,1.0016684524217,-1.38152223028332,0.227814545927235,-1.32174999480469,1.68041306454865,0.376624063364031,-0.757320047491043,-0.0758812465595192,-0.987653370467162,-0.101486906956843,-0.139605558249542,0.199564449270907,-0.1511053450559,0.326756784917152,0.240205517198579,1.14138820383766,-0.419376528246194,-0.0746982876276092,-0.260845533888871,0.839761411515656,1.9385854890039,-1.29184459572386,-0.46805519199149,1.12384229036925,-0.93431465068625,0.452319030193585,-0.519861311791387,0.00511618159051984,1.92449964303848,0.353961958005813,0.205348817776237,-1.72014623236177,-1.1342783092934,-0.493458356150174
969390.542813136,917457.939507052,-1.96101418326743,-1.006498096542,0.0225756618256273,0.38670829775683,0.0755161302133627,-0.278855970154013,-0.728156424055061,-2.03921942388455,0.440755094933488,-0.119391343771145,-0.743074706138601,0.7248308386694,1.6659560568851,-1.11301914389695,-0.271738001975917,0.0431811024079641,0.87638235254133,0.658988660690869,1.64267326195168,-1.22858811298216,-0.684953447632058,1.56579432357338,0.67584699414671,1.62563190301878,0.464660173327787,0.235246656805083,0.744758021854458,-0.628006365889587,-1.66312924924345,-0.724220402941814,-0.0894778675457911,-1.66611662667405,0.821236856182025,0.136185065924849,1.57905885640137,-1.26375072385308,0.586237653361025,0.440528280784101,0.0413393019083896,1.6330161748056,0.973356398309359,-0.88347159851372,0.964309457345871,-1.3648160953611,0.202824354422167,-1.27799093060413,1.76597538304293,0.391921190074556,-0.771397158974306,-0.096222119333193,-1.02157292827014,-0.137677198310682,-0.180612917257019,0.163678390227527,-0.186111182844965,0.352820434270327,0.171555726533571,1.13571860840573,-0.432577023514948,-0.0635835769835366,-0.266385011739223,0.851719328038908,1.91004349792534,-1.29729662224678,-0.44523557021832,1.17670911204802,-0.913445913501169,0.479683119439289,-0.556650275062072,-0.0406382326352175,1.96219910959988,0.261621937288109,0.218383114033365,-1.70285388915244,-1.12029642240009,-0.486784885472316
977539.767727869,917457.939507052,-1.819366767881,-1.0493132061922,0.00138179569031864,0.432766407899623,0.0516158251579749,-0.271233754728857,-0.686236626835342,-1.92987184880965,0.418934069141,-0.0698496504480764,-0.76088617547363,0.701617205060317,1.68305763610653,-1.09967827923085,-0.304803647330947,0.0580287674691381,0.950941377404006,0.63204879997849,1.66546567429377,-1.16119640045215,-0.672168172556765,1.57561190308374,0.689467021360393,1.6421327654997,0.478348304593855,0.21232751534939,0.75050219101106,-0.577474622066293,-1.60042167002239,-0.702220506838716,-0.0858751104830362,-1.70301908585236,0.865070688056542,0.0815466997123369,1.55021976962136,-1.27213169380362,0.59011535350631,0.433617900077424,0.0181725095526106,1.60508174302271,0.909958569927784,-0.914761100453283,0.930876032061594,-1.37026389221005,0.206167427029855,-1.26783026228844,1.81278460981262,0.400146984911536,-0.797358093732595,-0.0914034712418688,-1.04113903399649,-0.166134263643326,-0.214826818324279,0.133869981239647,-0.22309663559854,0.375181661791692,0.111451525843273,1.13295044115463,-0.447422979829548,-0.0815556563673084,-0.299515529646879,0.864635920927911,1.86960491656055,-1.285104344222,-0.421942802032368,1.22934592778052,-0.895231918215674,0.500100745585411,-0.576239145626905,-0.0620115523669611,1.99075106314553,0.179734798374883,0.217062795812244,-1.6896348867088,-1.10763173298117,-0.481103873633518
985688.992642603,917457.939507052,-1.67545128496759,-1.09901164205609,-0.0138115403846209,0.483923696753073,0.00774605908749206,-0.250449959786292,-0.641778444555097,-1.80939635808641,0.40205635142619,-0.00889460334021793,-0.78452370987404,0.673659870886331,1.70789381055385,-1.08373183626692,-0.325095050544141,0.0832946680022083,1.0394470393104,0.612049761981698,1.68075579606937,-1.09585763478093,-0.651561732414236,1.57743214988781,0.705700524928006,1.65085615171082,0.498575118528882,0.187941532631928,0.759352516453344,-0.532297499506466,-1.523851527093,-0.679859024148275,-0.102855077524704,-1.73680908676745,0.926081499553727,0.0084793762328549,1.52007906794666,-1.27480298073977,0.595320486125812,0.417920986490874,-0.00991475000324365,1.57403754415333,0.832559008131846,-0.953966957120485,0.8933374057407,-1.38821687943065,0.225940607231496,-1.27408949315347,1.8424578461887,0.404282533605481,-0.835831674219995,-0.0721281283938936,-1.05589028293821,-0.194177524504678,-0.251598333242659,0.100931493060392,-0.269141795771669,0.398179571922431,0.0461589043052245,1.12911111862231,-0.465729728524875,-0.121269325641801,-0.357721152649226,0.87874768375873,1.81315105749373,-1.26196759945497,-0.394863543251585,1.28784860708873,-0.87494508615199,0.518700059336603,-0.589631248380319,-0.0715752961008411,2.02703599394588,0.108024841290518,0.220630863182026,-1.66600618176459,-1.09733953320211,-0.459794652480638
993838.217557336,917457.939507052,-1.50546944679807,-1.16047991043936,-0.0312685202689813,0.547124989901093,-0.0491610274842868,-0.222078979497024,-0.588188734918175,-1.6630814319483,0.380985132398195,0.0658843896310986,-0.812817680243154,0.636915072376633,1.73533450798916,-1.06013984786371,-0.345981404704282,0.116086856028139,1.14702851237987,0.587762786727903,1.69411423472597,-1.01518053082365,-0.624430749638783,1.57869703270981,0.724605867025042,1.65621519658926,0.525922470226531,0.157732212483398,0.768989649741569,-0.478345642872966,-1.42669187252667,-0.651661171137106,-0.125183655745499,-1.77859020200605,1.00153129783278,-0.0852863058471295,1.48092827702582,-1.27453348297666,0.601081848146712,0.396403170455638,-0.0450020276444086,1.5332385670921,0.733105603049272,-1.0024950258939,0.845452898800166,-1.41058456797958,0.255319014552712,-1.28232135478166,1.87254198989153,0.409582801701267,-0.884511258878109,-0.0446231813728342,-1.07085311871502,-0.2290933514078,-0.295257769594382,0.0599971078746172,-0.326426634987574,0.425964198773223,-0.0356283009203292,1.12359644616831,-0.487415867806161,-0.169836609879479,-0.433895905104779,0.895834728601499,1.73922591608959,-1.22774843246747,-0.358814037358788,1.35718592213966,-0.847798821157635,0.540045492699965,-0.602619288040045,-0.0819892853031,2.06687731761909,0.0184769792201444,0.228264030159742,-1.63174447560829,-1.09191581189834,-0.426778058434215
1001987.44247207,917457.939507052,-1.35910818519604,-1.21426906604311,-0.0512734842220391,0.608240709301645,-0.100244270457323,-0.192627579031416,-0.549745602083688,-1.52598606569129,0.354846610524277,0.123499676440878,-0.834425758040523,0.597943600832135,1.75286396727863,-1.02962358152488,-0.36166621076339,0.144215853276343,1.2522071614442,0.562277740076705,1.6957159756607,-0.948014761073436,-0.608957962889848,1.59869855993032,0.734367262271788,1.64657012022097,0.564057448208182,0.122526381804914,0.761993413694789,-0.440459647066449,-1.33078102626388,-0.636741899632064,-0.146828316614906,-1.831515924731,1.07964534721894,-0.167029085859747,1.43820993648223,-1.27450519639578,0.607247208434787,0.367014174225942,-0.0811054212247498,1.49309666439743,0.634613278232223,-1.05693808380841,0.803621929190216,-1.43784861291226,0.30905389406264,-1.29415771059711,1.88925384950476,0.419674754588692,-0.928381980698777,-0.0117946047678207,-1.08673559045104,-0.263765242330476,-0.324077920731534,0.0231698417007462,-0.37352568698759,0.452948789768691,-0.108191963622344,1.11854687806518,-0.505985962287194,-0.196691209527091,-0.498048676201386,0.910326053122998,1.67206613468644,-1.18796136593754,-0.316170600920257,1.41804333159898,-0.825102450756362,0.556210683557964,-0.609323038607597,-0.0955743221291863,2.09803051644473,-0.0683172681894008,0.239108701969232,-1.59144748655829,-1.08316168106093,-0.391160118736259
1010136.6673868,917457.939507052,-1.26754391190348,-1.24559084907938,-0.0702081639414956,0.658880301257212,-0.133372247613082,-0.166656178444251,-0.544915502114735,-1.42539865355459,0.324944803104582,0.147988956563348,-0.843364297733721,0.560744376669397,1.75402238599324,-0.994590852016355,-0.36428482206242,0.161716209477002,1.34379894198697,0.540563482156,1.6771980696826,-0.913997761615925,-0.613998480453591,1.64613539937225,0.730600317219099,1.61479326139566,0.616500579286539,0.0862574799563644,0.733698500295497,-0.437367106931483,-1.2552143860213,-0.645468690716523,-0.163533498867082,-1.89648984430564,1.15234284747513,-0.212752594670952,1.40240164411846,-1.27491619786487,0.612212079167476,0.330111720919937,-0.111862572848978,1.46358526740716,0.559235192080347,-1.10853993115916,0.779021600976731,-1.47241960748735,0.392686692265642,-1.3131559892836,1.88317994259092,0.436571084444058,-0.960291574423626,0.025147981629313,-1.10101868693637,-0.293302255795922,-0.322866375845446,-0.000989781136314889,-0.39596561386192,0.472455121754838,-0.150969857549615,1.11741082134627,-0.517292872698599,-0.182092981199573,-0.535075608135653,0.921614778316684,1.62940495246427,-1.14752307749263,-0.271475906517732,1.45908618344622,-0.815788636983059,0.561118461224872,-0.603742845743996,-0.111975697222879,2.10886103375944,-0.139784094956321,0.24838990202953,-1.55572925938409,-1.07716269328845,-0.362949061099637
1018285.89230154,917457.939507052,-1.18338637156831,-1.26987624203078,-0.0915061025571561,0.71171743431582,-0.163157729416751,-0.137943957702385,-0.551185135222781,-1.3250118983903,0.288706221236969,0.162602356800794,-0.846546561563414,0.518514554734173,1.74742005111757,-0.951914657119592,-0.361769589474903,0.177351747956991,1.44051278445507,0.516405699505494,1.64694586532645,-0.886654034381206,-0.627702987867764,1.70981547521308,0.719999297955194,1.56741920798293,0.680764310115671,0.0436445217282358,0.690696520467345,-0.446050448753444,-1.17633714594403,-0.664605687553535,-0.180275168731165,-1.97431408761763,1.23189635480992,-0.249355893631974,1.3614628255531,-1.27442834395538,0.617712783321845,0.28437026332033,-0.144915016922033,1.43235433622421,0.480304588086126,-1.16645453588067,0.757447821889032,-1.51266318931646,0.497756202774279,-1.33552281930899,1.86557173574872,0.458564372028988,-0.989453727351543,0.0687482502323825,-1.11562209806245,-0.324338495192638,-0.308501501552009,-0.0230476893791873,-0.410517957724629,0.492215653475678,-0.18720675223246,1.11656459706953,-0.526123001952857,-0.147768351447424,-0.564261806839869,0.932211727182494,1.58855300230623,-1.10001692447219,-0.219131897862646,1.49704227511205,-0.808635346233854,0.562177013652445,-0.59154281400247,-0.131530222457729,2.11234162355604,-0.216343460041406,0.260226764964408,-1.51714156667769,-1.07030471278368,-0.33569514722392
1026435.11721627,917457.939507052,-1.07724499595775,-1.29330923487703,-0.118641123715579,0.777707439198382,-0.201904309733484,-0.0973475581752266,-0.55434256702449,-1.19424447063164,0.245422341985809,0.185364801804989,-0.849426212906488,0.463088111799223,1.73464314520538,-0.892299265523776,-0.355119228074504,0.199962428576257,1.5608977265743,0.486470601503647,1.60459608822818,-0.84973081184216,-0.641415893191747,1.78586384629217,0.705650634064157,1.49771006217617,0.761845702802889,-0.0101225464894268,0.634503612825392,-0.459668882055884,-1.07626773310926,-0.686626576796018,-0.203517220232874,-2.07574818665473,1.3294394431734,-0.294533633738916,1.30346945755138,-1.27123228785738,0.625369640354363,0.223441754836432,-0.185738829168272,1.38857355931409,0.378650323333167,-1.23895787460429,0.728430354314717,-1.55990341532653,0.627302386481471,-1.35844600909338,1.83440974824654,0.487793321078662,-1.02022515766546,0.130018227962119,-1.13055555312473,-0.363149800755731,-0.290691405409375,-0.0501852060931329,-0.424670832203592,0.518341946883307,-0.229037215989074,1.11206930577796,-0.535360604274976,-0.107090076972737,-0.5992504479877,0.943438229121127,1.53007459881157,-1.03361104017859,-0.149707089568662,1.54091259331896,-0.794256942472119,0.560221394761515,-0.570046183082232,-0.152127146738929,2.11018680039716,-0.321633222642881,0.275483086039447,-1.46696403502254,-1.06206204961744,-0.309085252273597
1034584.342131,917457.939507052,-0.997084552945059,-1.29661690011302,-0.148028257128198,0.832743560201479,-0.247535123814159,-0.0507587724801205,-0.538642163810885,-1.05578831586091,0.234376529399547,0.232673762067581,-0.87118237816704,0.412011442649202,1.72419996646369,-0.829496554915287,-0.341150392267377,0.228693217323583,1.68499965795132,0.469634000199329,1.57474187914461,-0.828539846828027,-0.647675237597982,1.84535826607969,0.695254587835227,1.40457053892224,0.839707958870818,-0.0548525703176161,0.592594645568992,-0.501722865928914,-1.00259766126412,-0.711614775637357,-0.245908790694237,-2.18657628267562,1.4148600189774,-0.33247480997345,1.23842515774398,-1.28953463418069,0.646045477196706,0.163389969348993,-0.22118879705983,1.34640603942627,0.302790166850604,-1.31318229508324,0.702673733057052,-1.61334655823946,0.73730879535922,-1.37011556091321,1.7816426170203,0.524222810056053,-1.02653915848722,0.215705691890506,-1.15077179496908,-0.402873136549969,-0.293915387797914,-0.0717256301623842,-0.421460067423626,0.548330206589214,-0.24293348607097,1.09730779473036,-0.545792715191972,-0.100163150168051,-0.629432372010974,0.945657845437699,1.4627040466965,-0.957806938029512,-0.0806617288511573,1.57269515598935,-0.766738092428449,0.541862836169427,-0.527699450015867,-0.146722103665138,2.09516750470695,-0.428325841752646,0.276013807662392,-1.41649094756317,-1.05876327380187,-0.315746955203657
1042733.56704574,917457.939507052,-0.950370600681333,-1.28491102756202,-0.177400013765192,0.871556996117172,-0.293376156070984,-0.00555943243591673,-0.512584656198537,-0.935670468073963,0.250362133240791,0.291273748138186,-0.907314694676714,0.372425261297039,1.71725726215022,-0.775844261343043,-0.324759754412507,0.258246682344702,1.79452122273037,0.466450441390754,1.56026537875406,-0.823919219573085,-0.648779341066366,1.8844502828326,0.689113164893658,1.30382766047944,0.902883294976485,-0.0847462944944722,0.568436240586441,-0.564238767378476,-0.960416445174851,-0.73712278188517,-0.299747722874664,-2.29463538259546,1.47820558774376,-0.359935229659696,1.17781305403058,-1.32420785382365,0.673277256026412,0.111113073786401,-0.246983648621246,1.31179802595867,0.2613480318362,-1.37829433285377,0.682519263889393,-1.66385125959734,0.815034744092154,-1.37361363441838,1.71744575384808,0.560802313089073,-1.01486342665389,0.308258936425764,-1.17447224522245,-0.437900826769766,-0.315652227658942,-0.088113699600637,-0.405897338294669,0.578120590291797,-0.232850117188421,1.0765005168169,-0.558198434280102,-0.122672065537013,-0.652465970658049,0.940128504226114,1.39780551104042,-0.88906476705532,-0.0218240650628973,1.59074300310426,-0.736023860747811,0.5102969217753,-0.478008534845917,-0.122466227315683,2.07675562300767,-0.509402649182565,0.272658268199968,-1.35215554444643,-1.0521841025135,-0.338560619950336
1050882.79196047,917457.939507052,-0.905905476444151,-1.2675592510028,-0.207932762032543,0.910163659404163,-0.343542568416205,0.0431611776599932,-0.481663788280856,-0.813909558219254,0.274113151355509,0.355987767784278,-0.947641595963242,0.331083516092442,1.7088140378551,-0.719706693493118,-0.305366183473959,0.290563345085991,1.90869581128886,0.465107265324347,1.5457687455474,-0.821180416016369,-0.647145768599147,1.92164288365029,0.683172936617146,1.18687727776912,0.968626630570255,-0.113576475100879,0.546195456129389,-0.636786519072799,-0.921619969582574,-0.763318119492341,-0.361783776867064,-2.40872943257012,1.54185445272033,-0.38620335590771,1.1094661069284,-1.36339215400543,0.704010065333354,0.0554676482789995,-0.272462180934536,1.27417063014298,0.224016540260236,-1.44512041605107,0.661065813020045,-1.71492146096948,0.89316026414575,-1.37373170461523,1.64124696030909,0.60008950634944,-0.996790620267058,0.407733294781808,-1.1985232201626,-0.474611793550565,-0.342491825099236,-0.103544115171892,-0.385077261471408,0.610180090273929,-0.215702707919967,1.05152818032477,-0.57028014264468,-0.154256864669189,-0.674976754915004,0.932327100296086,1.3247492510273,-0.816576478108723,0.0395155770364136,1.60627016203615,-0.701161975295963,0.472692339147465,-0.422653181892498,-0.091413708216191,2.04865542955716,-0.593518269891232,0.265288872630837,-1.27702428055088,-1.04083316376448,-0.369840627512363
1059032.01687521,917457.939507052,-0.855143305560153,-1.24647548210297,-0.237348366092634,0.954523437052668,-0.398095781647555,0.0968842082668973,-0.443011303075798,-0.686857972184731,0.301484557395303,0.424444200019371,-0.987645741402636,0.284255025258269,1.69312608440409,-0.666763226451485,-0.281215968520529,0.32463320010806,2.03463344519853,0.462341061757501,1.526614082673,-0.809557731068297,-0.641503480767309,1.96168926574511,0.670530965587867,1.04483334609005,1.03641710146942,-0.144237003700902,0.524613649297597,-0.715477606768969,-0.882903276378702,-0.792558150878294,-0.435105394278748,-2.52016129634667,1.6093826430622,-0.413844898133208,1.03330061724981,-1.40336169516739,0.737500290834375,-0.00743369871202021,-0.303347655505593,1.22535435759861,0.180235260086976,-1.51546574942723,0.63043717682487,-1.76290861459349,0.979784312025189,-1.36898601666476,1.55212338320155,0.642691100453191,-0.973057107563669,0.511476465302931,-1.22177547976311,-0.514050987007191,-0.377708514940192,-0.118722279142247,-0.361223529186652,0.649553188418072,-0.195638826039863,1.02100371146224,-0.580158282452131,-0.1894746534177,-0.699948956547375,0.922560093492945,1.24054085249404,-0.737196487943056,0.103318618193607,1.62285835758935,-0.660726674671802,0.429816828673306,-0.358620192045996,-0.0539601195847866,2.0137436553037,-0.685516912448561,0.264130413060182,-1.19943170000269,-1.02135768200359,-0.406094114782924
1067181.24178994,917457.939507052,-0.801478284775933,-1.22597873266069,-0.2429128530047,1.00257461341765,-0.441938683168003,0.143586175493575,-0.389571961461277,-0.582125447394229,0.333574525725202,0.475456143446083,-1.00797799615846,0.239244401395979,1.66031923186892,-0.66404441399995,-0.252106689944078,0.34789952424803,2.16064589070669,0.454631209242255,1.50446418020186,-0.767067850074582,-0.62243678860679,2.00128759984527,0.632793735211395,0.891793148210361,1.07601890865658,-0.168497579440179,0.525817255625093,-0.772984664177653,-0.871340076426966,-0.826097672310878,-0.521557296951539,-2.55078437406324,1.66236434095279,-0.435833883187622,0.979977415799994,-1.431820743229,0.767798540367602,-0.069487331523785,-0.345137753981757,1.15609675462323,0.131159913861673,-1.56699725206644,0.57453496880398,-1.77589647507074,1.0633496548364,-1.35066810494399,1.47502263274706,0.678444580053849,-0.939332133612994,0.586078116965736,-1.23534288658049,-0.547318233746843,-0.438914331809667,-0.12568739680984,-0.341043008575447,0.706057016712498,-0.176688334611021,0.988337571322327,-0.578136163293819,-0.225399962505281,-0.725160243466311,0.913761494918286,1.16896423598299,-0.664361352743549,0.140426789803719,1.64307938591876,-0.620431927491962,0.38998887492498,-0.287962164361042,-0.0102106863959748,1.97653137163569,-0.762767429613426,0.291690501906325,-1.15451960225083,-0.981642078216856,-0.455299729199093
1075330.46670467,917457.939507052,-0.747639648711472,-1.20549634533832,-0.235161622310206,1.05213072870737,-0.479151344181625,0.185931082282202,-0.330615689372723,-0.491506352105262,0.366682956180865,0.51547162753351,-1.01617983160721,0.196378595436386,1.61686402907391,-0.685802796044712,-0.220020315697131,0.364524894734824,2.28229583329816,0.443562882111128,1.4800221241282,-0.709691048426005,-0.596761354750478,2.03939414945204,0.58148726562109,0.730283810589674,1.10138626277185,-0.1880752584505,0.538295908492315,-0.817437249561201,-0.873316824502789,-0.86061310033309,-0.614530940496733,-2.53555761879358,1.70657997398611,-0.453644842936372,0.939260756831044,-1.45312837389165,0.795167331983376,-0.128647596182498,-0.392620618765468,1.07598493811806,0.0795097836101137,-1.60586637606017,0.504080854105052,-1.76878432049787,1.14398096140233,-1.32582858603813,1.40386794410134,0.709248834917994,-0.901463790214537,0.643475642297849,-1.24246739707236,-0.576184167144338,-0.513636815292321,-0.127883257329981,-0.322465004493788,0.769555181788219,-0.15821760740852,0.954195599108321,-0.569311050607892,-0.260849950249295,-0.75087840694731,0.905462263816392,1.10472030024757,-0.596098232487285,0.164351727094218,1.6642113464569,-0.579978484060852,0.352491211693897,-0.216024158706145,0.0365351999897107,1.93686719417616,-0.830474358533709,0.333712569938978,-1.12556672360683,-0.933570949694799,-0.509822848581858
1083479.69161941,917457.939507052,-0.692683706510104,-1.18224118924056,-0.223320482415064,1.0992270826292,-0.513038953375307,0.227409522251494,-0.272090355501979,-0.403644981708145,0.401536885236005,0.55414212212455,-1.02101987766602,0.15227055294593,1.56903526260854,-0.708292768626542,-0.186562159409467,0.382212722488672,2.39730871171508,0.432518247912749,1.45185669117592,-0.649739640036341,-0.5683515013857,2.07172396365778,0.526538557493295,0.559856893636103,1.12277900115881,-0.205840777828015,0.551304735381623,-0.858419723208722,-0.871905618181284,-0.891086353200721,-0.707922574865006,-2.51256733403586,1.74692276802972,-0.469200043618639,0.896575463874527,-1.46941224219143,0.820383858346002,-0.188929696701705,-0.437347601377429,0.990490762088967,0.0277106752014641,-1.63817041708591,0.431665031118778,-1.7530684564167,1.22332166486993,-1.29762815273188,1.32825111586333,0.737955102074057,-0.862194391002159,0.69875866656905,-1.24370713026483,-0.603083714915069,-0.587180123866792,-0.127830133348574,-0.302399513814406,0.83175017754766,-0.138814711145343,0.917937728301303,-0.558508170710647,-0.295835721486409,-0.773249079278081,0.896276200577482,1.03684952103094,-0.528965685502833,0.187213999107234,1.68140305140015,-0.539268988238929,0.313880715454748,-0.145545197280905,0.0820249620005222,1.89052233977168,-0.890983205205409,0.376724346931914,-1.09359774112294,-0.886797533630004,-0.561067479277203
1091628.91653414,917457.939507052,-0.642886133002108,-1.16237984788052,-0.20185489797435,1.13978747606338,-0.539936853972294,0.263709327120677,-0.22134707393039,-0.322637698490351,0.447009058354727,0.591483878074566,-1.0266843846285,0.107063674546609,1.52112708620904,-0.733202350489203,-0.148771194383187,0.406399152098018,2.50150512832566,0.426343084117059,1.41996565128084,-0.587401605664805,-0.540446663542376,2.09179052632158,0.464787995359892,0.391379825498337,1.14241112401205,-0.217900466367625,0.563854824817841,-0.901404256599028,-0.860445064121826,-0.913054849986004,-0.796648652277899,-2.48243374269599,1.78761955957491,-0.481334935224379,0.851384539580021,-1.48415266157493,0.840399852712434,-0.252157505671332,-0.469723392295969,0.90386109638471,-0.0228741623416394,-1.65971093330514,0.365105784265505,-1.72496736599916,1.31600487066861,-1.27304495493252,1.24438577226379,0.760901081972692,-0.83380908282654,0.749721009878979,-1.2351122582452,-0.629124375314607,-0.652858238708873,-0.125834215294861,-0.281318792367722,0.89135293551295,-0.118790494705188,0.877922077037346,-0.553789375099374,-0.335374541468175,-0.791762574035627,0.890112343280149,0.963802284609665,-0.471520289173551,0.210826889715114,1.69123138895731,-0.501617514989427,0.26990836283919,-0.0818377930070344,0.116473931165524,1.83380477435083,-0.92718819525896,0.426912434332546,-1.06072735678224,-0.851598387122021,-0.601896297676931
1099778.14144887,917457.939507052,-0.602222435611735,-1.15311925911786,-0.156818985582529,1.16732017855911,-0.548798632185406,0.290548439849102,-0.185495933212319,-0.252218907759857,0.518222071461104,0.62940910415381,-1.04108762536641,0.0607918462354828,1.48066771228574,-0.769496595047774,-0.100686531720947,0.444340638291453,2.59005562042821,0.432405154601908,1.38458806498361,-0.517139541972747,-0.512747791725474,2.08777297729945,0.389249086023607,0.2481821084608,1.15842821686847,-0.212481524289105,0.576510388848809,-0.949633988639899,-0.824499775498253,-0.91647693876596,-0.869589575701384,-2.44620204001818,1.83212568358738,-0.48688996757531,0.804179840190449,-1.50111844677155,0.847975643211506,-0.3224497655525,-0.472967699153773,0.821604887117103,-0.070440254945183,-1.66014309793772,0.314750874138042,-1.66682851750363,1.44867896334936,-1.25744302989109,1.14984810577203,0.771711234753962,-0.832666459887641,0.795305855170679,-1.20682711104463,-0.655268710381438,-0.698593357018216,-0.116823670640746,-0.2534859652278,0.947202554344114,-0.0974777628255775,0.831456349894894,-0.565945346369621,-0.388017019812318,-0.802418523279718,0.897555546351135,0.880708391697812,-0.437188469680067,0.23670120019781,1.69080068028859,-0.46969347838941,0.213475898085312,-0.0312277347232597,0.128875911034994,1.7437395658728,-0.945109309153033,0.483394497952986,-1.05913378887097,-0.811008266834369,-0.66797315367389
1107927.36636361,917457.939507052,NA,NA,NA,NA,NA,NA,NA,NA,NA,NA,NA,NA,NA,NA,NA,NA,NA,NA,NA,NA,NA,NA,NA,NA,NA,NA,NA,NA,NA,NA,NA,NA,NA,NA,NA,NA,NA,NA,NA,NA,NA,NA,NA,NA,NA,NA,NA,NA,NA,NA,NA,NA,NA,NA,NA,NA,NA,NA,NA,NA,NA,NA,NA,NA,NA,NA,NA,NA,NA,NA,NA,NA,NA,NA,NA,NA
1116076.59127834,917457.939507052,NA,NA,NA,NA,NA,NA,NA,NA,NA,NA,NA,NA,NA,NA,NA,NA,NA,NA,NA,NA,NA,NA,NA,NA,NA,NA,NA,NA,NA,NA,NA,NA,NA,NA,NA,NA,NA,NA,NA,NA,NA,NA,NA,NA,NA,NA,NA,NA,NA,NA,NA,NA,NA,NA,NA,NA,NA,NA,NA,NA,NA,NA,NA,NA,NA,NA,NA,NA,NA,NA,NA,NA,NA,NA,NA,NA
1124225.81619307,917457.939507052,NA,NA,NA,NA,NA,NA,NA,NA,NA,NA,NA,NA,NA,NA,NA,NA,NA,NA,NA,NA,NA,NA,NA,NA,NA,NA,NA,NA,NA,NA,NA,NA,NA,NA,NA,NA,NA,NA,NA,NA,NA,NA,NA,NA,NA,NA,NA,NA,NA,NA,NA,NA,NA,NA,NA,NA,NA,NA,NA,NA,NA,NA,NA,NA,NA,NA,NA,NA,NA,NA,NA,NA,NA,NA,NA,NA
1132375.04110781,917457.939507052,NA,NA,NA,NA,NA,NA,NA,NA,NA,NA,NA,NA,NA,NA,NA,NA,NA,NA,NA,NA,NA,NA,NA,NA,NA,NA,NA,NA,NA,NA,NA,NA,NA,NA,NA,NA,NA,NA,NA,NA,NA,NA,NA,NA,NA,NA,NA,NA,NA,NA,NA,NA,NA,NA,NA,NA,NA,NA,NA,NA,NA,NA,NA,NA,NA,NA,NA,NA,NA,NA,NA,NA,NA,NA,NA,NA
1140524.26602254,917457.939507052,NA,NA,NA,NA,NA,NA,NA,NA,NA,NA,NA,NA,NA,NA,NA,NA,NA,NA,NA,NA,NA,NA,NA,NA,NA,NA,NA,NA,NA,NA,NA,NA,NA,NA,NA,NA,NA,NA,NA,NA,NA,NA,NA,NA,NA,NA,NA,NA,NA,NA,NA,NA,NA,NA,NA,NA,NA,NA,NA,NA,NA,NA,NA,NA,NA,NA,NA,NA,NA,NA,NA,NA,NA,NA,NA,NA
1148673.49093727,917457.939507052,NA,NA,NA,NA,NA,NA,NA,NA,NA,NA,NA,NA,NA,NA,NA,NA,NA,NA,NA,NA,NA,NA,NA,NA,NA,NA,NA,NA,NA,NA,NA,NA,NA,NA,NA,NA,NA,NA,NA,NA,NA,NA,NA,NA,NA,NA,NA,NA,NA,NA,NA,NA,NA,NA,NA,NA,NA,NA,NA,NA,NA,NA,NA,NA,NA,NA,NA,NA,NA,NA,NA,NA,NA,NA,NA,NA
1156822.71585201,917457.939507052,NA,NA,NA,NA,NA,NA,NA,NA,NA,NA,NA,NA,NA,NA,NA,NA,NA,NA,NA,NA,NA,NA,NA,NA,NA,NA,NA,NA,NA,NA,NA,NA,NA,NA,NA,NA,NA,NA,NA,NA,NA,NA,NA,NA,NA,NA,NA,NA,NA,NA,NA,NA,NA,NA,NA,NA,NA,NA,NA,NA,NA,NA,NA,NA,NA,NA,NA,NA,NA,NA,NA,NA,NA,NA,NA,NA
1164971.94076674,917457.939507052,NA,NA,NA,NA,NA,NA,NA,NA,NA,NA,NA,NA,NA,NA,NA,NA,NA,NA,NA,NA,NA,NA,NA,NA,NA,NA,NA,NA,NA,NA,NA,NA,NA,NA,NA,NA,NA,NA,NA,NA,NA,NA,NA,NA,NA,NA,NA,NA,NA,NA,NA,NA,NA,NA,NA,NA,NA,NA,NA,NA,NA,NA,NA,NA,NA,NA,NA,NA,NA,NA,NA,NA,NA,NA,NA,NA
1173121.16568148,917457.939507052,NA,NA,NA,NA,NA,NA,NA,NA,NA,NA,NA,NA,NA,NA,NA,NA,NA,NA,NA,NA,NA,NA,NA,NA,NA,NA,NA,NA,NA,NA,NA,NA,NA,NA,NA,NA,NA,NA,NA,NA,NA,NA,NA,NA,NA,NA,NA,NA,NA,NA,NA,NA,NA,NA,NA,NA,NA,NA,NA,NA,NA,NA,NA,NA,NA,NA,NA,NA,NA,NA,NA,NA,NA,NA,NA,NA
1181270.39059621,917457.939507052,NA,NA,NA,NA,NA,NA,NA,NA,NA,NA,NA,NA,NA,NA,NA,NA,NA,NA,NA,NA,NA,NA,NA,NA,NA,NA,NA,NA,NA,NA,NA,NA,NA,NA,NA,NA,NA,NA,NA,NA,NA,NA,NA,NA,NA,NA,NA,NA,NA,NA,NA,NA,NA,NA,NA,NA,NA,NA,NA,NA,NA,NA,NA,NA,NA,NA,NA,NA,NA,NA,NA,NA,NA,NA,NA,NA
1189419.61551094,917457.939507052,NA,NA,NA,NA,NA,NA,NA,NA,NA,NA,NA,NA,NA,NA,NA,NA,NA,NA,NA,NA,NA,NA,NA,NA,NA,NA,NA,NA,NA,NA,NA,NA,NA,NA,NA,NA,NA,NA,NA,NA,NA,NA,NA,NA,NA,NA,NA,NA,NA,NA,NA,NA,NA,NA,NA,NA,NA,NA,NA,NA,NA,NA,NA,NA,NA,NA,NA,NA,NA,NA,NA,NA,NA,NA,NA,NA
1197568.84042568,917457.939507052,NA,NA,NA,NA,NA,NA,NA,NA,NA,NA,NA,NA,NA,NA,NA,NA,NA,NA,NA,NA,NA,NA,NA,NA,NA,NA,NA,NA,NA,NA,NA,NA,NA,NA,NA,NA,NA,NA,NA,NA,NA,NA,NA,NA,NA,NA,NA,NA,NA,NA,NA,NA,NA,NA,NA,NA,NA,NA,NA,NA,NA,NA,NA,NA,NA,NA,NA,NA,NA,NA,NA,NA,NA,NA,NA,NA
1205718.06534041,917457.939507052,NA,NA,NA,NA,NA,NA,NA,NA,NA,NA,NA,NA,NA,NA,NA,NA,NA,NA,NA,NA,NA,NA,NA,NA,NA,NA,NA,NA,NA,NA,NA,NA,NA,NA,NA,NA,NA,NA,NA,NA,NA,NA,NA,NA,NA,NA,NA,NA,NA,NA,NA,NA,NA,NA,NA,NA,NA,NA,NA,NA,NA,NA,NA,NA,NA,NA,NA,NA,NA,NA,NA,NA,NA,NA,NA,NA
1213867.29025514,917457.939507052,NA,NA,NA,NA,NA,NA,NA,NA,NA,NA,NA,NA,NA,NA,NA,NA,NA,NA,NA,NA,NA,NA,NA,NA,NA,NA,NA,NA,NA,NA,NA,NA,NA,NA,NA,NA,NA,NA,NA,NA,NA,NA,NA,NA,NA,NA,NA,NA,NA,NA,NA,NA,NA,NA,NA,NA,NA,NA,NA,NA,NA,NA,NA,NA,NA,NA,NA,NA,NA,NA,NA,NA,NA,NA,NA,NA
1222016.51516988,917457.939507052,NA,NA,NA,NA,NA,NA,NA,NA,NA,NA,NA,NA,NA,NA,NA,NA,NA,NA,NA,NA,NA,NA,NA,NA,NA,NA,NA,NA,NA,NA,NA,NA,NA,NA,NA,NA,NA,NA,NA,NA,NA,NA,NA,NA,NA,NA,NA,NA,NA,NA,NA,NA,NA,NA,NA,NA,NA,NA,NA,NA,NA,NA,NA,NA,NA,NA,NA,NA,NA,NA,NA,NA,NA,NA,NA,NA
879749.068751066,909308.714592319,NA,NA,NA,NA,NA,NA,NA,NA,NA,NA,NA,NA,NA,NA,NA,NA,NA,NA,NA,NA,NA,NA,NA,NA,NA,NA,NA,NA,NA,NA,NA,NA,NA,NA,NA,NA,NA,NA,NA,NA,NA,NA,NA,NA,NA,NA,NA,NA,NA,NA,NA,NA,NA,NA,NA,NA,NA,NA,NA,NA,NA,NA,NA,NA,NA,NA,NA,NA,NA,NA,NA,NA,NA,NA,NA,NA
887898.2936658,909308.714592319,NA,NA,NA,NA,NA,NA,NA,NA,NA,NA,NA,NA,NA,NA,NA,NA,NA,NA,NA,NA,NA,NA,NA,NA,NA,NA,NA,NA,NA,NA,NA,NA,NA,NA,NA,NA,NA,NA,NA,NA,NA,NA,NA,NA,NA,NA,NA,NA,NA,NA,NA,NA,NA,NA,NA,NA,NA,NA,NA,NA,NA,NA,NA,NA,NA,NA,NA,NA,NA,NA,NA,NA,NA,NA,NA,NA
896047.518580533,909308.714592319,NA,NA,NA,NA,NA,NA,NA,NA,NA,NA,NA,NA,NA,NA,NA,NA,NA,NA,NA,NA,NA,NA,NA,NA,NA,NA,NA,NA,NA,NA,NA,NA,NA,NA,NA,NA,NA,NA,NA,NA,NA,NA,NA,NA,NA,NA,NA,NA,NA,NA,NA,NA,NA,NA,NA,NA,NA,NA,NA,NA,NA,NA,NA,NA,NA,NA,NA,NA,NA,NA,NA,NA,NA,NA,NA,NA
904196.743495267,909308.714592319,NA,NA,NA,NA,NA,NA,NA,NA,NA,NA,NA,NA,NA,NA,NA,NA,NA,NA,NA,NA,NA,NA,NA,NA,NA,NA,NA,NA,NA,NA,NA,NA,NA,NA,NA,NA,NA,NA,NA,NA,NA,NA,NA,NA,NA,NA,NA,NA,NA,NA,NA,NA,NA,NA,NA,NA,NA,NA,NA,NA,NA,NA,NA,NA,NA,NA,NA,NA,NA,NA,NA,NA,NA,NA,NA,NA
912345.96841,909308.714592319,NA,NA,NA,NA,NA,NA,NA,NA,NA,NA,NA,NA,NA,NA,NA,NA,NA,NA,NA,NA,NA,NA,NA,NA,NA,NA,NA,NA,NA,NA,NA,NA,NA,NA,NA,NA,NA,NA,NA,NA,NA,NA,NA,NA,NA,NA,NA,NA,NA,NA,NA,NA,NA,NA,NA,NA,NA,NA,NA,NA,NA,NA,NA,NA,NA,NA,NA,NA,NA,NA,NA,NA,NA,NA,NA,NA
920495.193324734,909308.714592319,NA,NA,NA,NA,NA,NA,NA,NA,NA,NA,NA,NA,NA,NA,NA,NA,NA,NA,NA,NA,NA,NA,NA,NA,NA,NA,NA,NA,NA,NA,NA,NA,NA,NA,NA,NA,NA,NA,NA,NA,NA,NA,NA,NA,NA,NA,NA,NA,NA,NA,NA,NA,NA,NA,NA,NA,NA,NA,NA,NA,NA,NA,NA,NA,NA,NA,NA,NA,NA,NA,NA,NA,NA,NA,NA,NA
928644.418239468,909308.714592319,-2.80478697102083,-0.886512659709957,0.258487005033212,0.226336576340969,-0.0351369442737507,-0.168884281401061,-0.988773111046299,-2.61420301649616,0.608896113466295,-0.199317486198887,-0.722385902449675,0.766032495684845,1.59802092113942,-1.16042550749059,0.123518353104136,0.162603072069134,0.636400138709718,0.894620454951979,1.39937843332348,-1.59329155317789,-0.657933835192603,1.4505512417011,0.551496171328943,1.41177401057741,0.448951142248497,0.357566463946857,0.732642384839253,-1.08189991442466,-1.89859006730725,-0.90934507722466,-0.281474291833387,-1.46137389828941,0.78130451441706,0.29943589873377,1.74168247120092,-1.15169821145356,0.554263381730478,0.399821791368042,0.123927874380713,1.74842251617687,1.2062005377984,-0.759190076942153,1.09085996006429,-1.46896718731274,0.39856899352636,-1.58441760527738,1.25605030409893,0.345316813688053,-0.681264864195609,0.0527192319130952,-0.807103329524837,0.00413228854815463,0.0192134548487806,0.360018597611211,0.0156618900370642,0.223772943030614,0.514113942673357,1.20403122778081,-0.375150529821465,-0.01549846537143,-0.260325184049912,0.859920832762059,2.00936732105871,-1.15050652845647,-0.517910459504348,0.928503943609322,-0.95410302406508,0.320908545092108,-0.382106664294432,0.203837417806739,1.7174379708824,0.544316047211745,0.189297256175741,-1.75003444291082,-1.24640344894568,-0.504977478769861
936793.643154201,909308.714592319,-2.65641622840599,-0.871597853215163,0.196628686782542,0.268504534515242,0.0073335564809847,-0.190361902797405,-0.967083867793156,-2.51475562416221,0.587255337702542,-0.200302920246589,-0.729804828382387,0.774015429509089,1.60321270918287,-1.14760110257673,0.0726878755060864,0.123826657813644,0.666220980876403,0.875292404503777,1.43324877868739,-1.51781011399876,-0.659140547801051,1.47170591122845,0.586893995297323,1.44057220769151,0.455137415588108,0.362915960967456,0.745943540978462,-1.00505274133439,-1.86861419640676,-0.857671736383807,-0.235296537373249,-1.50920117660668,0.761511615336532,0.268487207038658,1.73020046057781,-1.1691820781357,0.552109447793024,0.40289405088314,0.111769213903683,1.73344155992976,1.19079193375776,-0.777209720093457,1.08479146859496,-1.44734580603985,0.335585098471678,-1.52209565488551,1.35618639380218,0.336366589052131,-0.720808765324968,0.04110307397503,-0.854329232655042,-0.0280539405970761,-0.0175982597016926,0.30708994075887,-0.0391355738710389,0.259403311339871,0.444618135105931,1.19346977225131,-0.384416259745683,-0.0625654735953713,-0.27815487854176,0.839204638717189,2.00228040079635,-1.18884145573296,-0.502180357353237,0.962903478716954,-0.967515773285797,0.342227582432986,-0.374001381703973,0.136274162229399,1.77583751420067,0.549751424097106,0.187278538372791,-1.75897756192815,-1.20664657889248,-0.503954803291088
944942.868068935,909308.714592319,-2.51331190199841,-0.87505828236987,0.145358258446942,0.306221730060207,0.0360852405333568,-0.207594661760302,-0.939734515322542,-2.42346950063642,0.559597966085223,-0.196370404518268,-0.736619740726662,0.772945255760373,1.6082204803734,-1.13691929806144,0.0169622852427394,0.0979170683067114,0.699603176917987,0.845953802301832,1.46731994985705,-1.44781136426995,-0.661398401568725,1.49305612600706,0.612423694881795,1.46850127976717,0.460180545868541,0.354780929493275,0.752455251705097,-0.938296002828386,-1.83630826297894,-0.818544973777415,-0.195605026862855,-1.55669622758553,0.753394416078203,0.240882420176138,1.71392850111892,-1.18743198742914,0.550395344944814,0.406857989585375,0.0980097925411388,1.71671202568513,1.16512872982244,-0.794628805165394,1.06966301203605,-1.42850029709852,0.284425329493595,-1.47120242458058,1.445390676244,0.334646432008593,-0.751102311821571,0.0232520669091211,-0.89553133737327,-0.0566951138693899,-0.0523464253605519,0.262242883448927,-0.0833988459904346,0.287403164943637,0.38188797838588,1.18402373939839,-0.395033177083264,-0.0862403305472464,-0.289144031697669,0.830218860247692,1.99159720422506,-1.21950477267687,-0.486811112441081,0.997902987459655,-0.973310348827833,0.363031044167313,-0.384273354269872,0.0799459803676654,1.83211303719449,0.539677320087421,0.204265342219048,-1.7487081738787,-1.17153574890677,-0.48787119926594
953092.092983668,909308.714592319,-2.35334731603875,-0.906549236005558,0.0995625812396617,0.343540778757657,0.0528774167132254,-0.222272697718161,-0.899365638304659,-2.32922429770408,0.516825429697961,-0.188238804041561,-0.742700386657689,0.759517695442651,1.61710408554873,-1.12808651713392,-0.0623724367071622,0.084163428496619,0.740919435730354,0.795728806094897,1.51102934014103,-1.37438100056846,-0.668558130807159,1.51993390356979,0.629543143678445,1.50191503272016,0.465799604865552,0.324896161325391,0.751319478563641,-0.872335022198457,-1.79508887928868,-0.789768380117617,-0.160787106527746,-1.60767390149416,0.760429441741179,0.211962180435829,1.69016415809016,-1.20860758717287,0.54908506879273,0.413953241803466,0.0792796762218889,1.69748099057094,1.12084527446798,-0.813889247211652,1.03822422824591,-1.41008702828346,0.241743079880416,-1.42715371841484,1.53721606134779,0.342134850577476,-0.77457584606998,-0.00870334535642703,-0.936907909382758,-0.0826538628144717,-0.0908128016543652,0.219119454334039,-0.122021042237458,0.310741830931713,0.315912633600341,1.17469923963252,-0.410929807288018,-0.0814608437157473,-0.293640979947554,0.835847383055616,1.97476385511902,-1.24650082231434,-0.469267022557425,1.04166556302453,-0.968125552468412,0.388421020508294,-0.428345008247587,0.0319409214440184,1.89708506701327,0.507737641155562,0.250218963313108,-1.70741477555567,-1.1347613866065,-0.447530110241946
961241.317898402,909308.714592319,-2.16710600317651,-0.948006000837715,0.0528667099457606,0.389469385105826,0.0699270327978547,-0.235333876637503,-0.846785374371481,-2.21653947894567,0.467104736259575,-0.171017991739577,-0.746720510227701,0.742165686473363,1.62788425445219,-1.11378316037702,-0.153688249472029,0.0767021242647675,0.79357049017998,0.735981798990131,1.5627092578308,-1.28392608745444,-0.673253780127637,1.55249134888499,0.647824875690976,1.54129004218877,0.474089546823508,0.288774776473774,0.750097089273167,-0.794302522917341,-1.74084274774711,-0.756856953720161,-0.117760361426748,-1.66593848674523,0.775357443639319,0.180801214375459,1.66101956818124,-1.23007403910615,0.549939358457975,0.425151502969379,0.0590882548579303,1.67454896474888,1.06657021414783,-0.833188124093768,0.999675969881793,-1.38500954055383,0.198848389756012,-1.37533169869767,1.64085474441846,0.356799402452795,-0.794150105372051,-0.0443617664199322,-0.979411298326621,-0.110632861782502,-0.132560855677903,0.174866382229641,-0.1600814379223,0.338545036080869,0.242206853383145,1.16730784278047,-0.426650600675249,-0.0626750813347628,-0.292385395163214,0.849205942561358,1.95478483195094,-1.2688223190031,-0.444678605667548,1.0951298532843,-0.953981959254099,0.420433910466458,-0.482923489294698,-0.0187602791153535,1.93793654450634,0.422221780221878,0.270689814688811,-1.68442723900898,-1.12024235743635,-0.430841138040412
969390.542813136,909308.714592319,-1.97774077563629,-0.987152265825891,0.012214821459371,0.439496535321608,0.0830212171239728,-0.237361564100674,-0.786616531725811,-2.08993394329678,0.423375728854343,-0.145516111821663,-0.746873243660026,0.727421275626743,1.64455938174218,-1.09336933518199,-0.23970583840367,0.0777641707352268,0.852741262950817,0.68201423786822,1.61194724639212,-1.19043489091903,-0.670569291841999,1.58203739820441,0.670168416775091,1.57784580820801,0.488309496099796,0.255276943043839,0.75252946577656,-0.713487090036069,-1.67192921957562,-0.718854235357861,-0.0813380299996504,-1.71870009427388,0.801497254900687,0.14713495708232,1.63272106793946,-1.24502363485575,0.555921591972473,0.436244523902766,0.0412264784564235,1.6528188352028,1.00937867478845,-0.851465643326919,0.963321032213929,-1.35780212647503,0.166878762770454,-1.32402090840176,1.73251505891233,0.372597523786053,-0.813444628906236,-0.0702259361446568,-1.01685692795466,-0.132607005059254,-0.171394614667525,0.132987303162424,-0.197943802186618,0.370829659833325,0.170379489118534,1.16131543921109,-0.438897052721807,-0.0498973270588268,-0.296735231344661,0.86505135970027,1.9292120605845,-1.28283450000089,-0.413181143671685,1.1521399911142,-0.932383873317305,0.454903601236759,-0.532142958121053,-0.0592508382422739,1.93960474883172,0.288465751603155,0.244348844807989,-1.69644314688873,-1.13154561461391,-0.452552975308824
977539.767727869,909308.714592319,-1.82872620145376,-1.02399639880096,-0.00951641643859104,0.487276810435938,0.0660822496269926,-0.223497428181644,-0.739107030934761,-1.97710095520216,0.401383482392083,-0.104222670569544,-0.756474090724079,0.712404099635055,1.66947141962916,-1.07643885586447,-0.279235751730385,0.0952337936783351,0.919151789778024,0.654877115046269,1.6448654904583,-1.11859575357514,-0.660018199790564,1.59715109472325,0.688381652780314,1.59825210774355,0.504132247057943,0.23296371990827,0.758031721958639,-0.654869764440411,-1.60233869120533,-0.693575024326872,-0.076609089635813,-1.75216157568452,0.847495615262413,0.0989744067144355,1.60657521933091,-1.25266720738136,0.56470224383657,0.434794527760903,0.0208206103178785,1.63188244570521,0.949807712851679,-0.878925501895373,0.933571924483961,-1.35236231487803,0.164515480724316,-1.30823793952576,1.78517565779079,0.381474727876534,-0.838392187045988,-0.0668376913998392,-1.03851120368299,-0.152879905233273,-0.20384016714617,0.102542117387484,-0.234598575212417,0.400930849298893,0.111840106850626,1.16084797286162,-0.451343803534138,-0.063282968788124,-0.326310579162553,0.880319083447168,1.8932666973209,-1.27240869193767,-0.382457475994852,1.20797754924741,-0.908881460068307,0.479176195597907,-0.555041245440444,-0.0763472147284385,1.93204972270667,0.157194511387086,0.208951577128805,-1.71492696630349,-1.14814547287512,-0.476675467964267
985688.992642603,909308.714592319,-1.67814113446273,-1.06884423549356,-0.029224818773957,0.53735069475496,0.0279585204331414,-0.200569882665583,-0.689842160340662,-1.85393923979074,0.3827108502273,-0.0536746173992348,-0.773682582286927,0.692049274957634,1.69983229433171,-1.06071921892408,-0.308398970668555,0.120099925745973,0.994395518208258,0.631814080539283,1.67214860001386,-1.04903838834249,-0.646748026652199,1.60313144653578,0.704753076246501,1.61022133751531,0.520285132538564,0.207042342449597,0.761432856100106,-0.599253492391706,-1.52089543750235,-0.672243105477958,-0.0927756930758203,-1.78116025770622,0.907713826428092,0.030859265616953,1.57206484402019,-1.25995724631356,0.573926570021913,0.423282033185056,-0.00786455565494754,1.60385888686439,0.872310064804211,-0.919936794349562,0.898164103542216,-1.35830855558634,0.173870295027928,-1.30884171468276,1.82225913017676,0.384137524209658,-0.874166077871041,-0.0521096185709328,-1.05969482373083,-0.176596902022909,-0.242715751838695,0.0680098068868022,-0.281671407742673,0.432320125010731,0.0454940530149712,1.15738228668737,-0.469059810939714,-0.0984321223305892,-0.378502043533478,0.893136370869845,1.83976249484531,-1.25182962945528,-0.349346013788696,1.26817977778107,-0.882588593532358,0.499841830101717,-0.573233271522367,-0.0855127014197589,1.95965728414843,0.0654611193565219,0.206071440042243,-1.70046864211165,-1.14510657195115,-0.46165519119199
993838.217557336,909308.714592319,-1.50590995077888,-1.12638649780627,-0.052841008267351,0.596800231018954,-0.026049306899752,-0.171373468654158,-0.634381559539788,-1.70836218909875,0.358709267615698,0.00838795282062873,-0.797606651553097,0.66189387159748,1.73162716637667,-1.04009880023198,-0.338663320353575,0.151150650507114,1.08546116129736,0.603643233712579,1.69540720681738,-0.967432885071631,-0.629602400045204,1.60568332435314,0.721564046093445,1.6155493014761,0.541236235307586,0.17355715755031,0.763386557751358,-0.537998904050063,-1.4214658270806,-0.648285694470968,-0.118135711118858,-1.81823226515041,0.980707087345886,-0.0596703363975143,1.52674729998883,-1.26707899828773,0.582063563710171,0.403977656258221,-0.0459577738090225,1.564900348294,0.771205485727361,-0.972950203240223,0.851119837792859,-1.37079369526997,0.190507380296796,-1.31556195982852,1.85576654744101,0.384836053898907,-0.923103718795618,-0.030536299579399,-1.08362985061718,-0.20853852699276,-0.290578988609345,0.0233582388796356,-0.342817513715722,0.466730197485833,-0.0387721249941197,1.15047400573758,-0.492395887528992,-0.145106552028093,-0.452113722858717,0.906556390610975,1.76669922400434,-1.22148318241074,-0.309163452536349,1.33666313819274,-0.850718552800333,0.520486456465744,-0.591715716923012,-0.0962989570049889,2.01645769883877,-0.00521338466452731,0.232622042870923,-1.65317045879971,-1.12510802906723,-0.411170152101383
1001987.44247207,909308.714592319,-1.35161956268418,-1.17880898864234,-0.0791106410099975,0.654515581274857,-0.0752702435101966,-0.143441389503903,-0.588729334524527,-1.5666875288708,0.330395624448906,0.0588988266994923,-0.817366905364099,0.628360195304619,1.7546628278374,-1.01392178887779,-0.364498487718849,0.176769526814633,1.17718436235213,0.573703387778861,1.70900207715048,-0.895788214096438,-0.621760398186408,1.62333173726458,0.730018964741272,1.60635625353401,0.571925865142395,0.132704153786181,0.750377006071634,-0.490113929853176,-1.32157480905682,-0.63671191123935,-0.142278658885713,-1.86378583871694,1.05640242814632,-0.141871443257183,1.47671446233739,-1.2771577805052,0.592368967825654,0.378893418328164,-0.0875787818445966,1.52428923594329,0.665855022146955,-1.03534011710499,0.808975923557098,-1.39210699729183,0.229214180134027,-1.32512329118086,1.8776877957089,0.389656853228161,-0.967630044135372,-0.00504967935275507,-1.11078187446286,-0.241659844856704,-0.326634364643617,-0.01866468483156,-0.397111298834862,0.500263684180197,-0.117559445422316,1.14256863382475,-0.513053860273681,-0.17282084664039,-0.515394332880507,0.915803209740906,1.69654282252935,-1.18407755294074,-0.264640723249246,1.39760590876527,-0.819338783300604,0.53838539909689,-0.601224449740681,-0.111020233888792,2.07042332084418,-0.0701377941960239,0.266152556507976,-1.59741202040399,-1.09965020502049,-0.354357696209091
1010136.6673868,909308.714592319,-1.26327489660428,-1.20644106128648,-0.0997335848537744,0.700940457322685,-0.102852567993047,-0.123688337438394,-0.581556038827201,-1.46898078596224,0.301076764361133,0.0798977317210459,-0.826986422222329,0.594059796772748,1.75751285553341,-0.983249550114305,-0.368258823675117,0.1893650404371,1.26025094518209,0.551846658108589,1.69587252492682,-0.862708991484081,-0.630809559767077,1.66892360217762,0.724959804748995,1.57035005295148,0.622271887796584,0.0915193181386466,0.719645895693884,-0.488162772333103,-1.24990003683715,-0.650727120489753,-0.156372243162695,-1.92170108052276,1.12423834991928,-0.182461591950109,1.44208305534343,-1.28702615804499,0.601754425350345,0.348668326190102,-0.122274806487647,1.49646900462131,0.589646530915984,-1.09134348756215,0.788223880003263,-1.43227883668378,0.304958262065698,-1.34466285021592,1.87199836032091,0.403378073168096,-0.998281485224646,0.0256246252092717,-1.13302188664967,-0.270409221157121,-0.325835757876024,-0.0446419887357595,-0.422902213366853,0.520392510609961,-0.159948534763897,1.13989914462253,-0.523896737450488,-0.152421509872533,-0.548920831228059,0.921763108121477,1.65470189853047,-1.14322034521851,-0.223661867267516,1.43401051137257,-0.802119295219273,0.54518657219088,-0.58727065697236,-0.129510153414808,2.09417763751297,-0.125860695901667,0.288732879372526,-1.55762840346508,-1.08708599620494,-0.316291374168844
1018285.89230154,909308.714592319,-1.17842564353525,-1.22831620754929,-0.121242330634679,0.750550570884154,-0.126733832821251,-0.102996647605289,-0.581098005588296,-1.36813395150539,0.267189872656453,0.0969894872635043,-0.833120825219394,0.553914625811572,1.75394003891735,-0.945517916221716,-0.364852016642939,0.199875587049403,1.3516341142992,0.528546883919266,1.67289600514796,-0.832836864264355,-0.644949804734702,1.7277586582026,0.714683328004106,1.51894408099559,0.68470211145837,0.0430977284145997,0.677688843329949,-0.496255811167752,-1.17373075775895,-0.673771670404179,-0.168366440556604,-1.98887291753164,1.19884753046954,-0.215953980831344,1.40439205217528,-1.29733869771358,0.613892016802531,0.313153992960849,-0.160380879273854,1.46597363121915,0.507149040760344,-1.15458184429425,0.770485294316333,-1.48281724211097,0.400753104519624,-1.36667339753676,1.85648809440138,0.422340318002884,-1.02639850315419,0.0627080108142277,-1.15579099863964,-0.301258682757936,-0.313065540124344,-0.0690610618118477,-0.442745034254736,0.540589862839649,-0.197582372815347,1.13732383922582,-0.531789783667233,-0.113152852555514,-0.576052318004229,0.926414787021138,1.61222158418575,-1.09272028475283,-0.176992128587993,1.46827477939306,-0.782759686722225,0.550660037946384,-0.561880751886633,-0.151103995879619,2.10544891836989,-0.193790586664629,0.307004604571449,-1.52053026313003,-1.07592478003142,-0.287083719201235
1026435.11721627,909308.714592319,-1.07223868633818,-1.24876157962298,-0.148572110462415,0.813850987750771,-0.158066504503448,-0.0708815940405738,-0.576640649211912,-1.23711600416548,0.227979933980456,0.123098706105487,-0.839435940699904,0.502439708673321,1.74695137320516,-0.890882184864549,-0.356904595096828,0.217211650544851,1.46738873868097,0.500668069739945,1.64095003557894,-0.793678202689638,-0.658926501948202,1.80060453795266,0.702230924620324,1.44568876174171,0.765555065090234,-0.0168713388750771,0.624041065722776,-0.509775369215302,-1.07746466895724,-0.70053557652007,-0.185676652750579,-2.07685519945482,1.29222004758949,-0.256396173698112,1.35148544170939,-1.3068356397539,0.630341074358147,0.265216886603281,-0.206448525324629,1.42533481664574,0.402973216360251,-1.23359090710434,0.747583297454702,-1.54329366458473,0.52126408934318,-1.38932988440689,1.82938961202099,0.448903080276276,-1.05569056723534,0.117223832080268,-1.18082202851811,-0.339406328218505,-0.296450339806497,-0.0987766531998751,-0.462603226837433,0.568133755218475,-0.240182554846234,1.1323602280555,-0.539171114832388,-0.0674846026550345,-0.607603766688882,0.932135210435729,1.55390076670664,-1.02359426096156,-0.113360056046341,1.50898900256111,-0.754543938486464,0.554475252395603,-0.52510803246754,-0.174301714850249,2.09989576426848,-0.29713933848868,0.316482969640183,-1.47912879422344,-1.06501260928852,-0.270671268015795
1034584.342131,909308.714592319,-0.98613002618443,-1.25068656060359,-0.176734130541554,0.868812695149511,-0.198777295138811,-0.0297265937625794,-0.558277255338726,-1.09474330009831,0.220542599209829,0.170836922503355,-0.859489947002227,0.456062302796404,1.74643399795537,-0.828462040600858,-0.339654334185717,0.23798891088711,1.58899622135044,0.48122039028965,1.62052147827778,-0.770496584552721,-0.663951417621246,1.86148266426368,0.698545209298193,1.35623366610874,0.848926347226135,-0.0641774791119229,0.586811458009035,-0.546936232244576,-1.00196391728995,-0.727851866985232,-0.223259111432461,-2.17146689516229,1.37390041017597,-0.288966985668658,1.28921031221654,-1.33070118082595,0.660769727854246,0.216849513237719,-0.242211405667213,1.38857952230064,0.326569682638203,-1.31029116375007,0.72855597057858,-1.60491653674047,0.627170003170869,-1.39903473273523,1.78446302175406,0.484674886975975,-1.06107202462563,0.198406502964373,-1.2057650620255,-0.37657341423155,-0.296234891812963,-0.122730889702757,-0.458873418620953,0.60013392863354,-0.255123726901007,1.12291050388072,-0.542484055613839,-0.0619484365889557,-0.630657983100354,0.93458427528057,1.48907013894523,-0.943834787991393,-0.0471282000863325,1.5407339084161,-0.71673762546298,0.542368178645819,-0.477008751185863,-0.174219227075785,2.05878196566615,-0.42754592295081,0.289537153950359,-1.45156173071431,-1.06855784122354,-0.31281954317089
1042733.56704574,909308.714592319,-0.935371743926977,-1.24004838638789,-0.207164775216119,0.907039489900687,-0.246065828037922,0.0122138628578155,-0.536050905216824,-0.971342310985105,0.238885552758979,0.226109892441323,-0.893875352670958,0.419127148252229,1.74820171561943,-0.772499441444772,-0.321869203178535,0.258537888249906,1.69610665294387,0.471500610693894,1.609908125278,-0.769242912602871,-0.6649544691187,1.90337992270562,0.699382566026032,1.25962239406801,0.919578654608635,-0.0950018406882371,0.565996051398436,-0.608402508002284,-0.959802501910872,-0.755714706730455,-0.278077638702538,-2.26799368133316,1.43294845743225,-0.312819902442924,1.22521939785951,-1.36736928636742,0.69351654404935,0.16910278187866,-0.266069615923362,1.35910387770593,0.287576547864428,-1.37586724818238,0.71270955374326,-1.66064049364061,0.703703351831601,-1.40235990669339,1.72481460498899,0.52010060689437,-1.04930495367027,0.287989187188112,-1.23190711368644,-0.411061843878,-0.314571600729551,-0.142689256340718,-0.439885806451759,0.629291891696398,-0.245706568485666,1.10787751448287,-0.547511527342457,-0.0957733649377546,-0.646937601669672,0.931350788683169,1.42634124181984,-0.874131777486643,0.0101294809414846,1.55715127021152,-0.68359546224583,0.512430616877532,-0.430885930815913,-0.157641330768186,2.0330678481087,-0.516401206633344,0.276890735994309,-1.3947160788929,-1.06320541757694,-0.346792008454518
1050882.79196047,909308.714592319,-0.886726317752503,-1.22462044996443,-0.239980512705338,0.943781254449789,-0.300542383500168,0.0573686401911636,-0.511799791873106,-0.846298737377953,0.264279885277283,0.285582947240093,-0.932335317769373,0.379202989461862,1.74850291370169,-0.712797041971738,-0.301749872652435,0.279492796106173,1.80646554059448,0.46039256115028,1.59706445899244,-0.772271371469788,-0.663803419926981,1.94241363310597,0.701126112461893,1.14747731364268,0.993509822502143,-0.124803940553439,0.546445503659387,-0.680481039925929,-0.920851364171348,-0.784587007046148,-0.343519396595309,-2.3696698391651,1.49031910588385,-0.336195099341635,1.14924990287967,-1.40756608352994,0.728776379113138,0.115947277427352,-0.288696899466301,1.32613782039541,0.253299257452432,-1.44276060455125,0.694820968784859,-1.71663359156527,0.780462183634324,-1.40253425896334,1.65189914904673,0.557437775916802,-1.03147382222813,0.384371950844049,-1.25764882362442,-0.448042114570477,-0.337454434223766,-0.162850295324585,-0.41414764161615,0.658719874041962,-0.229688117715646,1.08892407949988,-0.551117984697073,-0.144505702666252,-0.661982425122633,0.925945786176872,1.35414423542275,-0.801199110214425,0.0696531980090471,1.56925676741414,-0.648388358189508,0.47463661735283,-0.382911817440573,-0.136316314325265,2.01153982315684,-0.596569819506893,0.273501752291703,-1.32057023628578,-1.04916737948651,-0.374143765765869
1059032.01687521,909308.714592319,-0.832127440122437,-1.20514865288452,-0.271971700178189,0.985831693190155,-0.358593307401564,0.107162380200633,-0.479379336471193,-0.717605688666929,0.293539651751129,0.348520171771255,-0.971051653328157,0.33352334338626,1.74212719053126,-0.658672711309929,-0.278047916361485,0.302833895148478,1.92823139053715,0.448237096880069,1.58045925185451,-0.766093931892621,-0.658383139776448,1.98374434878616,0.695623086280643,1.01105671639959,1.06698802721442,-0.157436647669145,0.527981520269296,-0.758403213594374,-0.882210964310974,-0.816934268018242,-0.420033173399831,-2.4683196211433,1.55025896769402,-0.361275177482677,1.06584000046862,-1.44849735982809,0.766519700674191,0.0550413639808913,-0.31663643167886,1.28172684513621,0.212735707192963,-1.51403469274741,0.668568963825316,-1.76857812810133,0.863229007034536,-1.39747990724057,1.56753126363594,0.597506739690796,-1.00695131857775,0.485152966073902,-1.28309248428942,-0.487598253130971,-0.368589390833135,-0.183229240286959,-0.386457138058686,0.696011635162028,-0.211225626621587,1.06499778609941,-0.552506170136342,-0.197029427278071,-0.678774100085909,0.917825666214589,1.27159092244825,-0.722153682239457,0.130062745249624,1.58172468215596,-0.608973294349447,0.431612361297626,-0.326022756237192,-0.109832773418681,1.98655750586414,-0.68050855917833,0.280037667695675,-1.24205816108444,-1.02538744097762,-0.403845327204942
1067181.24178994,909308.714592319,-0.773165520863668,-1.18543393196953,-0.27731877269001,1.03298786155192,-0.403095535725942,0.152205141526805,-0.43032138245438,-0.612084687028263,0.328814912597508,0.394821360012727,-0.992791087374124,0.282563377864148,1.71941254022582,-0.659850871278985,-0.255040892188693,0.326550666355523,2.05634505776508,0.434473864525393,1.56117449430692,-0.726864406258728,-0.63724214621307,2.02393687174209,0.660187835200436,0.860726644613354,1.10348447863204,-0.18899154628004,0.532283933395742,-0.81403959430431,-0.870611548276812,-0.851013804592416,-0.510521333350405,-2.50205726351077,1.59892725525408,-0.384462123120616,1.00688788808464,-1.47693875771077,0.798862640079408,-0.0137776366004373,-0.356584347658953,1.21319844800079,0.167233937013908,-1.57038123596541,0.620290536178859,-1.77930015011909,0.940829171700213,-1.37859316046339,1.49909185654265,0.631778713650118,-0.967997316275802,0.562559089605709,-1.29651762689349,-0.52236188485667,-0.424048561699257,-0.190538298387228,-0.367349320443749,0.752878516669293,-0.195766054593701,1.04115956498858,-0.543591861842374,-0.242693607330694,-0.697882514247816,0.910967989918699,1.2022083057426,-0.648993244065241,0.160968382161521,1.59896925545747,-0.576725097899795,0.392850547410506,-0.263418611489978,-0.074602949058746,1.95748397046544,-0.75128667332752,0.313640700379991,-1.19717306662401,-0.98253585901739,-0.448229526343145
1075330.46670467,909308.714592319,-0.713180119579295,-1.16407592878817,-0.269543031266135,1.08268879165833,-0.43942792246327,0.194989900108724,-0.372991339780319,-0.519164776938301,0.366475097816602,0.432939198606314,-1.00494744268628,0.23048282660696,1.68592586477065,-0.687081396441428,-0.230789564816786,0.349456941981145,2.18406119557603,0.420599802640409,1.54023023079861,-0.670842245968242,-0.608318428732463,2.06234264265452,0.608717427134893,0.697845535227705,1.12197057602314,-0.218650450197757,0.547266555367618,-0.857529860134283,-0.870758510615423,-0.885755625380976,-0.607872705642838,-2.49923818005312,1.64037404135366,-0.405527488110104,0.960863793852158,-1.49806243011844,0.828105318767483,-0.0844371266534858,-0.402615189237995,1.13083587085203,0.118575242852578,-1.61706756218049,0.559265376197411,-1.76828863888521,1.01438320260074,-1.35231687659035,1.43654822629789,0.662558560467172,-0.92183317485775,0.627415849605065,-1.30351357176101,-0.553271819480287,-0.492656721566784,-0.191881434227796,-0.351731099463449,0.818903505431201,-0.180709830509413,1.01585201908525,-0.529284634321858,-0.283757065461242,-0.717610189440429,0.903402809410982,1.13887565881002,-0.578964910210016,0.178575895504209,1.61738554448084,-0.545986996433354,0.355997890490336,-0.197097634375784,-0.0347209565219842,1.92283693614489,-0.814417846553899,0.35806760912675,-1.16670307144542,-0.931882102835973,-0.500452582241835
1083479.69161941,909308.714592319,-0.652578444932381,-1.14063813507001,-0.256739570901547,1.12915844745932,-0.471165773649394,0.236859542530617,-0.316168270547414,-0.429896340029221,0.406234951546376,0.47028586532163,-1.01394214208064,0.176155526857351,1.64938333599686,-0.716378270578382,-0.205831704586294,0.374904765910654,2.30499393296879,0.407733195059102,1.51570487365883,-0.61257597376115,-0.576278412952384,2.09490277624473,0.553791066996179,0.528450542444565,1.13501776106967,-0.246466238140925,0.563595567412908,-0.896440919143274,-0.86783334100403,-0.915614345188758,-0.705405737844527,-2.49135396335561,1.67852655243675,-0.424691438976723,0.913977663667007,-1.51353860957881,0.854883492904154,-0.158250838120119,-0.445026752202736,1.04340634478865,0.0707205192649661,-1.65696578481965,0.497535634098693,-1.74822165110317,1.08745496049984,-1.32341258835489,1.37159624939437,0.691393123387669,-0.875681180067724,0.689978099546342,-1.30404136392571,-0.582433959748718,-0.558808615228926,-0.190025804259945,-0.334852914928676,0.883063010753084,-0.165147648333297,0.989307117451163,-0.513907977078397,-0.323550247839203,-0.733608998686269,0.896392523695723,1.07216649419646,-0.511660664814447,0.19441689519203,1.63248645959249,-0.515212616207906,0.318313012497164,-0.132926890221447,0.00473119486971519,1.87730525213454,-0.86719629794635,0.396045458657004,-1.12960992755042,-0.883603807595925,-0.553231157983671
1091628.91653414,909308.714592319,-0.594301256355801,-1.11922411276837,-0.234440140333576,1.17143488671306,-0.495636013898871,0.275908612078547,-0.264172494658208,-0.345804406129105,0.455463967054667,0.509905169832852,-1.02480005436646,0.122959691021536,1.61051211311664,-0.749143058874306,-0.174643622705606,0.400981486502954,2.41673023374235,0.399573396571082,1.48883393366213,-0.54972599957404,-0.543789765025716,2.11596875693329,0.49344001401797,0.359109975459041,1.14728078698668,-0.26463821094137,0.579332069225713,-0.936691699468449,-0.854020464336199,-0.937710410809257,-0.799600413814779,-2.47353450196024,1.71583799271842,-0.439597882765104,0.865325129906571,-1.52802511129387,0.875253125557777,-0.23183057786281,-0.47568212987898,0.955174761506975,0.0230785647953805,-1.68550074285928,0.435713397975038,-1.71202803188843,1.17711100261738,-1.29476861272708,1.29867687772419,0.714600373980633,-0.841155140336695,0.750321396466264,-1.29469403663675,-0.611705134820606,-0.618147636935244,-0.184456975473968,-0.3108359790367,0.945207101749788,-0.147009180413781,0.957781342273511,-0.50362974789722,-0.367805440320226,-0.746329200556356,0.893904508698822,0.997207355619659,-0.452889002429659,0.214482439940056,1.64329584860492,-0.482475083313746,0.274281725981441,-0.0733362158722074,0.039914189268506,1.81115106670321,-0.905820529849808,0.424207471195975,-1.08839547157753,-0.841409601920197,-0.613066176836217
1099778.14144887,909308.714592319,-0.544028774249925,-1.1083219577989,-0.191246408407167,1.20311627796565,-0.503168801593836,0.306408378740732,-0.22705926848799,-0.275170285175863,0.527428401760564,0.556311461230868,-1.04724948741343,0.0714957363641387,1.57417302341056,-0.794824624319972,-0.133300012642713,0.430178769752817,2.51184803511383,0.404132289155076,1.46047672090404,-0.481097738725386,-0.512443640399031,2.11146375368397,0.423509874966992,0.216014681549882,1.15686919652783,-0.261728951761426,0.592706676552714,-0.981866754507776,-0.81760192989519,-0.94291496502693,-0.882254855544213,-2.44871962626002,1.754781867898,-0.448630773024121,0.815758478991987,-1.54577138235822,0.879403459705101,-0.307381020407329,-0.476162144365938,0.874701228366381,-0.0218703699948936,-1.69218500583727,0.379605974116931,-1.64389605948325,1.30679588287617,-1.27272503943838,1.21455388492979,0.724126716346739,-0.838932719213031,0.80713650649024,-1.2652039520007,-0.646491426112789,-0.656782168590618,-0.171595365277955,-0.273179368723516,1.00065622315825,-0.125510123263991,0.917967826696716,-0.510586434071952,-0.424517146311742,-0.754771676574995,0.906342242118399,0.905948704976137,-0.418914585675185,0.242491871513944,1.64671543191649,-0.450053487958151,0.214972402350742,-0.0297833443477548,0.0635275359891691,1.72165212498702,-0.929386974600837,0.462468681962489,-1.07703728108716,-0.800655891736676,-0.689572444201973
1107927.36636361,909308.714592319,NA,NA,NA,NA,NA,NA,NA,NA,NA,NA,NA,NA,NA,NA,NA,NA,NA,NA,NA,NA,NA,NA,NA,NA,NA,NA,NA,NA,NA,NA,NA,NA,NA,NA,NA,NA,NA,NA,NA,NA,NA,NA,NA,NA,NA,NA,NA,NA,NA,NA,NA,NA,NA,NA,NA,NA,NA,NA,NA,NA,NA,NA,NA,NA,NA,NA,NA,NA,NA,NA,NA,NA,NA,NA,NA,NA
1116076.59127834,909308.714592319,NA,NA,NA,NA,NA,NA,NA,NA,NA,NA,NA,NA,NA,NA,NA,NA,NA,NA,NA,NA,NA,NA,NA,NA,NA,NA,NA,NA,NA,NA,NA,NA,NA,NA,NA,NA,NA,NA,NA,NA,NA,NA,NA,NA,NA,NA,NA,NA,NA,NA,NA,NA,NA,NA,NA,NA,NA,NA,NA,NA,NA,NA,NA,NA,NA,NA,NA,NA,NA,NA,NA,NA,NA,NA,NA,NA
1124225.81619307,909308.714592319,NA,NA,NA,NA,NA,NA,NA,NA,NA,NA,NA,NA,NA,NA,NA,NA,NA,NA,NA,NA,NA,NA,NA,NA,NA,NA,NA,NA,NA,NA,NA,NA,NA,NA,NA,NA,NA,NA,NA,NA,NA,NA,NA,NA,NA,NA,NA,NA,NA,NA,NA,NA,NA,NA,NA,NA,NA,NA,NA,NA,NA,NA,NA,NA,NA,NA,NA,NA,NA,NA,NA,NA,NA,NA,NA,NA
1132375.04110781,909308.714592319,NA,NA,NA,NA,NA,NA,NA,NA,NA,NA,NA,NA,NA,NA,NA,NA,NA,NA,NA,NA,NA,NA,NA,NA,NA,NA,NA,NA,NA,NA,NA,NA,NA,NA,NA,NA,NA,NA,NA,NA,NA,NA,NA,NA,NA,NA,NA,NA,NA,NA,NA,NA,NA,NA,NA,NA,NA,NA,NA,NA,NA,NA,NA,NA,NA,NA,NA,NA,NA,NA,NA,NA,NA,NA,NA,NA
1140524.26602254,909308.714592319,NA,NA,NA,NA,NA,NA,NA,NA,NA,NA,NA,NA,NA,NA,NA,NA,NA,NA,NA,NA,NA,NA,NA,NA,NA,NA,NA,NA,NA,NA,NA,NA,NA,NA,NA,NA,NA,NA,NA,NA,NA,NA,NA,NA,NA,NA,NA,NA,NA,NA,NA,NA,NA,NA,NA,NA,NA,NA,NA,NA,NA,NA,NA,NA,NA,NA,NA,NA,NA,NA,NA,NA,NA,NA,NA,NA
1148673.49093727,909308.714592319,NA,NA,NA,NA,NA,NA,NA,NA,NA,NA,NA,NA,NA,NA,NA,NA,NA,NA,NA,NA,NA,NA,NA,NA,NA,NA,NA,NA,NA,NA,NA,NA,NA,NA,NA,NA,NA,NA,NA,NA,NA,NA,NA,NA,NA,NA,NA,NA,NA,NA,NA,NA,NA,NA,NA,NA,NA,NA,NA,NA,NA,NA,NA,NA,NA,NA,NA,NA,NA,NA,NA,NA,NA,NA,NA,NA
1156822.71585201,909308.714592319,NA,NA,NA,NA,NA,NA,NA,NA,NA,NA,NA,NA,NA,NA,NA,NA,NA,NA,NA,NA,NA,NA,NA,NA,NA,NA,NA,NA,NA,NA,NA,NA,NA,NA,NA,NA,NA,NA,NA,NA,NA,NA,NA,NA,NA,NA,NA,NA,NA,NA,NA,NA,NA,NA,NA,NA,NA,NA,NA,NA,NA,NA,NA,NA,NA,NA,NA,NA,NA,NA,NA,NA,NA,NA,NA,NA
1164971.94076674,909308.714592319,NA,NA,NA,NA,NA,NA,NA,NA,NA,NA,NA,NA,NA,NA,NA,NA,NA,NA,NA,NA,NA,NA,NA,NA,NA,NA,NA,NA,NA,NA,NA,NA,NA,NA,NA,NA,NA,NA,NA,NA,NA,NA,NA,NA,NA,NA,NA,NA,NA,NA,NA,NA,NA,NA,NA,NA,NA,NA,NA,NA,NA,NA,NA,NA,NA,NA,NA,NA,NA,NA,NA,NA,NA,NA,NA,NA
1173121.16568148,909308.714592319,NA,NA,NA,NA,NA,NA,NA,NA,NA,NA,NA,NA,NA,NA,NA,NA,NA,NA,NA,NA,NA,NA,NA,NA,NA,NA,NA,NA,NA,NA,NA,NA,NA,NA,NA,NA,NA,NA,NA,NA,NA,NA,NA,NA,NA,NA,NA,NA,NA,NA,NA,NA,NA,NA,NA,NA,NA,NA,NA,NA,NA,NA,NA,NA,NA,NA,NA,NA,NA,NA,NA,NA,NA,NA,NA,NA
1181270.39059621,909308.714592319,NA,NA,NA,NA,NA,NA,NA,NA,NA,NA,NA,NA,NA,NA,NA,NA,NA,NA,NA,NA,NA,NA,NA,NA,NA,NA,NA,NA,NA,NA,NA,NA,NA,NA,NA,NA,NA,NA,NA,NA,NA,NA,NA,NA,NA,NA,NA,NA,NA,NA,NA,NA,NA,NA,NA,NA,NA,NA,NA,NA,NA,NA,NA,NA,NA,NA,NA,NA,NA,NA,NA,NA,NA,NA,NA,NA
1189419.61551094,909308.714592319,NA,NA,NA,NA,NA,NA,NA,NA,NA,NA,NA,NA,NA,NA,NA,NA,NA,NA,NA,NA,NA,NA,NA,NA,NA,NA,NA,NA,NA,NA,NA,NA,NA,NA,NA,NA,NA,NA,NA,NA,NA,NA,NA,NA,NA,NA,NA,NA,NA,NA,NA,NA,NA,NA,NA,NA,NA,NA,NA,NA,NA,NA,NA,NA,NA,NA,NA,NA,NA,NA,NA,NA,NA,NA,NA,NA
1197568.84042568,909308.714592319,NA,NA,NA,NA,NA,NA,NA,NA,NA,NA,NA,NA,NA,NA,NA,NA,NA,NA,NA,NA,NA,NA,NA,NA,NA,NA,NA,NA,NA,NA,NA,NA,NA,NA,NA,NA,NA,NA,NA,NA,NA,NA,NA,NA,NA,NA,NA,NA,NA,NA,NA,NA,NA,NA,NA,NA,NA,NA,NA,NA,NA,NA,NA,NA,NA,NA,NA,NA,NA,NA,NA,NA,NA,NA,NA,NA
1205718.06534041,909308.714592319,NA,NA,NA,NA,NA,NA,NA,NA,NA,NA,NA,NA,NA,NA,NA,NA,NA,NA,NA,NA,NA,NA,NA,NA,NA,NA,NA,NA,NA,NA,NA,NA,NA,NA,NA,NA,NA,NA,NA,NA,NA,NA,NA,NA,NA,NA,NA,NA,NA,NA,NA,NA,NA,NA,NA,NA,NA,NA,NA,NA,NA,NA,NA,NA,NA,NA,NA,NA,NA,NA,NA,NA,NA,NA,NA,NA
1213867.29025514,909308.714592319,NA,NA,NA,NA,NA,NA,NA,NA,NA,NA,NA,NA,NA,NA,NA,NA,NA,NA,NA,NA,NA,NA,NA,NA,NA,NA,NA,NA,NA,NA,NA,NA,NA,NA,NA,NA,NA,NA,NA,NA,NA,NA,NA,NA,NA,NA,NA,NA,NA,NA,NA,NA,NA,NA,NA,NA,NA,NA,NA,NA,NA,NA,NA,NA,NA,NA,NA,NA,NA,NA,NA,NA,NA,NA,NA,NA
1222016.51516988,909308.714592319,NA,NA,NA,NA,NA,NA,NA,NA,NA,NA,NA,NA,NA,NA,NA,NA,NA,NA,NA,NA,NA,NA,NA,NA,NA,NA,NA,NA,NA,NA,NA,NA,NA,NA,NA,NA,NA,NA,NA,NA,NA,NA,NA,NA,NA,NA,NA,NA,NA,NA,NA,NA,NA,NA,NA,NA,NA,NA,NA,NA,NA,NA,NA,NA,NA,NA,NA,NA,NA,NA,NA,NA,NA,NA,NA,NA
879749.068751066,901159.489677585,NA,NA,NA,NA,NA,NA,NA,NA,NA,NA,NA,NA,NA,NA,NA,NA,NA,NA,NA,NA,NA,NA,NA,NA,NA,NA,NA,NA,NA,NA,NA,NA,NA,NA,NA,NA,NA,NA,NA,NA,NA,NA,NA,NA,NA,NA,NA,NA,NA,NA,NA,NA,NA,NA,NA,NA,NA,NA,NA,NA,NA,NA,NA,NA,NA,NA,NA,NA,NA,NA,NA,NA,NA,NA,NA,NA
887898.2936658,901159.489677585,NA,NA,NA,NA,NA,NA,NA,NA,NA,NA,NA,NA,NA,NA,NA,NA,NA,NA,NA,NA,NA,NA,NA,NA,NA,NA,NA,NA,NA,NA,NA,NA,NA,NA,NA,NA,NA,NA,NA,NA,NA,NA,NA,NA,NA,NA,NA,NA,NA,NA,NA,NA,NA,NA,NA,NA,NA,NA,NA,NA,NA,NA,NA,NA,NA,NA,NA,NA,NA,NA,NA,NA,NA,NA,NA,NA
896047.518580533,901159.489677585,NA,NA,NA,NA,NA,NA,NA,NA,NA,NA,NA,NA,NA,NA,NA,NA,NA,NA,NA,NA,NA,NA,NA,NA,NA,NA,NA,NA,NA,NA,NA,NA,NA,NA,NA,NA,NA,NA,NA,NA,NA,NA,NA,NA,NA,NA,NA,NA,NA,NA,NA,NA,NA,NA,NA,NA,NA,NA,NA,NA,NA,NA,NA,NA,NA,NA,NA,NA,NA,NA,NA,NA,NA,NA,NA,NA
904196.743495267,901159.489677585,NA,NA,NA,NA,NA,NA,NA,NA,NA,NA,NA,NA,NA,NA,NA,NA,NA,NA,NA,NA,NA,NA,NA,NA,NA,NA,NA,NA,NA,NA,NA,NA,NA,NA,NA,NA,NA,NA,NA,NA,NA,NA,NA,NA,NA,NA,NA,NA,NA,NA,NA,NA,NA,NA,NA,NA,NA,NA,NA,NA,NA,NA,NA,NA,NA,NA,NA,NA,NA,NA,NA,NA,NA,NA,NA,NA
912345.96841,901159.489677585,NA,NA,NA,NA,NA,NA,NA,NA,NA,NA,NA,NA,NA,NA,NA,NA,NA,NA,NA,NA,NA,NA,NA,NA,NA,NA,NA,NA,NA,NA,NA,NA,NA,NA,NA,NA,NA,NA,NA,NA,NA,NA,NA,NA,NA,NA,NA,NA,NA,NA,NA,NA,NA,NA,NA,NA,NA,NA,NA,NA,NA,NA,NA,NA,NA,NA,NA,NA,NA,NA,NA,NA,NA,NA,NA,NA
920495.193324734,901159.489677585,NA,NA,NA,NA,NA,NA,NA,NA,NA,NA,NA,NA,NA,NA,NA,NA,NA,NA,NA,NA,NA,NA,NA,NA,NA,NA,NA,NA,NA,NA,NA,NA,NA,NA,NA,NA,NA,NA,NA,NA,NA,NA,NA,NA,NA,NA,NA,NA,NA,NA,NA,NA,NA,NA,NA,NA,NA,NA,NA,NA,NA,NA,NA,NA,NA,NA,NA,NA,NA,NA,NA,NA,NA,NA,NA,NA
928644.418239468,901159.489677585,-2.86019960462058,-0.87310398012076,0.264408105235449,0.277571155861487,-0.0639667740041919,-0.145099404860511,-1.05916029231149,-2.67430160548295,0.626094095706617,-0.168393847504099,-0.753116153153971,0.759716268578546,1.54968606593243,-1.14852841338649,0.222815357617738,0.210984862633891,0.656738383479195,0.944806758668038,1.33276930406926,-1.5646863538378,-0.627417403503449,1.45643783927484,0.538574203605257,1.34685771650684,0.462747194398979,0.397210852394777,0.744836232774417,-1.17734162688182,-1.92478671680147,-0.922055268209768,-0.248403464509162,-1.51163407435279,0.771184156739204,0.307067572377731,1.76229773018751,-1.14663813756793,0.521238227840589,0.376481047173366,0.125534340361313,1.73783139833128,1.23709559121244,-0.744810723322248,1.09762442987712,-1.48422525728092,0.396157607740141,-1.63912368325063,1.21514488909415,0.337680085651087,-0.693646795121454,0.0996458079815802,-0.781519939563411,-0.0315566887394213,0.0338134572583128,0.363242342922495,0.0255152036282328,0.222260915370759,0.534817815174733,1.22610431188775,-0.368203268940584,0.00474838572101639,-0.281747240174594,0.875775381936195,2.023555339675,-1.10826625440139,-0.497078767429535,0.895314782489222,-0.974028451237384,0.274958718648534,-0.292506605195952,0.171136055927116,1.69305826562549,0.548093222794115,0.204286703043037,-1.77352279253136,-1.29445327367037,-0.495848813105038
936793.643154201,901159.489677585,-2.71921158213127,-0.856121661052494,0.204995089918746,0.32021354071391,-0.0218571793447578,-0.171684012743002,-1.05084017815626,-2.5915974787258,0.605412747016014,-0.168103701337522,-0.764271860226903,0.764155428224174,1.55660545498778,-1.13539676546618,0.179135727993672,0.172447620114267,0.677059756932508,0.932321832116459,1.36944346121098,-1.4848109681412,-0.635757342510614,1.47738273760372,0.567157492430008,1.37100758397325,0.468795370105276,0.410069946765688,0.760340344042881,-1.09943427489581,-1.90469251931158,-0.875155119663674,-0.207895095966559,-1.54622549891766,0.749704588522129,0.266295938047754,1.75261218369617,-1.15592166842192,0.513531199544248,0.381151195988223,0.110418274329905,1.72520611542543,1.22575313008778,-0.761403476521472,1.0867245078029,-1.46586352359641,0.337317640110122,-1.58399587099611,1.31010743270551,0.327447808410508,-0.735428660459803,0.0943515082064712,-0.827760353322139,-0.0647404334916044,-0.00137375698439301,0.310537943387436,-0.0315176783843255,0.260378284603427,0.460323809841907,1.22365034774533,-0.381559958752979,-0.0405581712459244,-0.302346536035912,0.854836710108068,2.01671426493716,-1.13731269012871,-0.479523327026212,0.93407331676628,-0.981954182388563,0.296406870141426,-0.283935560165617,0.103623186241919,1.75221000466784,0.559644982383463,0.20861056022342,-1.77992187769989,-1.25173538256129,-0.48880191297808
944942.868068935,901159.489677585,-2.58006379345743,-0.863574423724777,0.154459883176406,0.355832930728174,0.00548417995650602,-0.188464324103193,-1.02871515613416,-2.51114707273887,0.57325810508725,-0.169562128536724,-0.771659642972791,0.759778102654005,1.56387654331493,-1.12579803101793,0.117683224546185,0.148320943918035,0.702376215954872,0.900955926725415,1.40504395410166,-1.41700291390819,-0.643966553180641,1.4994318241488,0.588442365546786,1.39549535340522,0.476158377137067,0.39884895394951,0.766047514621805,-1.03791746906836,-1.87577566192698,-0.840259105664246,-0.176516675200203,-1.58745320416837,0.74233977549232,0.235197230671241,1.73906402294017,-1.16961125314147,0.507899968732384,0.385616083166355,0.0947349233204774,1.71209513761929,1.19988653683622,-0.776876850813351,1.06579076965592,-1.44880038067989,0.289380512657992,-1.53970035359764,1.39230837889878,0.32406370199478,-0.769294343645499,0.0746242011100528,-0.870048573996044,-0.0896506786680394,-0.0358179563485293,0.262491002670902,-0.0780643678812825,0.287368161008862,0.395067793771672,1.21546761162733,-0.396291608197711,-0.0608565791476105,-0.317566063047394,0.847406620069111,2.00470606583499,-1.16700383130487,-0.463044925219524,0.969470215700349,-0.985276025221293,0.316729078859258,-0.303359179140689,0.0507041933010912,1.82208361328174,0.57001654937989,0.248555389582687,-1.74658499126168,-1.20158842360135,-0.449918807074638
953092.092983668,901159.489677585,-2.41076728976289,-0.896377294146674,0.104333791170802,0.394722790199942,0.0276769723956584,-0.195726784322891,-0.983788816653361,-2.41248544027979,0.523700281046275,-0.171857666772051,-0.773189530689411,0.748478727437137,1.57734174427611,-1.11491112096618,0.0221367906824878,0.136229847346843,0.739926671700714,0.844746470177612,1.45157038495196,-1.34394574533016,-0.652136264720895,1.53088873439064,0.61028081809664,1.4291650516902,0.490065637388528,0.362129959044533,0.766073563550138,-0.975943669024549,-1.82741909567007,-0.80682372083104,-0.145801332270112,-1.64171678906025,0.750906467618706,0.209894272530686,1.72232530543675,-1.18774926797986,0.506083812062877,0.394330889202418,0.0777567835196483,1.69969673362326,1.15606618887196,-0.791537400127579,1.03221073579393,-1.42596061739623,0.245103742299908,-1.49346190708731,1.48291931537237,0.329623311593399,-0.800135117834037,0.0371031587704819,-0.915873180053753,-0.107173397308836,-0.0747340126098868,0.210275860929417,-0.12196468922951,0.312242447090077,0.326857526783993,1.20242577168368,-0.413497378142288,-0.0567234280301589,-0.328203851917535,0.855084008026225,1.98789108265073,-1.20276265138648,-0.440973143224406,1.01274129263933,-0.981169582826463,0.343979588460592,-0.356864814712353,0.00520176112171015,1.88714327051333,0.54340022491115,0.294905212187107,-1.69989953718428,-1.15909151925827,-0.405448674919479
961241.317898402,901159.489677585,-2.20949228299813,-0.935999880346081,0.0511691461611312,0.444175097762678,0.0538146472636047,-0.19779318698205,-0.923316288546188,-2.28894365191053,0.467368626311118,-0.167318380538614,-0.770248556278815,0.736589742586046,1.59527794823043,-1.09659525444785,-0.090000580832661,0.130364131694079,0.789420385133275,0.779491706844406,1.50749746867623,-1.2523319217107,-0.656353372247968,1.56951980183498,0.637359526059545,1.46996703272687,0.509942025408594,0.319405204203553,0.767885293271117,-0.899755602331284,-1.76142504760689,-0.764878686144625,-0.106626395847382,-1.70532662747344,0.768237402903533,0.184063459357378,1.70302500422192,-1.20499677445666,0.508076590778036,0.408187308514882,0.0611240739001647,1.68614932428263,1.10378625186504,-0.804757388075231,0.993592675412707,-1.39379789880478,0.199576828636746,-1.43589383054358,1.58654861468052,0.341754833834478,-0.83014284496441,-0.00377201226533909,-0.965024053320007,-0.123364743782671,-0.116803696476343,0.153799150308994,-0.167853990006407,0.344321279768781,0.250371505741677,1.19037979316065,-0.429534957062562,-0.0425188807068762,-0.335192063809973,0.870174695254911,1.96844562297783,-1.23823874575347,-0.40936708304023,1.06654152937006,-0.968736181511375,0.379556312912823,-0.420331620712244,-0.0422713609884146,1.91711626442524,0.453691051612377,0.300034602453536,-1.68405595317785,-1.14524775830461,-0.397232830110012
969390.542813136,901159.489677585,-2.00741650286723,-0.973143951637363,0.00321834161918997,0.496394159016308,0.075966617086803,-0.190783513608806,-0.855196561377282,-2.15307403346307,0.417568084204938,-0.15471491904035,-0.763722827766621,0.727798627687785,1.61769026783765,-1.0734080920113,-0.196524220509532,0.132125753268264,0.842820305524684,0.720325100036403,1.56268243636952,-1.15705846193345,-0.654871547147823,1.60510452620967,0.665752792868421,1.50834801908398,0.531993205482955,0.279618726906783,0.770791627305683,-0.819124525793535,-1.68274886563385,-0.720315784484293,-0.0725561389504217,-1.76377746288908,0.79505216776448,0.156363610135406,1.68137836437906,-1.21755720073225,0.515476967205683,0.421966598606599,0.0458590408414885,1.67198599552301,1.04808796581776,-0.818733146673247,0.95759479519313,-1.35887616328285,0.163253335888091,-1.37849875718438,1.67985811471589,0.355155810099031,-0.856986596069578,-0.0357607228460401,-1.01031707756083,-0.134713447538113,-0.156396491523092,0.101112527761411,-0.211958685246091,0.381779828932518,0.176089803086424,1.17996893500478,-0.441926054360598,-0.0324878987269707,-0.343323922457835,0.886318451654945,1.94420820986803,-1.26547609477941,-0.37142152057003,1.12312585994369,-0.948214467791298,0.417379589387996,-0.478114663758568,-0.0809078622010356,1.91131565509824,0.318151769974803,0.263662726610039,-1.70084422772286,-1.15510189675839,-0.423834578515784
977539.767727869,901159.489677585,-1.84171710951583,-1.00800480375519,-0.0291487602966937,0.54551455617143,0.0704712351820686,-0.173175245103209,-0.796374222395069,-2.02821169685861,0.389030600290189,-0.126050218310315,-0.766386279443537,0.719837423497922,1.64610583953308,-1.05518714064047,-0.259099844301203,0.147270242041333,0.899453128086813,0.685808379389941,1.60782782158558,-1.07777218049787,-0.649158986795216,1.62791186914109,0.685616264929973,1.53332380205024,0.54807813133225,0.25060551985844,0.771308785607527,-0.752938851026542,-1.60410549299228,-0.691471377188134,-0.0643931358930778,-1.80189759390949,0.83824972148721,0.11505210500229,1.65372943601931,-1.22774583888778,0.526877022404983,0.424405060617851,0.0255137597875844,1.65414362378885,0.986807918201177,-0.846801957612131,0.92813443653561,-1.34144838376753,0.150706830043842,-1.35178034124497,1.74196686231588,0.362599710229634,-0.881669646836052,-0.0419226565014122,-1.04353005296947,-0.147625868045674,-0.192093467215752,0.0621648424255097,-0.252220979610826,0.420502234692371,0.112873070833518,1.17518457543747,-0.454013140768088,-0.0440526990831817,-0.365179045202712,0.899033750260248,1.91100027948119,-1.26748697051265,-0.334226073555778,1.17904607118797,-0.922934588036624,0.446531877284131,-0.510726359997112,-0.101653993347803,1.90074016797497,0.179879214809913,0.223995829878471,-1.72243924170892,-1.16662417993623,-0.450868554135536
985688.992642603,901159.489677585,-1.69255405447556,-1.04658763275402,-0.0540781249268694,0.594343994726053,0.0374269988605011,-0.146409534117534,-0.74040306569301,-1.90366048680286,0.373981718799778,-0.0841343378590021,-0.779395311170764,0.710233199905511,1.6819374184363,-1.04235543331435,-0.291167808061178,0.172838632647318,0.961499016660775,0.666586215041683,1.64935126332955,-1.00702069095147,-0.642261983732577,1.64064324134249,0.697890960933235,1.5484146472989,0.557695348888905,0.224528112872959,0.76632467616678,-0.693771368394418,-1.51960395988461,-0.676170859467404,-0.0819058002745157,-1.82328573121484,0.898078204223544,0.0538592813978174,1.61431729214924,-1.23955464911343,0.541509274301884,0.414748333047337,-0.00468960907805292,1.62893091104013,0.909328710886863,-0.895037519425783,0.89899409603287,-1.33960163503817,0.155322062486183,-1.35146402035622,1.78375243551708,0.36274395790276,-0.908769379146015,-0.0288081357339532,-1.07223576798128,-0.164921520422179,-0.231362260840452,0.028579337150396,-0.296308884352071,0.463053454149956,0.0498321121672297,1.17180501838859,-0.469627579570478,-0.0802857973348836,-0.403862922571789,0.907089044887371,1.86351740379229,-1.24932620445065,-0.296053441915425,1.23864051752026,-0.892908542208402,0.469632709859345,-0.526932039476352,-0.110254416611669,1.91357669663714,0.0627910293761187,0.206350360033708,-1.72407751025544,-1.16344459651228,-0.45226012047476
993838.217557336,901159.489677585,NA,NA,NA,NA,NA,NA,NA,NA,NA,NA,NA,NA,NA,NA,NA,NA,NA,NA,NA,NA,NA,NA,NA,NA,NA,NA,NA,NA,NA,NA,NA,NA,NA,NA,NA,NA,NA,NA,NA,NA,NA,NA,NA,NA,NA,NA,NA,NA,NA,NA,NA,NA,NA,NA,NA,NA,NA,NA,NA,NA,NA,NA,NA,NA,NA,NA,NA,NA,NA,NA,NA,NA,NA,NA,NA,NA
1001987.44247207,901159.489677585,NA,NA,NA,NA,NA,NA,NA,NA,NA,NA,NA,NA,NA,NA,NA,NA,NA,NA,NA,NA,NA,NA,NA,NA,NA,NA,NA,NA,NA,NA,NA,NA,NA,NA,NA,NA,NA,NA,NA,NA,NA,NA,NA,NA,NA,NA,NA,NA,NA,NA,NA,NA,NA,NA,NA,NA,NA,NA,NA,NA,NA,NA,NA,NA,NA,NA,NA,NA,NA,NA,NA,NA,NA,NA,NA,NA
1010136.6673868,901159.489677585,-1.27088828382349,-1.17349969684888,-0.146615371191976,0.747491171840313,-0.0727321245508594,-0.0765803899169718,-0.603505059907866,-1.51141838135789,0.297019315982036,0.0317447329603788,-0.831553231347969,0.637299898424518,1.75010052142928,-0.988886278680004,-0.368905178299244,0.229812358640477,1.18472545901626,0.588019187298203,1.71972656257017,-0.805710620776092,-0.64721133779009,1.70700847073268,0.70278844763038,1.51070560428391,0.628507920278369,0.0974339378595364,0.703335101994389,-0.567409623539433,-1.24109513704576,-0.676997363963448,-0.14210458631466,-1.93910966960191,1.09361909132019,-0.144197466923793,1.47222200134437,-1.30057681428831,0.589160637547786,0.357751660428506,-0.134516546456093,1.51780785929182,0.611043667554553,-1.09929231231266,0.798719841437371,-1.40239099068622,0.241646123091801,-1.3791338514967,1.85175920133063,0.36921338698345,-1.01409474432063,0.0303964632135543,-1.1853627863001,-0.245175463905885,-0.331493923334068,-0.0940661070208207,-0.439255654997956,0.578653967455627,-0.161718042864734,1.14526539176538,-0.524354192333985,-0.1328152164537,-0.537718561652852,0.909536630892471,1.68380648372439,-1.14628454731117,-0.170126806862938,1.39763288459055,-0.788440129477085,0.523219787179515,-0.528951887054669,-0.160329639613313,2.08312828672212,-0.100484184228912,0.320474556880457,-1.57278983706801,-1.07043896113631,-0.288278093583848
1018285.89230154,901159.489677585,-1.18499894745323,-1.19336847978383,-0.167623568353273,0.793043976634964,-0.0870278301147408,-0.0647581610955101,-0.591251424220114,-1.41059632375843,0.268749553933684,0.0549709154423625,-0.842751903673677,0.602127909603432,1.75037066526247,-0.963589860220607,-0.361377642221551,0.233249650873535,1.26777104342777,0.567880490545703,1.71169596260612,-0.767279103058371,-0.661696849192407,1.75580785904618,0.691401278695054,1.45680231721629,0.682271706656734,0.0463018088195021,0.666410140920246,-0.57110308566039,-1.16414305113675,-0.706285041132965,-0.147196186840449,-1.9914670239817,1.15547281245872,-0.174003596660465,1.44360372291603,-1.32635874671484,0.612899669382817,0.338658653064533,-0.177752354755579,1.48533287536943,0.522909913960475,-1.17040064967937,0.783941642993535,-1.46101279414173,0.31689473951027,-1.39770569904253,1.84187718597316,0.385490709844936,-1.04083685602237,0.0625497448194262,-1.21848798097505,-0.27178306712057,-0.324956415993788,-0.12189160606998,-0.460577698447959,0.603497240433933,-0.201736195127185,1.14076263549886,-0.531726424855391,-0.0868730415184523,-0.560973493773758,0.904968195709476,1.63964371987908,-1.08877881208147,-0.130883678018218,1.42948568933911,-0.751623223831903,0.533369432340345,-0.487309695494426,-0.180240729547573,2.09527996256166,-0.166598542715279,0.339818953471075,-1.54682404277515,-1.05554501952231,-0.272515331880185
1026435.11721627,901159.489677585,-1.07235829488032,-1.21216980724359,-0.19317496181405,0.854222126936422,-0.105162266530533,-0.0432435468396429,-0.57216629145482,-1.27713149194737,0.235128327228123,0.0883984400638651,-0.853012845857327,0.556633723594105,1.74959785910459,-0.922286276150089,-0.34719721679705,0.24187337623477,1.37674172762496,0.54304277258539,1.69883793367026,-0.714742819416355,-0.675672271426711,1.81978189036521,0.678340143948626,1.38148578612777,0.75598524949407,-0.0183867828771109,0.618697758500709,-0.575676488684163,-1.06272792122314,-0.740363148759045,-0.153593581794511,-2.05787291768892,1.23710847860202,-0.209718764788119,1.40258456843172,-1.35354382746702,0.645065424166058,0.31283401375739,-0.231126431622926,1.44227573960259,0.407669792838987,-1.26073795696653,0.765369976914606,-1.53264694828282,0.417993849049731,-1.41603022134361,1.82455568010278,0.40985711106076,-1.06928911967455,0.11086267023411,-1.25612246186137,-0.304258135383771,-0.312886507998946,-0.155592066359285,-0.482646872701515,0.637928188806187,-0.249384757966521,1.13508584448938,-0.536601502694567,-0.0291259937881534,-0.587420140550842,0.901048076515468,1.57950134535804,-1.00927060872058,-0.074360169220081,1.47023318265959,-0.700649231298508,0.546121332112705,-0.430272890890367,-0.20213320718826,2.07713622875984,-0.284555694826544,0.339701338440473,-1.53356173630522,-1.0447526397048,-0.293258322884132
1034584.342131,901159.489677585,-0.98245827935446,-1.21679224525353,-0.219742518897937,0.907448175773564,-0.142251527399241,-0.0109736218601317,-0.553504931664993,-1.13544749843804,0.230323665200024,0.131477752960872,-0.873560954369065,0.513057072859429,1.75550473528399,-0.866024790902332,-0.327102854732308,0.251451153603864,1.49139957461405,0.517206171516477,1.68822879151339,-0.688340795801186,-0.681978568800704,1.87638350509353,0.676502705248341,1.29210719992374,0.840414266980437,-0.0687857588143896,0.585988813782614,-0.608174489902578,-0.988957056065455,-0.772927514315941,-0.189177740516716,-2.12974564866851,1.30956723509985,-0.238120562522656,1.34211942014898,-1.38856391714785,0.68381230833158,0.277983336417878,-0.271197534377093,1.40628448230044,0.326979993169379,-1.34369852661262,0.748512973496009,-1.59942936576456,0.516083514088385,-1.42554086800016,1.78706664266841,0.44114918618202,-1.07668088487173,0.183387744556013,-1.28755486758871,-0.339264326272947,-0.313604589796129,-0.182134451652616,-0.477114205387336,0.670534355553508,-0.26928099829603,1.12823287364141,-0.533577042585148,-0.0280791973275338,-0.607460121609225,0.900455217168809,1.51490984132988,-0.925073380043231,-0.0134826272053311,1.49992193005387,-0.653318902997825,0.538717395962044,-0.380041156741856,-0.205526685166515,2.0426167110715,-0.408689967028931,0.31837150442628,-1.51457089033658,-1.04251182500801,-0.338543601718955
1042733.56704574,901159.489677585,-0.928103254432406,-1.20923551327015,-0.245772662739292,0.94589971685022,-0.19437998208681,0.0270268098458338,-0.542193143282469,-1.01223530258616,0.251527848353615,0.173827921255132,-0.901973521973451,0.477275327381454,1.76548230800209,-0.805996974005093,-0.307216405486867,0.261193602234918,1.59411874828378,0.493901498403972,1.67882438935843,-0.69231342291489,-0.682184182535733,1.91959993234043,0.684315428545257,1.20038592375871,0.922079520779136,-0.0975566313829433,0.570739234350385,-0.666903765755941,-0.952468617455413,-0.800015901969274,-0.249919973874986,-2.20037690015419,1.36395990224291,-0.256229694446544,1.2699813361351,-1.4255367351179,0.719475747211125,0.235897361969969,-0.292494009665288,1.38284014366104,0.295175073029577,-1.40536920026518,0.734650950898883,-1.64976569320903,0.598149589111727,-1.42900299705997,1.73326898808964,0.472697259601454,-1.06559406239712,0.265869305824665,-1.30915037974016,-0.372937827802846,-0.327127345317963,-0.199465341561442,-0.448629027792671,0.695795012348168,-0.260235792945195,1.12083276515985,-0.525911104774635,-0.0826927936836713,-0.620247824824204,0.903388635465884,1.45604309680819,-0.853382433492352,0.0423717378529799,1.51393258367582,-0.621072344919147,0.510712443410064,-0.346892715190175,-0.193288453709789,2.0131518761172,-0.500507465356397,0.296733290229752,-1.47509052711849,-1.04084516380731,-0.379349950279864
1050882.79196047,901159.489677585,-0.87283634781157,-1.1993891666043,-0.273335745210098,0.984314392356895,-0.255463305395913,0.0675474153829424,-0.531978888292188,-0.887074927471509,0.277000257559072,0.217172240682072,-0.932179431283392,0.436325535921306,1.77450257502237,-0.741776017435398,-0.28575022062811,0.269388381104924,1.7012722056262,0.464939194389029,1.66484648720507,-0.700236007376511,-0.680892116318827,1.96215240151564,0.693173469600305,1.09460585350194,1.00923315871423,-0.12709869015001,0.555391005619871,-0.73361213719356,-0.917637830923537,-0.828055979534519,-0.322262512575888,-2.27228915110617,1.41856033703907,-0.274934907910975,1.18285132389949,-1.46461626343727,0.756678405270651,0.187368670342544,-0.313527930870213,1.35563678023614,0.26516491300639,-1.46885581295955,0.717865864503501,-1.7003811908673,0.684563352902927,-1.43072785071206,1.66827071532927,0.505381968181805,-1.05051146348208,0.353102335421464,-1.32886403546739,-0.410380708100261,-0.342987564206546,-0.216888100704589,-0.414290805365252,0.720296455313617,-0.247357129146474,1.11123440410268,-0.515356433100304,-0.153714709904593,-0.632820972017585,0.906209460060307,1.38765874844014,-0.77823418646359,0.100516170017552,1.52479772154389,-0.587995384226506,0.476357646331893,-0.314932181554224,-0.178937459190461,1.99142166997482,-0.582661964000784,0.289097700212145,-1.41313026896157,-1.0272749405735,-0.410680256665724
1059032.01687521,901159.489677585,-0.81246399296221,-1.18528826171162,-0.297658664803903,1.0255720833415,-0.316534753956288,0.111668996265414,-0.511731877824712,-0.761705081306842,0.306686145153272,0.263439593932869,-0.961974250327914,0.38785976128532,1.7762138696906,-0.689909895720012,-0.263582618727682,0.283775932751632,1.81744427638465,0.43654994838678,1.64667083811492,-0.697284280839869,-0.673486757797982,2.00466741701423,0.69142179602934,0.966678968143133,1.08695633915851,-0.160610733938618,0.543151749085297,-0.803141231548276,-0.885243927398488,-0.858445356896113,-0.40480998266802,-2.34267608393854,1.47324740535339,-0.29576774906324,1.0920329655631,-1.50251161271147,0.794603183178411,0.128038477491082,-0.339977874993228,1.3150676329395,0.229656159359367,-1.53529864920136,0.693457191667483,-1.74301766643653,0.771365762202679,-1.42687116202299,1.59545681741708,0.539678929694802,-1.027602526848,0.443158006891884,-1.34729908831577,-0.449635892134546,-0.367538912565452,-0.233246515695426,-0.38207417199066,0.753105996679265,-0.233820096158995,1.09729921490201,-0.503852120504623,-0.225271568948832,-0.646178168626723,0.906149019786756,1.31099700187208,-0.69995857416296,0.15462885877664,1.53481926988651,-0.553226192956624,0.437699609783555,-0.274017239023289,-0.159588687950424,1.97162368358108,-0.658432587753486,0.300668710515095,-1.34163243442316,-0.99862428993048,-0.439692289871987
1067181.24178994,901159.489677585,-0.746210952841949,-1.16731451748783,-0.303511439118188,1.06986375649722,-0.365435786068202,0.157013619897173,-0.472686013534222,-0.647456870022581,0.344368808932216,0.306024681966715,-0.984524548910194,0.327687221001562,1.76614296415222,-0.681099087790845,-0.245295967334898,0.31215946774698,1.94625221368654,0.413251150326875,1.62503814381384,-0.668347758748156,-0.650893133528708,2.04639132950685,0.663565230987212,0.817073108444509,1.13031547319743,-0.199078385513884,0.547560667655662,-0.860743559084474,-0.869316616524405,-0.889783236021753,-0.500879916940392,-2.39383404000701,1.52325825544265,-0.319190585507568,1.01747172498905,-1.53152145074094,0.830258704792235,0.0493060570315829,-0.37633092292381,1.25024630135377,0.188916567460374,-1.59750487448131,0.655499193388637,-1.75789234555151,0.851812355303039,-1.41222807722314,1.52979061435046,0.573412693537139,-0.990370861536459,0.526199258295747,-1.35843374016217,-0.487752399140432,-0.410906094915714,-0.24015706570883,-0.36066844437208,0.803426390155713,-0.222861410847973,1.08190418501325,-0.48938537606509,-0.286148890668416,-0.659515573385261,0.90562371487547,1.23714407459182,-0.624779131552327,0.186612579932324,1.54761038523399,-0.524252037011705,0.39873442485355,-0.222596531901814,-0.131063301284006,1.94777884711576,-0.724937580729147,0.33596207375022,-1.28886545664154,-0.953584797230921,-0.479843000881392
1075330.46670467,901159.489677585,-0.680224194028789,-1.14601638802008,-0.292446221316501,1.11452864525248,-0.397517652990423,0.200947552407826,-0.41895710988165,-0.550031251627247,0.386496784305613,0.343289932080801,-0.998362458304967,0.263259544036315,1.74508369117758,-0.710234032642918,-0.230323404634952,0.351033279408265,2.0758470527515,0.398453403509161,1.60307253788334,-0.617277303247571,-0.616649539281036,2.08452666696631,0.613525027979369,0.655981768806018,1.14048452521497,-0.237942736949453,0.566655873703097,-0.902737826437624,-0.867777145076071,-0.919561381494039,-0.60090297841615,-2.42117164716221,1.5653001475698,-0.342012946345385,0.96659568677935,-1.55002845569505,0.861679124415517,-0.0395036741633409,-0.418983110076107,1.16749425486222,0.146459874278425,-1.6498425459361,0.607655720369967,-1.74674381648548,0.920428430872798,-1.38873733827382,1.4754833310198,0.604432499948479,-0.943241440043445,0.59759337389813,-1.36256970749607,-0.520510784354171,-0.469011302808724,-0.238325277248216,-0.349771118150637,0.86667758629157,-0.213796649768074,1.06574586517569,-0.473477920018712,-0.329617898949099,-0.67130487505339,0.904003853267417,1.1724292395089,-0.556985734583554,0.198205419345862,1.56223262691346,-0.50073112618015,0.362645024992703,-0.163538567271629,-0.0956480270898021,1.91119482267468,-0.77918911489849,0.377024040714343,-1.25449163776187,-0.904861987650616,-0.532725342182261
1083479.69161941,901159.489677585,-0.61317007354881,-1.12202610675704,-0.27753168515403,1.15652788170832,-0.425443131013341,0.244957546686648,-0.364253685905109,-0.455277426054588,0.429883216440155,0.380679482723445,-1.00877693198072,0.195036415440264,1.72159705468414,-0.740907915750926,-0.215602826992315,0.39356803841487,2.2006429584389,0.384808051872644,1.57765346684437,-0.56433512518084,-0.579108006073622,2.11845578843384,0.560428795053437,0.486715775579703,1.14469562717381,-0.277001178830574,0.58735485974209,-0.939917474758062,-0.864208751138183,-0.944847946353398,-0.702204586173403,-2.44589965496119,1.60504629979917,-0.363864786167732,0.914920713722617,-1.56238977372927,0.891793402941542,-0.134409034426597,-0.459450342702998,1.07876562233752,0.105063592981703,-1.69731239117564,0.559832472282061,-1.72897483075679,0.986374306557652,-1.36247096176947,1.41970838917796,0.635014343037052,-0.894133851220837,0.66821742981411,-1.36122176836889,-0.55163921583219,-0.525069798401767,-0.233608346289752,-0.338663797744961,0.928962452518457,-0.204241086988476,1.04907880841056,-0.455903968036752,-0.370131791048437,-0.679698486709322,0.90267060712433,1.10432841184138,-0.490699939736973,0.207538460872011,1.57418103911525,-0.477311816268206,0.326395997791662,-0.105365302689002,-0.0596321681972348,1.8571114366914,-0.814722433102569,0.40296806330592,-1.2006216514806,-0.86260428483205,-0.585437614308957
1091628.91653414,901159.489677585,-0.550216275429556,-1.10114551695029,-0.253551831789855,1.19592682126995,-0.44446275411255,0.284279902251575,-0.317660803063019,-0.373332864387643,0.483690054177356,0.425437452149681,-1.02412054275303,0.13232518622741,1.69308269300133,-0.777327822606752,-0.193594393549609,0.426808244671797,2.31198225625743,0.378692088362468,1.55351078619558,-0.508120989147194,-0.543015043411395,2.1357848241405,0.504884664337428,0.326743026714542,1.14908693376826,-0.301580526755236,0.604785362263976,-0.977554690235287,-0.848478247177578,-0.961646651130396,-0.800092309157713,-2.45183152287328,1.64142401797567,-0.381192483939529,0.863393896573761,-1.57449910490855,0.910381170386132,-0.22234210031068,-0.48134596266874,0.99538219794339,0.0653020819458095,-1.7290225804916,0.507192074377828,-1.68849706578605,1.07051194524774,-1.33495229771095,1.35595079804816,0.65649618536772,-0.863309906009538,0.73607124876739,-1.34653040601971,-0.587308671825017,-0.569228425878632,-0.225345858607656,-0.314512887526443,0.986162065703805,-0.188975340259585,1.02628794736604,-0.445078525558778,-0.415609588927938,-0.687230760738305,0.907511069259237,1.02478756423725,-0.437697827579741,0.226633734359407,1.58239397565946,-0.449386035642854,0.28114374985748,-0.0580593860141734,-0.0227688563096353,1.7905639967593,-0.846310549767671,0.423183284992958,-1.15620178172594,-0.826040700637531,-0.647183351154241
1099778.14144887,901159.489677585,-0.490143736785203,-1.08624288380226,-0.216354214859467,1.23446143026676,-0.452022758942698,0.31839393569251,-0.282217666462106,-0.30673078065976,0.555708560287138,0.486084747407471,-1.05163196024744,0.0745536900378878,1.65794474955449,-0.82730426727951,-0.162503193684266,0.446453805034624,2.41249910557095,0.384392714732455,1.53305593454885,-0.447399592788938,-0.508173290995105,2.12974790840589,0.445542049443965,0.184217571217657,1.15400023381753,-0.306797079317454,0.617777798991719,-1.01864894857122,-0.816460342322772,-0.968061867706747,-0.899351493647707,-2.43753768188884,1.67605269621533,-0.394991100764803,0.810976403354659,-1.58866568332143,0.911680073793965,-0.303780298074584,-0.474849493174058,0.920829721659988,0.0271302936123757,-1.74136451250439,0.44382628053621,-1.6157144923581,1.18415387846115,-1.30554211274215,1.28006700233864,0.665172051605939,-0.860368164825892,0.806121931488784,-1.31250133378919,-0.636122098903084,-0.59524872660767,-0.211710659931014,-0.269413843925943,1.03819926485102,-0.16530363474285,0.994951973421272,-0.445178302409688,-0.471952608682786,-0.696303847719496,0.923823761358508,0.923131613780832,-0.403230289909218,0.261751685740353,1.58781272887134,-0.415237534468082,0.21896133959431,-0.028027914253973,0.0194168229206173,1.70872899213657,-0.875565710851342,0.444316053609965,-1.13191345917461,-0.793801445906688,-0.726020015961027
1107927.36636361,901159.489677585,NA,NA,NA,NA,NA,NA,NA,NA,NA,NA,NA,NA,NA,NA,NA,NA,NA,NA,NA,NA,NA,NA,NA,NA,NA,NA,NA,NA,NA,NA,NA,NA,NA,NA,NA,NA,NA,NA,NA,NA,NA,NA,NA,NA,NA,NA,NA,NA,NA,NA,NA,NA,NA,NA,NA,NA,NA,NA,NA,NA,NA,NA,NA,NA,NA,NA,NA,NA,NA,NA,NA,NA,NA,NA,NA,NA
1116076.59127834,901159.489677585,NA,NA,NA,NA,NA,NA,NA,NA,NA,NA,NA,NA,NA,NA,NA,NA,NA,NA,NA,NA,NA,NA,NA,NA,NA,NA,NA,NA,NA,NA,NA,NA,NA,NA,NA,NA,NA,NA,NA,NA,NA,NA,NA,NA,NA,NA,NA,NA,NA,NA,NA,NA,NA,NA,NA,NA,NA,NA,NA,NA,NA,NA,NA,NA,NA,NA,NA,NA,NA,NA,NA,NA,NA,NA,NA,NA
1124225.81619307,901159.489677585,NA,NA,NA,NA,NA,NA,NA,NA,NA,NA,NA,NA,NA,NA,NA,NA,NA,NA,NA,NA,NA,NA,NA,NA,NA,NA,NA,NA,NA,NA,NA,NA,NA,NA,NA,NA,NA,NA,NA,NA,NA,NA,NA,NA,NA,NA,NA,NA,NA,NA,NA,NA,NA,NA,NA,NA,NA,NA,NA,NA,NA,NA,NA,NA,NA,NA,NA,NA,NA,NA,NA,NA,NA,NA,NA,NA
1132375.04110781,901159.489677585,NA,NA,NA,NA,NA,NA,NA,NA,NA,NA,NA,NA,NA,NA,NA,NA,NA,NA,NA,NA,NA,NA,NA,NA,NA,NA,NA,NA,NA,NA,NA,NA,NA,NA,NA,NA,NA,NA,NA,NA,NA,NA,NA,NA,NA,NA,NA,NA,NA,NA,NA,NA,NA,NA,NA,NA,NA,NA,NA,NA,NA,NA,NA,NA,NA,NA,NA,NA,NA,NA,NA,NA,NA,NA,NA,NA
1140524.26602254,901159.489677585,NA,NA,NA,NA,NA,NA,NA,NA,NA,NA,NA,NA,NA,NA,NA,NA,NA,NA,NA,NA,NA,NA,NA,NA,NA,NA,NA,NA,NA,NA,NA,NA,NA,NA,NA,NA,NA,NA,NA,NA,NA,NA,NA,NA,NA,NA,NA,NA,NA,NA,NA,NA,NA,NA,NA,NA,NA,NA,NA,NA,NA,NA,NA,NA,NA,NA,NA,NA,NA,NA,NA,NA,NA,NA,NA,NA
1148673.49093727,901159.489677585,NA,NA,NA,NA,NA,NA,NA,NA,NA,NA,NA,NA,NA,NA,NA,NA,NA,NA,NA,NA,NA,NA,NA,NA,NA,NA,NA,NA,NA,NA,NA,NA,NA,NA,NA,NA,NA,NA,NA,NA,NA,NA,NA,NA,NA,NA,NA,NA,NA,NA,NA,NA,NA,NA,NA,NA,NA,NA,NA,NA,NA,NA,NA,NA,NA,NA,NA,NA,NA,NA,NA,NA,NA,NA,NA,NA
1156822.71585201,901159.489677585,NA,NA,NA,NA,NA,NA,NA,NA,NA,NA,NA,NA,NA,NA,NA,NA,NA,NA,NA,NA,NA,NA,NA,NA,NA,NA,NA,NA,NA,NA,NA,NA,NA,NA,NA,NA,NA,NA,NA,NA,NA,NA,NA,NA,NA,NA,NA,NA,NA,NA,NA,NA,NA,NA,NA,NA,NA,NA,NA,NA,NA,NA,NA,NA,NA,NA,NA,NA,NA,NA,NA,NA,NA,NA,NA,NA
1164971.94076674,901159.489677585,NA,NA,NA,NA,NA,NA,NA,NA,NA,NA,NA,NA,NA,NA,NA,NA,NA,NA,NA,NA,NA,NA,NA,NA,NA,NA,NA,NA,NA,NA,NA,NA,NA,NA,NA,NA,NA,NA,NA,NA,NA,NA,NA,NA,NA,NA,NA,NA,NA,NA,NA,NA,NA,NA,NA,NA,NA,NA,NA,NA,NA,NA,NA,NA,NA,NA,NA,NA,NA,NA,NA,NA,NA,NA,NA,NA
1173121.16568148,901159.489677585,NA,NA,NA,NA,NA,NA,NA,NA,NA,NA,NA,NA,NA,NA,NA,NA,NA,NA,NA,NA,NA,NA,NA,NA,NA,NA,NA,NA,NA,NA,NA,NA,NA,NA,NA,NA,NA,NA,NA,NA,NA,NA,NA,NA,NA,NA,NA,NA,NA,NA,NA,NA,NA,NA,NA,NA,NA,NA,NA,NA,NA,NA,NA,NA,NA,NA,NA,NA,NA,NA,NA,NA,NA,NA,NA,NA
1181270.39059621,901159.489677585,NA,NA,NA,NA,NA,NA,NA,NA,NA,NA,NA,NA,NA,NA,NA,NA,NA,NA,NA,NA,NA,NA,NA,NA,NA,NA,NA,NA,NA,NA,NA,NA,NA,NA,NA,NA,NA,NA,NA,NA,NA,NA,NA,NA,NA,NA,NA,NA,NA,NA,NA,NA,NA,NA,NA,NA,NA,NA,NA,NA,NA,NA,NA,NA,NA,NA,NA,NA,NA,NA,NA,NA,NA,NA,NA,NA
1189419.61551094,901159.489677585,NA,NA,NA,NA,NA,NA,NA,NA,NA,NA,NA,NA,NA,NA,NA,NA,NA,NA,NA,NA,NA,NA,NA,NA,NA,NA,NA,NA,NA,NA,NA,NA,NA,NA,NA,NA,NA,NA,NA,NA,NA,NA,NA,NA,NA,NA,NA,NA,NA,NA,NA,NA,NA,NA,NA,NA,NA,NA,NA,NA,NA,NA,NA,NA,NA,NA,NA,NA,NA,NA,NA,NA,NA,NA,NA,NA
1197568.84042568,901159.489677585,NA,NA,NA,NA,NA,NA,NA,NA,NA,NA,NA,NA,NA,NA,NA,NA,NA,NA,NA,NA,NA,NA,NA,NA,NA,NA,NA,NA,NA,NA,NA,NA,NA,NA,NA,NA,NA,NA,NA,NA,NA,NA,NA,NA,NA,NA,NA,NA,NA,NA,NA,NA,NA,NA,NA,NA,NA,NA,NA,NA,NA,NA,NA,NA,NA,NA,NA,NA,NA,NA,NA,NA,NA,NA,NA,NA
1205718.06534041,901159.489677585,NA,NA,NA,NA,NA,NA,NA,NA,NA,NA,NA,NA,NA,NA,NA,NA,NA,NA,NA,NA,NA,NA,NA,NA,NA,NA,NA,NA,NA,NA,NA,NA,NA,NA,NA,NA,NA,NA,NA,NA,NA,NA,NA,NA,NA,NA,NA,NA,NA,NA,NA,NA,NA,NA,NA,NA,NA,NA,NA,NA,NA,NA,NA,NA,NA,NA,NA,NA,NA,NA,NA,NA,NA,NA,NA,NA
1213867.29025514,901159.489677585,NA,NA,NA,NA,NA,NA,NA,NA,NA,NA,NA,NA,NA,NA,NA,NA,NA,NA,NA,NA,NA,NA,NA,NA,NA,NA,NA,NA,NA,NA,NA,NA,NA,NA,NA,NA,NA,NA,NA,NA,NA,NA,NA,NA,NA,NA,NA,NA,NA,NA,NA,NA,NA,NA,NA,NA,NA,NA,NA,NA,NA,NA,NA,NA,NA,NA,NA,NA,NA,NA,NA,NA,NA,NA,NA,NA
1222016.51516988,901159.489677585,NA,NA,NA,NA,NA,NA,NA,NA,NA,NA,NA,NA,NA,NA,NA,NA,NA,NA,NA,NA,NA,NA,NA,NA,NA,NA,NA,NA,NA,NA,NA,NA,NA,NA,NA,NA,NA,NA,NA,NA,NA,NA,NA,NA,NA,NA,NA,NA,NA,NA,NA,NA,NA,NA,NA,NA,NA,NA,NA,NA,NA,NA,NA,NA,NA,NA,NA,NA,NA,NA,NA,NA,NA,NA,NA,NA
879749.068751066,893010.264762852,NA,NA,NA,NA,NA,NA,NA,NA,NA,NA,NA,NA,NA,NA,NA,NA,NA,NA,NA,NA,NA,NA,NA,NA,NA,NA,NA,NA,NA,NA,NA,NA,NA,NA,NA,NA,NA,NA,NA,NA,NA,NA,NA,NA,NA,NA,NA,NA,NA,NA,NA,NA,NA,NA,NA,NA,NA,NA,NA,NA,NA,NA,NA,NA,NA,NA,NA,NA,NA,NA,NA,NA,NA,NA,NA,NA
887898.2936658,893010.264762852,NA,NA,NA,NA,NA,NA,NA,NA,NA,NA,NA,NA,NA,NA,NA,NA,NA,NA,NA,NA,NA,NA,NA,NA,NA,NA,NA,NA,NA,NA,NA,NA,NA,NA,NA,NA,NA,NA,NA,NA,NA,NA,NA,NA,NA,NA,NA,NA,NA,NA,NA,NA,NA,NA,NA,NA,NA,NA,NA,NA,NA,NA,NA,NA,NA,NA,NA,NA,NA,NA,NA,NA,NA,NA,NA,NA
896047.518580533,893010.264762852,NA,NA,NA,NA,NA,NA,NA,NA,NA,NA,NA,NA,NA,NA,NA,NA,NA,NA,NA,NA,NA,NA,NA,NA,NA,NA,NA,NA,NA,NA,NA,NA,NA,NA,NA,NA,NA,NA,NA,NA,NA,NA,NA,NA,NA,NA,NA,NA,NA,NA,NA,NA,NA,NA,NA,NA,NA,NA,NA,NA,NA,NA,NA,NA,NA,NA,NA,NA,NA,NA,NA,NA,NA,NA,NA,NA
904196.743495267,893010.264762852,NA,NA,NA,NA,NA,NA,NA,NA,NA,NA,NA,NA,NA,NA,NA,NA,NA,NA,NA,NA,NA,NA,NA,NA,NA,NA,NA,NA,NA,NA,NA,NA,NA,NA,NA,NA,NA,NA,NA,NA,NA,NA,NA,NA,NA,NA,NA,NA,NA,NA,NA,NA,NA,NA,NA,NA,NA,NA,NA,NA,NA,NA,NA,NA,NA,NA,NA,NA,NA,NA,NA,NA,NA,NA,NA,NA
912345.96841,893010.264762852,NA,NA,NA,NA,NA,NA,NA,NA,NA,NA,NA,NA,NA,NA,NA,NA,NA,NA,NA,NA,NA,NA,NA,NA,NA,NA,NA,NA,NA,NA,NA,NA,NA,NA,NA,NA,NA,NA,NA,NA,NA,NA,NA,NA,NA,NA,NA,NA,NA,NA,NA,NA,NA,NA,NA,NA,NA,NA,NA,NA,NA,NA,NA,NA,NA,NA,NA,NA,NA,NA,NA,NA,NA,NA,NA,NA
920495.193324734,893010.264762852,NA,NA,NA,NA,NA,NA,NA,NA,NA,NA,NA,NA,NA,NA,NA,NA,NA,NA,NA,NA,NA,NA,NA,NA,NA,NA,NA,NA,NA,NA,NA,NA,NA,NA,NA,NA,NA,NA,NA,NA,NA,NA,NA,NA,NA,NA,NA,NA,NA,NA,NA,NA,NA,NA,NA,NA,NA,NA,NA,NA,NA,NA,NA,NA,NA,NA,NA,NA,NA,NA,NA,NA,NA,NA,NA,NA
928644.418239468,893010.264762852,-2.90392525055704,-0.862280236793454,0.267939825285232,0.32021937835223,-0.0893858494204096,-0.124575275037099,-1.12043108894409,-2.72213750380047,0.638417842782545,-0.142565177391456,-0.778322740752977,0.752696052446472,1.50780135637713,-1.13566305919065,0.303490573141194,0.252684425272059,0.673324296183296,0.986252800408067,1.27436130324946,-1.53942981423577,-0.602531414993125,1.46168245110699,0.527988508394087,1.28883237874586,0.475050306756615,0.430863817304838,0.754981221151234,-1.25742507164114,-1.94593836837184,-0.931992476355364,-0.221340283096361,-1.55443719779211,0.764116060189298,0.312310386073592,1.77950013793262,-1.14164776801435,0.49118263040348,0.356075029959873,0.126247777111208,1.7283080681138,1.26302118373393,-0.731968290309994,1.10117355124189,-1.49559368767702,0.395228079890738,-1.6856916940942,1.1789114824923,0.330904055617505,-0.70609305797475,0.139316347722038,-0.759412338242991,-0.0622979524929952,0.0461655937758878,0.365344208212812,0.0329990107048314,0.221049273342393,0.55098061410515,1.24459283623843,-0.363091505701316,0.0237737736820223,-0.301189682562351,0.889390583373666,2.03381431294526,-1.07095521344847,-0.477886877958762,0.867226205133759,-0.990828671232335,0.234652548451617,-0.221259720361823,0.142551140328623,1.66820551767387,0.559292554785457,0.213783181349421,-1.77381398909609,-1.32956041291517,-0.483901694917757
936793.643154201,893010.264762852,-2.7722305976446,-0.847197605568931,0.213527413342197,0.361273338079172,-0.0505112817168941,-0.153188149497265,-1.12129546546238,-2.65527489078845,0.617707222836909,-0.141314272347792,-0.791438722513003,0.753292205028661,1.51672816112171,-1.12297086768137,0.263968473254897,0.217317840231154,0.686478807800751,0.977238526419378,1.31297956283322,-1.45946609225379,-0.616006022324118,1.48270464565439,0.549648122274732,1.30920040177668,0.481182839068847,0.446457322401275,0.770700108718684,-1.18226837405856,-1.9328560827451,-0.891391192580291,-0.187433737155228,-1.57742184642591,0.743980616883033,0.265965614776708,1.77102570250485,-1.14445986666577,0.479704555363156,0.362170687999577,0.109236389227092,1.71810164588014,1.25324676810667,-0.746620492225626,1.08566235311394,-1.4802272039811,0.343035000137579,-1.63897428340949,1.26651134486998,0.321076236040681,-0.747134218484225,0.137560139679876,-0.802857682665409,-0.0941184531113853,0.0134403475728121,0.315004551036617,-0.0227337905680601,0.259120011797935,0.475695517665228,1.24836917590264,-0.379493349931527,-0.0153270039201804,-0.322624721427513,0.87090374354883,2.02703176674065,-1.09168864169163,-0.459230618217333,0.90864970743867,-0.993151572351322,0.256027879086904,-0.216301865017587,0.079146728853367,1.72844716829337,0.568902376156212,0.227895800632707,-1.78485676382689,-1.28842424531874,-0.471593348554419
944942.868068935,893010.264762852,-2.63122750867749,-0.853296904046113,0.163639767662308,0.39846672473213,-0.0198806369092134,-0.168147290254194,-1.10143975798005,-2.5791828206576,0.58437399627483,-0.145480002448494,-0.797178548408892,0.74961860455766,1.52841442566217,-1.11145951592291,0.199485526996969,0.194806988588032,0.707345319210929,0.947078546469865,1.35266422119015,-1.38927570579495,-0.626601247244142,1.50797458857579,0.571244006591047,1.33350476604267,0.49297487985932,0.436253609750069,0.778724177321984,-1.12076285751063,-1.90389946022682,-0.855478576487568,-0.159303269184101,-1.61199935681623,0.737845541928335,0.233402640682421,1.76216471884217,-1.15235796210618,0.473047755925419,0.369384113577371,0.0941977588234114,1.71020946813814,1.23000045195234,-0.75856696620703,1.06314268452655,-1.46165287592833,0.297577807595899,-1.59543037996297,1.34751355557802,0.31760700955359,-0.783387025408189,0.119069775908577,-0.84541541028837,-0.114447102773975,-0.0193889194205266,0.26461819321508,-0.0710402357705614,0.288957692437896,0.40857197639135,1.24322945436685,-0.395295618218339,-0.0338740374346252,-0.340140028064413,0.865402464215912,2.01638708506297,-1.12000095425332,-0.439045549161401,0.947008786325089,-0.993177931729488,0.278767336628846,-0.238886053872797,0.0290552627759467,1.78675231289939,0.565858791369865,0.255921165400645,-1.76596740032952,-1.24651956572737,-0.443456323622006
953092.092983668,893010.264762852,-2.45296938517312,-0.884098033594932,0.110718653996215,0.440680501344279,0.008764193876761,-0.168897382728136,-1.05292447361438,-2.47624217295677,0.531354754842514,-0.154371219470215,-0.794240025896567,0.741657490809495,1.54672693153038,-1.09714367932319,0.0943326142489115,0.184664264036947,0.742635378130212,0.888767547057493,1.40265631829753,-1.3137877484553,-0.634304282701948,1.5444748341797,0.598277781616378,1.36811460575502,0.514813680665455,0.396981850374119,0.781492356476752,-1.06062075074262,-1.84921352613063,-0.816416349811293,-0.130054887928857,-1.66692875434941,0.747948145268264,0.211377453371942,1.75254901174973,-1.16606101210413,0.471646381812797,0.38072910832365,0.0797795918857224,1.70457666126354,1.18858697659245,-0.768106978353356,1.02948076038733,-1.43400563566732,0.252628133393917,-1.54574684736247,1.43888263854843,0.322364818713228,-0.819579061895944,0.0797422484027721,-0.893613505632549,-0.124576254969796,-0.0573801734503042,0.20579176703406,-0.118626529134968,0.317202388623295,0.338950452560357,1.22919588805416,-0.41215642398969,-0.030160393387656,-0.355033784544429,0.875252441213477,2.00102967505216,-1.16059657915724,-0.411457052605446,0.991326388001949,-0.988704399689182,0.308761735587535,-0.296321603416504,-0.014226160619087,1.83778294006022,0.525723233441918,0.28455158006297,-1.73317047794518,-1.21207225016585,-0.412425331934851
961241.317898402,893010.264762852,-2.23450923694209,-0.923764952116412,0.049464264927909,0.493339860301965,0.0441948055029548,-0.162796881646478,-0.984416132959536,-2.34187706685653,0.466203574092891,-0.162432180587328,-0.785095432617951,0.733386563953782,1.56992185300358,-1.07534931994664,-0.0406302754208269,0.178674974668848,0.788925222151619,0.815035514303664,1.46282522831044,-1.21928771991403,-0.639007571798514,1.58894340845217,0.632939399680815,1.41065146356674,0.544575472222275,0.345802311903736,0.785025655506884,-0.985918509725366,-1.77235865343413,-0.765829704317989,-0.0929543817371692,-1.73800296284812,0.765778209878809,0.190096000935201,1.74080115705252,-1.18059405735908,0.473753276212145,0.397097995641596,0.0654631717574484,1.69835835886629,1.13622768910186,-0.775949393836065,0.988880983513007,-1.39471424159395,0.201996122792344,-1.48103857909093,1.5449623162192,0.33203164112254,-0.859839947767111,0.0312076850925031,-0.950410626926352,-0.131165387901343,-0.101298539070063,0.135897589410782,-0.172755602557377,0.35256395058133,0.257429911836135,1.21168412985918,-0.429153290415931,-0.0185878736136211,-0.36922760738323,0.891521453513621,1.98119807520535,-1.20961050474836,-0.373573853066653,1.0451744083417,-0.978218653467322,0.347788017069906,-0.370586907173055,-0.0611106554516277,1.86782616679813,0.439880682534003,0.287789135883867,-1.7140154598203,-1.19161437039396,-0.401272221912086
969390.542813136,893010.264762852,-2.02196186097816,-0.961476281735786,-0.00739471802914066,0.546248105721266,0.0729938038892565,-0.150526277729076,-0.9117806465709,-2.20004633119989,0.407785733934069,-0.162904861520857,-0.774797212378796,0.726758256420757,1.59417239477404,-1.05093786636874,-0.167919321584342,0.178818488506915,0.836039713402029,0.748075634816576,1.51992883642337,-1.12305218173608,-0.639996288879188,1.62766552933351,0.66495533523373,1.44803520351358,0.572215013853891,0.297946790791974,0.786960848271659,-0.908536559568391,-1.68696776136562,-0.716487946058334,-0.0615352424380081,-1.80560029255902,0.790236146819989,0.165756064128527,1.72331150615374,-1.19248812393998,0.479445959933822,0.411398591341628,0.0506255329351103,1.68846819940127,1.07983399906037,-0.786822032221645,0.950278412981464,-1.35468936380904,0.158967684452644,-1.4194483804021,1.63807673791658,0.341435033296089,-0.896549159847334,-0.00869155376448886,-1.00436665441758,-0.135843313134191,-0.143600375039471,0.0704000297713873,-0.224850622951473,0.39168564362825,0.178020139413893,1.19535791533257,-0.443568819697872,-0.0116665529866488,-0.383487969169949,0.906359136022976,1.95577717227775,-1.2504226971575,-0.331727327972394,1.09906512034637,-0.961020357898895,0.386384033837714,-0.438033835426775,-0.101443790416186,1.87884767590533,0.331804821269881,0.272382074564692,-1.70909629253304,-1.18085648698412,-0.404825240973524
977539.767727869,893010.264762852,NA,NA,NA,NA,NA,NA,NA,NA,NA,NA,NA,NA,NA,NA,NA,NA,NA,NA,NA,NA,NA,NA,NA,NA,NA,NA,NA,NA,NA,NA,NA,NA,NA,NA,NA,NA,NA,NA,NA,NA,NA,NA,NA,NA,NA,NA,NA,NA,NA,NA,NA,NA,NA,NA,NA,NA,NA,NA,NA,NA,NA,NA,NA,NA,NA,NA,NA,NA,NA,NA,NA,NA,NA,NA,NA,NA
985688.992642603,893010.264762852,NA,NA,NA,NA,NA,NA,NA,NA,NA,NA,NA,NA,NA,NA,NA,NA,NA,NA,NA,NA,NA,NA,NA,NA,NA,NA,NA,NA,NA,NA,NA,NA,NA,NA,NA,NA,NA,NA,NA,NA,NA,NA,NA,NA,NA,NA,NA,NA,NA,NA,NA,NA,NA,NA,NA,NA,NA,NA,NA,NA,NA,NA,NA,NA,NA,NA,NA,NA,NA,NA,NA,NA,NA,NA,NA,NA
993838.217557336,893010.264762852,NA,NA,NA,NA,NA,NA,NA,NA,NA,NA,NA,NA,NA,NA,NA,NA,NA,NA,NA,NA,NA,NA,NA,NA,NA,NA,NA,NA,NA,NA,NA,NA,NA,NA,NA,NA,NA,NA,NA,NA,NA,NA,NA,NA,NA,NA,NA,NA,NA,NA,NA,NA,NA,NA,NA,NA,NA,NA,NA,NA,NA,NA,NA,NA,NA,NA,NA,NA,NA,NA,NA,NA,NA,NA,NA,NA
1001987.44247207,893010.264762852,NA,NA,NA,NA,NA,NA,NA,NA,NA,NA,NA,NA,NA,NA,NA,NA,NA,NA,NA,NA,NA,NA,NA,NA,NA,NA,NA,NA,NA,NA,NA,NA,NA,NA,NA,NA,NA,NA,NA,NA,NA,NA,NA,NA,NA,NA,NA,NA,NA,NA,NA,NA,NA,NA,NA,NA,NA,NA,NA,NA,NA,NA,NA,NA,NA,NA,NA,NA,NA,NA,NA,NA,NA,NA,NA,NA
1010136.6673868,893010.264762852,-1.27457604970905,-1.14070537195796,-0.187688320085418,0.790394999022434,-0.0434350684619676,-0.0334235461133032,-0.621048029399622,-1.5468343656898,0.294718045574009,-0.00989964644924451,-0.832872101896852,0.677069727864608,1.74307638083987,-0.989899480253476,-0.366145881920411,0.267424101396704,1.11554675587137,0.622123029519011,1.73999871061437,-0.752837447777659,-0.659499511893266,1.74155016913412,0.683512210221081,1.45466087994145,0.636095940807476,0.104808700150965,0.69030867509518,-0.64045568117927,-1.23062809396641,-0.698097988458877,-0.1269979840026,-1.95040036964183,1.0657254552784,-0.106476792362161,1.50014630090241,-1.30978512553541,0.578398370918344,0.367291397603546,-0.14358046653011,1.53773081499027,0.632598796935179,-1.10211384661399,0.808564319706023,-1.37167399376564,0.184506424551191,-1.40722710223632,1.83262810657041,0.338879311111361,-1.02599618802716,0.0376735598012198,-1.22992644508102,-0.220907515787199,-0.333532730602676,-0.13740863209945,-0.451700612729153,0.630410844795961,-0.160283491085796,1.15139312352622,-0.52191084966271,-0.113138666219886,-0.525484044381246,0.898960582987924,1.70987754399119,-1.14467914845227,-0.120451852782587,1.36331065955542,-0.772654490091168,0.503801642626102,-0.474385020245163,-0.186494238161746,2.05212367891514,-0.0937064883694528,0.332750829319866,-1.60258551962121,-1.06226486340848,-0.290386628349234
1018285.89230154,893010.264762852,-1.18747422545087,-1.15767324966,-0.208286662011526,0.833357981714993,-0.0489384642909114,-0.0278364985124048,-0.598104554018659,-1.44612980073868,0.271850679463742,0.018467107657075,-0.847659411558808,0.647529604950835,1.7468786820394,-0.974856968581497,-0.354872027117056,0.265842580380369,1.19032096216588,0.605368240633211,1.74528248700014,-0.706459258338837,-0.673791004373175,1.78228437447333,0.67123569961432,1.39842030180593,0.682645509903831,0.0520809814986138,0.658018693067152,-0.640378985982713,-1.15255634136193,-0.73233978982201,-0.125756756566587,-1.98915843594981,1.11606284077942,-0.132211842435255,1.47930065193939,-1.34799821593205,0.61231527551878,0.362694903674975,-0.190639577528946,1.50428096532581,0.54071827583943,-1.1789122745207,0.79684914546781,-1.43546350609812,0.240608015683313,-1.42219648360765,1.82771346689017,0.352864552355046,-1.0508597113779,0.065982619851235,-1.27233018837149,-0.243168669407635,-0.331837296632673,-0.168219592702353,-0.473866018837794,0.660016489565309,-0.201409786268778,1.14570085932526,-0.52783474643333,-0.0615381111382335,-0.544602165832224,0.886798856045649,1.66523927142926,-1.08147127188829,-0.0862863847117692,1.39280084663942,-0.720993706195685,0.51818158210237,-0.418911085258303,-0.204493787743292,2.05897464930662,-0.163085818653414,0.348772278932204,-1.5913908099493,-1.04569130579792,-0.294057720177996
1026435.11721627,893010.264762852,-1.07527644322157,-1.17491528255653,-0.233746709316355,0.889474707666572,-0.0577906508696229,-0.0168659221686173,-0.566860954409116,-1.31402981626409,0.245458191885546,0.0571123778618986,-0.864412726494237,0.608207965983534,1.75125484826088,-0.948355768426341,-0.337029479815793,0.264941223004078,1.28836500056995,0.582362131272626,1.74995083987864,-0.646929566870538,-0.688813018076937,1.83439738707598,0.657003257634743,1.32005900758223,0.74691845252085,-0.0160265087933178,0.616580149486322,-0.64097515503331,-1.05273640016459,-0.774762472373135,-0.126545889482826,-2.03661185227354,1.1813833029316,-0.163909521453733,1.44666302628837,-1.39491746314721,0.657604604683054,0.355585450229532,-0.250271215096296,1.45937090551034,0.419654340732837,-1.27917985854597,0.781370539532937,-1.51696521045921,0.316812532569347,-1.43684378330257,1.81689961786627,0.373161882283334,-1.07810636818417,0.10776110535073,-1.32405186640359,-0.271529173740997,-0.327894277752057,-0.206575716370434,-0.497084800389762,0.698759339559296,-0.251584982829866,1.13793686905363,-0.531162529535242,-0.00107223119229299,-0.566727193192337,0.872119310150412,1.60329532526923,-0.996318957862514,-0.0384555125458368,1.42966620498058,-0.652731201699173,0.535456441905149,-0.347109643134408,-0.224725301943076,2.04972856343202,-0.270597556024446,0.356545448634497,-1.5845231677393,-1.02717738617471,-0.319872883755254
1034584.342131,893010.264762852,-0.982733845984692,-1.18200617843799,-0.259424297995065,0.940922078554229,-0.0920692107771686,0.00734813282538675,-0.549106296780009,-1.17474675720375,0.242526677558493,0.093709303589937,-0.885291661699641,0.567303469900651,1.76236663979526,-0.898666339352793,-0.315310223599017,0.2638884190939,1.39421138905235,0.550157943559879,1.74735817497711,-0.618252990318711,-0.696923062491177,1.88642626165021,0.656193664011179,1.23045813202374,0.831637195840608,-0.0691767854306356,0.58732882554653,-0.669981468199444,-0.98123898540821,-0.812477623588394,-0.161158514955389,-2.08816714429269,1.2437508357678,-0.188636354223208,1.38684864343718,-1.44057660265434,0.702629389180221,0.332132044150114,-0.294453358826966,1.42408801919342,0.335706058643277,-1.36741388880885,0.766073823408373,-1.58729331381479,0.406011297787422,-1.44686322641925,1.78560225730554,0.398846280371944,-1.08786540356128,0.17090568201721,-1.36221593253412,-0.304753178962308,-0.329811956498395,-0.236276146167735,-0.49031680790746,0.731403418112715,-0.276255389097988,1.13331731997178,-0.522473950763967,-0.0056011322605551,-0.584121300453645,0.868404324589954,1.53901344932699,-0.90964024519066,0.0171596089813924,1.45603470398212,-0.598203906299414,0.531577083391693,-0.296197346936168,-0.232367633317433,2.02856179915591,-0.379522882774886,0.348231008472399,-1.56480257761212,-1.01530868933641,-0.35841699012841
1042733.56704574,893010.264762852,-0.920918537719015,-1.17960907756971,-0.28233266609817,0.980925692660719,-0.147269509494208,0.0397660366453864,-0.54688241896956,-1.05070604590316,0.262636850813158,0.123215500168083,-0.908483040332579,0.530552003896178,1.77895738722333,-0.837131790913051,-0.294108996662222,0.262101697648425,1.49321066786873,0.513067052710429,1.73894520346881,-0.622996685506912,-0.698224427933833,1.93138864121546,0.668215126872789,1.14173602483441,0.922886741666233,-0.100334448912461,0.574103400080733,-0.723591743002788,-0.945615297708364,-0.84122535709707,-0.224987221795792,-2.13724660451363,1.29470742056925,-0.203807570012056,1.30764943712155,-1.48029779867373,0.741475573040101,0.295940157933936,-0.317392497709664,1.40320997322423,0.301967240171525,-1.43054164641776,0.752891574881752,-1.63688609979519,0.493658542453125,-1.4523252212529,1.73855563727717,0.425577767339424,-1.08061789366584,0.244207488762838,-1.38262779923284,-0.338888103584205,-0.33841591445676,-0.253838798262204,-0.457081365356859,0.753898004503848,-0.27292236776027,1.13215249542662,-0.504771131518595,-0.0728262456237626,-0.595269716486445,0.875332594268806,1.48120150523036,-0.834961624200219,0.0712581679408446,1.46891833958976,-0.564198312243755,0.507490679149392,-0.271762598533544,-0.22731878629991,2.00550146359248,-0.466695767694467,0.33160881764275,-1.53095270321663,-1.00872250775235,-0.397058051785669
1050882.79196047,893010.264762852,-0.859876714251427,-1.17381550820846,-0.305839174498896,1.02090102029364,-0.213068381916787,0.0763353986163284,-0.548239214570032,-0.925594831048828,0.288292831910844,0.151945853699576,-0.931836901262171,0.48946949919832,1.79542708579519,-0.769018267333196,-0.271285919515145,0.25941441462172,1.59601474414133,0.469260613110048,1.7246329613687,-0.634125786976106,-0.697012769622811,1.97655168615297,0.683010795802119,1.04096585345719,1.02105553220969,-0.129587797820637,0.562106068766511,-0.786470351465864,-0.913648867791825,-0.86899505923473,-0.302374336602695,-2.18618016097436,1.34603645583835,-0.217920511525646,1.21175188880346,-1.5192089468647,0.780510644403671,0.252105061569809,-0.337208167980164,1.38114821904275,0.275552911372679,-1.4914172638682,0.737503519335796,-1.68273874984814,0.587223154351011,-1.4558204792046,1.68023861903953,0.453624213082088,-1.06796401103097,0.323236209915667,-1.39782227888134,-0.376125009462817,-0.348040568732457,-0.269808724456015,-0.415617182340599,0.774766866320612,-0.263478949893164,1.13041242818733,-0.482599740954412,-0.162143803915435,-0.605329900176787,0.884665438704401,1.41617280861521,-0.757897491586896,0.128578211112845,1.47789612495884,-0.531817631546722,0.47615801504474,-0.251706087074424,-0.219666087646747,1.98411191788026,-0.548741262845329,0.3214678630333,-1.48011802457751,-0.995013556619171,-0.431282349170666
1059032.01687521,893010.264762852,-0.791391856181166,-1.16388094253055,-0.326120130784429,1.06349341707303,-0.281927773089239,0.11702921680389,-0.542401326075994,-0.796446632567499,0.318702009948441,0.183326027905783,-0.954163483873097,0.439249364208657,1.80789512990786,-0.707425471641407,-0.247287619146196,0.262035343823318,1.70884865645638,0.422119394018205,1.70487601424136,-0.637984332205516,-0.689604574675466,2.02244293970396,0.691065733118384,0.919871469411927,1.11481840427015,-0.163194626047524,0.552687495445647,-0.851646265460437,-0.881435936457978,-0.897575226027495,-0.391646160348,-2.23440602942756,1.39905694322166,-0.233798322793782,1.10569395797502,-1.55625469010783,0.82155515836427,0.19687200809058,-0.360667677383953,1.34772353602975,0.244972380593776,-1.5555036126685,0.716856197246911,-1.72243580965777,0.684241775018818,-1.45404392324494,1.61398128910987,0.48409659001818,-1.04746641675935,0.407270149819071,-1.4099510470938,-0.415978085373452,-0.362146789554734,-0.283986033245247,-0.373702893542565,0.801480160711349,-0.253299919474764,1.12650021941604,-0.457262051879625,-0.258455785088249,-0.614532549285049,0.893460899555768,1.34111667882638,-0.675754048705447,0.184225659655964,1.4858461664091,-0.497348169829815,0.440745008939141,-0.225559129104975,-0.208005601592162,1.95974256966689,-0.631826650615229,0.322093544211292,-1.42164365053077,-0.970813274358488,-0.466744498083823
1067181.24178994,893010.264762852,-0.719368797716458,-1.14702602073602,-0.327476059069264,1.10522247969058,-0.328681817635918,0.16147821193851,-0.509569493306003,-0.68044469388719,0.359383872792836,0.219504727189869,-0.974520128167535,0.372472233918933,1.80799131820544,-0.700363529861831,-0.234430138639356,0.296633895987915,1.83649183837053,0.392916373030214,1.68308779419758,-0.612315476420396,-0.662980115149821,2.0645239978759,0.665548727992594,0.774879903307112,1.15530967513798,-0.206620534236371,0.561718550934796,-0.905154611155408,-0.866271455436871,-0.925197785240447,-0.490598388616205,-2.29106298550331,1.447513178578,-0.256072992018407,1.02641917251305,-1.58270730568419,0.858944795117974,0.110353439354092,-0.394340367833752,1.28492020462503,0.209756621338842,-1.61920795904332,0.68741290154303,-1.73389198349987,0.762844480235977,-1.44159115141696,1.5574194490686,0.516004398027998,-1.00976353622711,0.490567916239568,-1.41693015197934,-0.454514519874323,-0.396918649555229,-0.287931015379872,-0.353237858271014,0.848993303097806,-0.247362692880695,1.11996504130013,-0.43726991534675,-0.327528391680943,-0.621782682280892,0.899439325334079,1.26905535199346,-0.602104055153289,0.211084094310074,1.49543868655088,-0.473078824222967,0.404026856047178,-0.182913192281088,-0.184575784378809,1.93113066274009,-0.691012507144873,0.350066233427142,-1.3687783583438,-0.929395415194769,-0.510073301907055
1075330.46670467,893010.264762852,-0.647832157465457,-1.12611611245143,-0.313377048241913,1.14525869642187,-0.355914655194591,0.206719018811289,-0.459474260643489,-0.578994907232967,0.40611748370249,0.25667244139863,-0.990763410088061,0.29605138521054,1.7996464971905,-0.732362633320801,-0.229187933415329,0.35216554334185,1.96870093842147,0.377993582347726,1.66097899811399,-0.566210050326355,-0.623414639927355,2.10281712824907,0.616578753562428,0.616835025346152,1.15673804283716,-0.254731663435512,0.585078231278615,-0.945453246088051,-0.863792450393988,-0.949985691490884,-0.593204317033691,-2.34757718227996,1.49097290740185,-0.281087651098264,0.971963055330725,-1.59884869110443,0.892674136714474,0.00346415008160621,-0.433573217825784,1.20223134426247,0.173386456389828,-1.67802079363055,0.653004032595126,-1.72306296995063,0.826178579756567,-1.42193725596271,1.51210869428657,0.547862395233381,-0.961849927885511,0.56887798861634,-1.4185895224005,-0.489468792692656,-0.444879870671713,-0.283052453850167,-0.347715805714718,0.909751737542316,-0.244280925091553,1.11287246185074,-0.420454107057432,-0.372756924310427,-0.626369062616341,0.904279773838897,1.20323382636424,-0.537441183562416,0.21635448846454,1.50661075491914,-0.456732223467077,0.368817573723172,-0.130937045408717,-0.15373343356228,1.88803462667838,-0.730206263727864,0.381358103961881,-1.32230788562648,-0.886330340532275,-0.564057347490304
1083479.69161941,893010.264762852,NA,NA,NA,NA,NA,NA,NA,NA,NA,NA,NA,NA,NA,NA,NA,NA,NA,NA,NA,NA,NA,NA,NA,NA,NA,NA,NA,NA,NA,NA,NA,NA,NA,NA,NA,NA,NA,NA,NA,NA,NA,NA,NA,NA,NA,NA,NA,NA,NA,NA,NA,NA,NA,NA,NA,NA,NA,NA,NA,NA,NA,NA,NA,NA,NA,NA,NA,NA,NA,NA,NA,NA,NA,NA,NA,NA
1091628.91653414,893010.264762852,NA,NA,NA,NA,NA,NA,NA,NA,NA,NA,NA,NA,NA,NA,NA,NA,NA,NA,NA,NA,NA,NA,NA,NA,NA,NA,NA,NA,NA,NA,NA,NA,NA,NA,NA,NA,NA,NA,NA,NA,NA,NA,NA,NA,NA,NA,NA,NA,NA,NA,NA,NA,NA,NA,NA,NA,NA,NA,NA,NA,NA,NA,NA,NA,NA,NA,NA,NA,NA,NA,NA,NA,NA,NA,NA,NA
1099778.14144887,893010.264762852,NA,NA,NA,NA,NA,NA,NA,NA,NA,NA,NA,NA,NA,NA,NA,NA,NA,NA,NA,NA,NA,NA,NA,NA,NA,NA,NA,NA,NA,NA,NA,NA,NA,NA,NA,NA,NA,NA,NA,NA,NA,NA,NA,NA,NA,NA,NA,NA,NA,NA,NA,NA,NA,NA,NA,NA,NA,NA,NA,NA,NA,NA,NA,NA,NA,NA,NA,NA,NA,NA,NA,NA,NA,NA,NA,NA
1107927.36636361,893010.264762852,NA,NA,NA,NA,NA,NA,NA,NA,NA,NA,NA,NA,NA,NA,NA,NA,NA,NA,NA,NA,NA,NA,NA,NA,NA,NA,NA,NA,NA,NA,NA,NA,NA,NA,NA,NA,NA,NA,NA,NA,NA,NA,NA,NA,NA,NA,NA,NA,NA,NA,NA,NA,NA,NA,NA,NA,NA,NA,NA,NA,NA,NA,NA,NA,NA,NA,NA,NA,NA,NA,NA,NA,NA,NA,NA,NA
1116076.59127834,893010.264762852,NA,NA,NA,NA,NA,NA,NA,NA,NA,NA,NA,NA,NA,NA,NA,NA,NA,NA,NA,NA,NA,NA,NA,NA,NA,NA,NA,NA,NA,NA,NA,NA,NA,NA,NA,NA,NA,NA,NA,NA,NA,NA,NA,NA,NA,NA,NA,NA,NA,NA,NA,NA,NA,NA,NA,NA,NA,NA,NA,NA,NA,NA,NA,NA,NA,NA,NA,NA,NA,NA,NA,NA,NA,NA,NA,NA
1124225.81619307,893010.264762852,NA,NA,NA,NA,NA,NA,NA,NA,NA,NA,NA,NA,NA,NA,NA,NA,NA,NA,NA,NA,NA,NA,NA,NA,NA,NA,NA,NA,NA,NA,NA,NA,NA,NA,NA,NA,NA,NA,NA,NA,NA,NA,NA,NA,NA,NA,NA,NA,NA,NA,NA,NA,NA,NA,NA,NA,NA,NA,NA,NA,NA,NA,NA,NA,NA,NA,NA,NA,NA,NA,NA,NA,NA,NA,NA,NA
1132375.04110781,893010.264762852,NA,NA,NA,NA,NA,NA,NA,NA,NA,NA,NA,NA,NA,NA,NA,NA,NA,NA,NA,NA,NA,NA,NA,NA,NA,NA,NA,NA,NA,NA,NA,NA,NA,NA,NA,NA,NA,NA,NA,NA,NA,NA,NA,NA,NA,NA,NA,NA,NA,NA,NA,NA,NA,NA,NA,NA,NA,NA,NA,NA,NA,NA,NA,NA,NA,NA,NA,NA,NA,NA,NA,NA,NA,NA,NA,NA
1140524.26602254,893010.264762852,NA,NA,NA,NA,NA,NA,NA,NA,NA,NA,NA,NA,NA,NA,NA,NA,NA,NA,NA,NA,NA,NA,NA,NA,NA,NA,NA,NA,NA,NA,NA,NA,NA,NA,NA,NA,NA,NA,NA,NA,NA,NA,NA,NA,NA,NA,NA,NA,NA,NA,NA,NA,NA,NA,NA,NA,NA,NA,NA,NA,NA,NA,NA,NA,NA,NA,NA,NA,NA,NA,NA,NA,NA,NA,NA,NA
1148673.49093727,893010.264762852,NA,NA,NA,NA,NA,NA,NA,NA,NA,NA,NA,NA,NA,NA,NA,NA,NA,NA,NA,NA,NA,NA,NA,NA,NA,NA,NA,NA,NA,NA,NA,NA,NA,NA,NA,NA,NA,NA,NA,NA,NA,NA,NA,NA,NA,NA,NA,NA,NA,NA,NA,NA,NA,NA,NA,NA,NA,NA,NA,NA,NA,NA,NA,NA,NA,NA,NA,NA,NA,NA,NA,NA,NA,NA,NA,NA
1156822.71585201,893010.264762852,NA,NA,NA,NA,NA,NA,NA,NA,NA,NA,NA,NA,NA,NA,NA,NA,NA,NA,NA,NA,NA,NA,NA,NA,NA,NA,NA,NA,NA,NA,NA,NA,NA,NA,NA,NA,NA,NA,NA,NA,NA,NA,NA,NA,NA,NA,NA,NA,NA,NA,NA,NA,NA,NA,NA,NA,NA,NA,NA,NA,NA,NA,NA,NA,NA,NA,NA,NA,NA,NA,NA,NA,NA,NA,NA,NA
1164971.94076674,893010.264762852,NA,NA,NA,NA,NA,NA,NA,NA,NA,NA,NA,NA,NA,NA,NA,NA,NA,NA,NA,NA,NA,NA,NA,NA,NA,NA,NA,NA,NA,NA,NA,NA,NA,NA,NA,NA,NA,NA,NA,NA,NA,NA,NA,NA,NA,NA,NA,NA,NA,NA,NA,NA,NA,NA,NA,NA,NA,NA,NA,NA,NA,NA,NA,NA,NA,NA,NA,NA,NA,NA,NA,NA,NA,NA,NA,NA
1173121.16568148,893010.264762852,NA,NA,NA,NA,NA,NA,NA,NA,NA,NA,NA,NA,NA,NA,NA,NA,NA,NA,NA,NA,NA,NA,NA,NA,NA,NA,NA,NA,NA,NA,NA,NA,NA,NA,NA,NA,NA,NA,NA,NA,NA,NA,NA,NA,NA,NA,NA,NA,NA,NA,NA,NA,NA,NA,NA,NA,NA,NA,NA,NA,NA,NA,NA,NA,NA,NA,NA,NA,NA,NA,NA,NA,NA,NA,NA,NA
1181270.39059621,893010.264762852,NA,NA,NA,NA,NA,NA,NA,NA,NA,NA,NA,NA,NA,NA,NA,NA,NA,NA,NA,NA,NA,NA,NA,NA,NA,NA,NA,NA,NA,NA,NA,NA,NA,NA,NA,NA,NA,NA,NA,NA,NA,NA,NA,NA,NA,NA,NA,NA,NA,NA,NA,NA,NA,NA,NA,NA,NA,NA,NA,NA,NA,NA,NA,NA,NA,NA,NA,NA,NA,NA,NA,NA,NA,NA,NA,NA
1189419.61551094,893010.264762852,NA,NA,NA,NA,NA,NA,NA,NA,NA,NA,NA,NA,NA,NA,NA,NA,NA,NA,NA,NA,NA,NA,NA,NA,NA,NA,NA,NA,NA,NA,NA,NA,NA,NA,NA,NA,NA,NA,NA,NA,NA,NA,NA,NA,NA,NA,NA,NA,NA,NA,NA,NA,NA,NA,NA,NA,NA,NA,NA,NA,NA,NA,NA,NA,NA,NA,NA,NA,NA,NA,NA,NA,NA,NA,NA,NA
1197568.84042568,893010.264762852,NA,NA,NA,NA,NA,NA,NA,NA,NA,NA,NA,NA,NA,NA,NA,NA,NA,NA,NA,NA,NA,NA,NA,NA,NA,NA,NA,NA,NA,NA,NA,NA,NA,NA,NA,NA,NA,NA,NA,NA,NA,NA,NA,NA,NA,NA,NA,NA,NA,NA,NA,NA,NA,NA,NA,NA,NA,NA,NA,NA,NA,NA,NA,NA,NA,NA,NA,NA,NA,NA,NA,NA,NA,NA,NA,NA
1205718.06534041,893010.264762852,NA,NA,NA,NA,NA,NA,NA,NA,NA,NA,NA,NA,NA,NA,NA,NA,NA,NA,NA,NA,NA,NA,NA,NA,NA,NA,NA,NA,NA,NA,NA,NA,NA,NA,NA,NA,NA,NA,NA,NA,NA,NA,NA,NA,NA,NA,NA,NA,NA,NA,NA,NA,NA,NA,NA,NA,NA,NA,NA,NA,NA,NA,NA,NA,NA,NA,NA,NA,NA,NA,NA,NA,NA,NA,NA,NA
1213867.29025514,893010.264762852,NA,NA,NA,NA,NA,NA,NA,NA,NA,NA,NA,NA,NA,NA,NA,NA,NA,NA,NA,NA,NA,NA,NA,NA,NA,NA,NA,NA,NA,NA,NA,NA,NA,NA,NA,NA,NA,NA,NA,NA,NA,NA,NA,NA,NA,NA,NA,NA,NA,NA,NA,NA,NA,NA,NA,NA,NA,NA,NA,NA,NA,NA,NA,NA,NA,NA,NA,NA,NA,NA,NA,NA,NA,NA,NA,NA
1222016.51516988,893010.264762852,NA,NA,NA,NA,NA,NA,NA,NA,NA,NA,NA,NA,NA,NA,NA,NA,NA,NA,NA,NA,NA,NA,NA,NA,NA,NA,NA,NA,NA,NA,NA,NA,NA,NA,NA,NA,NA,NA,NA,NA,NA,NA,NA,NA,NA,NA,NA,NA,NA,NA,NA,NA,NA,NA,NA,NA,NA,NA,NA,NA,NA,NA,NA,NA,NA,NA,NA,NA,NA,NA,NA,NA,NA,NA,NA,NA
879749.068751066,884861.039848118,NA,NA,NA,NA,NA,NA,NA,NA,NA,NA,NA,NA,NA,NA,NA,NA,NA,NA,NA,NA,NA,NA,NA,NA,NA,NA,NA,NA,NA,NA,NA,NA,NA,NA,NA,NA,NA,NA,NA,NA,NA,NA,NA,NA,NA,NA,NA,NA,NA,NA,NA,NA,NA,NA,NA,NA,NA,NA,NA,NA,NA,NA,NA,NA,NA,NA,NA,NA,NA,NA,NA,NA,NA,NA,NA,NA
887898.2936658,884861.039848118,NA,NA,NA,NA,NA,NA,NA,NA,NA,NA,NA,NA,NA,NA,NA,NA,NA,NA,NA,NA,NA,NA,NA,NA,NA,NA,NA,NA,NA,NA,NA,NA,NA,NA,NA,NA,NA,NA,NA,NA,NA,NA,NA,NA,NA,NA,NA,NA,NA,NA,NA,NA,NA,NA,NA,NA,NA,NA,NA,NA,NA,NA,NA,NA,NA,NA,NA,NA,NA,NA,NA,NA,NA,NA,NA,NA
896047.518580533,884861.039848118,NA,NA,NA,NA,NA,NA,NA,NA,NA,NA,NA,NA,NA,NA,NA,NA,NA,NA,NA,NA,NA,NA,NA,NA,NA,NA,NA,NA,NA,NA,NA,NA,NA,NA,NA,NA,NA,NA,NA,NA,NA,NA,NA,NA,NA,NA,NA,NA,NA,NA,NA,NA,NA,NA,NA,NA,NA,NA,NA,NA,NA,NA,NA,NA,NA,NA,NA,NA,NA,NA,NA,NA,NA,NA,NA,NA
904196.743495267,884861.039848118,NA,NA,NA,NA,NA,NA,NA,NA,NA,NA,NA,NA,NA,NA,NA,NA,NA,NA,NA,NA,NA,NA,NA,NA,NA,NA,NA,NA,NA,NA,NA,NA,NA,NA,NA,NA,NA,NA,NA,NA,NA,NA,NA,NA,NA,NA,NA,NA,NA,NA,NA,NA,NA,NA,NA,NA,NA,NA,NA,NA,NA,NA,NA,NA,NA,NA,NA,NA,NA,NA,NA,NA,NA,NA,NA,NA
912345.96841,884861.039848118,NA,NA,NA,NA,NA,NA,NA,NA,NA,NA,NA,NA,NA,NA,NA,NA,NA,NA,NA,NA,NA,NA,NA,NA,NA,NA,NA,NA,NA,NA,NA,NA,NA,NA,NA,NA,NA,NA,NA,NA,NA,NA,NA,NA,NA,NA,NA,NA,NA,NA,NA,NA,NA,NA,NA,NA,NA,NA,NA,NA,NA,NA,NA,NA,NA,NA,NA,NA,NA,NA,NA,NA,NA,NA,NA,NA
920495.193324734,884861.039848118,NA,NA,NA,NA,NA,NA,NA,NA,NA,NA,NA,NA,NA,NA,NA,NA,NA,NA,NA,NA,NA,NA,NA,NA,NA,NA,NA,NA,NA,NA,NA,NA,NA,NA,NA,NA,NA,NA,NA,NA,NA,NA,NA,NA,NA,NA,NA,NA,NA,NA,NA,NA,NA,NA,NA,NA,NA,NA,NA,NA,NA,NA,NA,NA,NA,NA,NA,NA,NA,NA,NA,NA,NA,NA,NA,NA
928644.418239468,884861.039848118,NA,NA,NA,NA,NA,NA,NA,NA,NA,NA,NA,NA,NA,NA,NA,NA,NA,NA,NA,NA,NA,NA,NA,NA,NA,NA,NA,NA,NA,NA,NA,NA,NA,NA,NA,NA,NA,NA,NA,NA,NA,NA,NA,NA,NA,NA,NA,NA,NA,NA,NA,NA,NA,NA,NA,NA,NA,NA,NA,NA,NA,NA,NA,NA,NA,NA,NA,NA,NA,NA,NA,NA,NA,NA,NA,NA
936793.643154201,884861.039848118,NA,NA,NA,NA,NA,NA,NA,NA,NA,NA,NA,NA,NA,NA,NA,NA,NA,NA,NA,NA,NA,NA,NA,NA,NA,NA,NA,NA,NA,NA,NA,NA,NA,NA,NA,NA,NA,NA,NA,NA,NA,NA,NA,NA,NA,NA,NA,NA,NA,NA,NA,NA,NA,NA,NA,NA,NA,NA,NA,NA,NA,NA,NA,NA,NA,NA,NA,NA,NA,NA,NA,NA,NA,NA,NA,NA
944942.868068935,884861.039848118,-2.65279729635021,-0.859577753779762,0.150914875884775,0.426861518938381,-0.0607803410559044,-0.13480573669253,-1.17021922301101,-2.59827659449596,0.56587487115044,-0.131135285144099,-0.8064747536119,0.729502748881674,1.51528102814662,-1.0625319304194,0.240218399863019,0.256855790703344,0.715525541114531,0.975644878699251,1.30649850119952,-1.35875998861162,-0.613130211307636,1.53894251897998,0.574878417427564,1.27195883490308,0.523222513522555,0.46639614011893,0.786156502955612,-1.17378440130824,-1.91829856511638,-0.859659606691087,-0.156746094387306,-1.6573964334594,0.767408201902567,0.227376455762146,1.78866766091137,-1.13640748311732,0.429164257583176,0.349257078326804,0.0882975398716438,1.71592554892166,1.25216182332712,-0.732464051014177,1.04723818315331,-1.45998483036765,0.324578363776712,-1.64936302368469,1.30853131556186,0.312429585248197,-0.829701588442552,0.161706552389365,-0.817447467059667,-0.136047116064263,-0.00462816033029179,0.258151471999374,-0.07136151545948,0.290972020539576,0.410659807411318,1.26869040312614,-0.403818791891614,0.0240881761643346,-0.379586005807364,0.896318554407671,2.01814032101516,-1.05516079383087,-0.391506950648652,0.934258130448574,-1.01463932395893,0.236994668830076,-0.227453842725346,0.00806609996336942,1.74196906287113,0.535034558159865,0.266189345391784,-1.77227217958995,-1.29147331827876,-0.422960958404748
953092.092983668,884861.039848118,-2.47434611104265,-0.887206851481595,0.0976875693498914,0.471289723383591,-0.0275767078388443,-0.133172981918553,-1.117812024943,-2.4985884884208,0.512912454345297,-0.143036649709764,-0.801503501893359,0.724411110512745,1.53677314471867,-1.04766609875749,0.131983043278252,0.246762815365562,0.749247328308879,0.915784198800162,1.35901113073866,-1.2845652387127,-0.620578912630509,1.57891914451405,0.602980425951377,1.30756984121685,0.548293141892325,0.421497763839291,0.788022368800048,-1.11957476064638,-1.86027307505201,-0.819971044470161,-0.13043177322284,-1.70659677145829,0.77673870055418,0.209374772266798,1.78230958846901,-1.14754718905118,0.430110436311961,0.363823737847084,0.075001436527559,1.7145885728227,1.20949510858526,-0.739319586998444,1.01595118140385,-1.4314697560134,0.279291312367562,-1.59654128588232,1.40276721957316,0.315943934882164,-0.865871139237096,0.121370968838824,-0.866954661942501,-0.141921109429441,-0.0416754466713582,0.195550619903608,-0.11881614966381,0.322204631267612,0.340755603901766,1.25568636534741,-0.417521831633915,0.027342332091963,-0.394385013097234,0.905680622937658,2.00369528511823,-1.09819437044443,-0.358807808436422,0.97874483269717,-1.00912122548917,0.270224801580606,-0.28507577353323,-0.0323772679428644,1.7829568612553,0.487152855864556,0.279750096121091,-1.75227244285416,-1.26106423317574,-0.404784021649525
961241.317898402,884861.039848118,-2.25476411955291,-0.923710390695812,0.0335989997695142,0.525331811434706,0.0133354691487821,-0.12512789998817,-1.04470483498652,-2.36716416782913,0.446039726077594,-0.15701995568454,-0.790508214915327,0.718837884617225,1.5623022555601,-1.02614301027743,-0.00961608798235994,0.238942975050682,0.792056791444174,0.838317918411136,1.42102220898188,-1.19263759314194,-0.626371993169542,1.62590968254123,0.638415733636713,1.35012204031339,0.580861169500688,0.36177850836137,0.789420296197972,-1.05242319541239,-1.7797379971756,-0.768920812572958,-0.0976618876946538,-1.77293198310483,0.791934800182466,0.192513202317369,1.77343270708857,-1.16070253841749,0.433959632203221,0.382781647764736,0.0610016228677856,1.71237923455334,1.15474876622238,-0.745131026162662,0.976977944584799,-1.39148195255435,0.225961415012982,-1.5281103789035,1.51108941087088,0.322476876060961,-0.908250521941856,0.0695410341751533,-0.927403588585906,-0.144019062727565,-0.0859349628010825,0.118781799829117,-0.174758820194778,0.35997669531555,0.25744243178461,1.23709590734965,-0.431781324413299,0.0359056723842785,-0.409912703662037,0.919363345904264,1.98347432473522,-1.15291984752373,-0.316204285539954,1.0311214106307,-0.998996325988389,0.311888343609357,-0.361018483288481,-0.0774858117105712,1.81412863604855,0.406901084409502,0.285863408377051,-1.7287220485982,-1.23612868012582,-0.387674322307189
969390.542813136,884861.039848118,NA,NA,NA,NA,NA,NA,NA,NA,NA,NA,NA,NA,NA,NA,NA,NA,NA,NA,NA,NA,NA,NA,NA,NA,NA,NA,NA,NA,NA,NA,NA,NA,NA,NA,NA,NA,NA,NA,NA,NA,NA,NA,NA,NA,NA,NA,NA,NA,NA,NA,NA,NA,NA,NA,NA,NA,NA,NA,NA,NA,NA,NA,NA,NA,NA,NA,NA,NA,NA,NA,NA,NA,NA,NA,NA,NA
977539.767727869,884861.039848118,NA,NA,NA,NA,NA,NA,NA,NA,NA,NA,NA,NA,NA,NA,NA,NA,NA,NA,NA,NA,NA,NA,NA,NA,NA,NA,NA,NA,NA,NA,NA,NA,NA,NA,NA,NA,NA,NA,NA,NA,NA,NA,NA,NA,NA,NA,NA,NA,NA,NA,NA,NA,NA,NA,NA,NA,NA,NA,NA,NA,NA,NA,NA,NA,NA,NA,NA,NA,NA,NA,NA,NA,NA,NA,NA,NA
985688.992642603,884861.039848118,NA,NA,NA,NA,NA,NA,NA,NA,NA,NA,NA,NA,NA,NA,NA,NA,NA,NA,NA,NA,NA,NA,NA,NA,NA,NA,NA,NA,NA,NA,NA,NA,NA,NA,NA,NA,NA,NA,NA,NA,NA,NA,NA,NA,NA,NA,NA,NA,NA,NA,NA,NA,NA,NA,NA,NA,NA,NA,NA,NA,NA,NA,NA,NA,NA,NA,NA,NA,NA,NA,NA,NA,NA,NA,NA,NA
993838.217557336,884861.039848118,NA,NA,NA,NA,NA,NA,NA,NA,NA,NA,NA,NA,NA,NA,NA,NA,NA,NA,NA,NA,NA,NA,NA,NA,NA,NA,NA,NA,NA,NA,NA,NA,NA,NA,NA,NA,NA,NA,NA,NA,NA,NA,NA,NA,NA,NA,NA,NA,NA,NA,NA,NA,NA,NA,NA,NA,NA,NA,NA,NA,NA,NA,NA,NA,NA,NA,NA,NA,NA,NA,NA,NA,NA,NA,NA,NA
1001987.44247207,884861.039848118,NA,NA,NA,NA,NA,NA,NA,NA,NA,NA,NA,NA,NA,NA,NA,NA,NA,NA,NA,NA,NA,NA,NA,NA,NA,NA,NA,NA,NA,NA,NA,NA,NA,NA,NA,NA,NA,NA,NA,NA,NA,NA,NA,NA,NA,NA,NA,NA,NA,NA,NA,NA,NA,NA,NA,NA,NA,NA,NA,NA,NA,NA,NA,NA,NA,NA,NA,NA,NA,NA,NA,NA,NA,NA,NA,NA
1010136.6673868,884861.039848118,NA,NA,NA,NA,NA,NA,NA,NA,NA,NA,NA,NA,NA,NA,NA,NA,NA,NA,NA,NA,NA,NA,NA,NA,NA,NA,NA,NA,NA,NA,NA,NA,NA,NA,NA,NA,NA,NA,NA,NA,NA,NA,NA,NA,NA,NA,NA,NA,NA,NA,NA,NA,NA,NA,NA,NA,NA,NA,NA,NA,NA,NA,NA,NA,NA,NA,NA,NA,NA,NA,NA,NA,NA,NA,NA,NA
1018285.89230154,884861.039848118,-1.19407738654471,-1.12652807589466,-0.240033807064923,0.872633801450218,-0.0159301960789516,-0.00781190428937632,-0.600491297595502,-1.47482233795248,0.274887866688337,0.000990795431308446,-0.851446581570018,0.691044018401495,1.74617956701361,-0.970980515650357,-0.340722285719137,0.291205723531294,1.13200123985383,0.640372264536674,1.76181405466774,-0.666820074338894,-0.683666743500069,1.81108070065338,0.654543448267539,1.33801680269542,0.69642577332177,0.0610385361106977,0.662526029744276,-0.71799624177143,-1.15837093758888,-0.747643261875055,-0.109302383923472,-1.98438539508787,1.07571705988114,-0.0787839194817087,1.50903755299078,-1.36640082169716,0.606225881563368,0.379426370269285,-0.199311280655488,1.53069038188868,0.572890889992699,-1.16638071681463,0.799958452356321,-1.40740506106706,0.176268060912133,-1.43807259670127,1.81484652190001,0.320479119277698,-1.06828529837554,0.0841028721234482,-1.30890539076023,-0.229588609977331,-0.324921822898614,-0.202084346552475,-0.483727726035857,0.688087512138149,-0.184138094190882,1.1646111644355,-0.514142524823112,-0.0498588443154236,-0.536764129288545,0.871876456421013,1.68786405157074,-1.07312169986608,-0.0481318933711797,1.34773043642438,-0.695685883759418,0.497960523665978,-0.362510087412603,-0.222145645068967,2.00982515791747,-0.159700531017357,0.335387219620117,-1.63857033442923,-1.05546799371574,-0.338590254513767
1026435.11721627,884861.039848118,-1.08230380679582,-1.14069794906089,-0.264497822520792,0.927300058921237,-0.0209668160483455,-0.00307226078878658,-0.555418421561616,-1.34670852936299,0.256918035299582,0.0395577324550815,-0.869633020692796,0.663592301000688,1.7561511846077,-0.957935898887156,-0.328052111677011,0.280881138996786,1.21871798452754,0.614351423956961,1.78240341772192,-0.607840118061155,-0.700317861895659,1.85205657766896,0.638618621845142,1.26221449137776,0.751310896585304,-0.01172069023682,0.62321837663523,-0.714459898925531,-1.06087165082009,-0.793797700385685,-0.111820513282267,-2.01697916739687,1.12452968636121,-0.109825632935428,1.47006243228905,-1.4253302783539,0.660742079543517,0.3854360735849,-0.262359640166868,1.48561898143137,0.446696625701771,-1.27262504018449,0.786123448799817,-1.49227400146637,0.228309341197851,-1.44538934254107,1.81031579609739,0.334813676915398,-1.09211157897351,0.119609038818644,-1.37189459553276,-0.25808635125166,-0.329095057175893,-0.242072651673089,-0.50862581843619,0.729524129659593,-0.2303042820499,1.15697490861712,-0.512706588049289,-0.00028145048448129,-0.55390112467175,0.849883157527409,1.62539433955299,-0.994572439646787,-0.00795794677818919,1.37991307335624,-0.62054447163491,0.518503919809498,-0.287410991021502,-0.239946173026072,2.01763574211567,-0.243786619270186,0.35799457456819,-1.62493597204469,-1.02463523739829,-0.355629598189399
1034584.342131,884861.039848118,-0.983604432510042,-1.14865934690066,-0.288551427777117,0.980430000224333,-0.0515033751996585,0.0148020575109173,-0.528152244992898,-1.20931031587957,0.256550027671206,0.0706249906088877,-0.889417137355202,0.629755052527048,1.77251721664963,-0.919486489954736,-0.310936299104398,0.269718657041189,1.31604179554977,0.575549170875722,1.79030561029069,-0.576111328789443,-0.711167015215077,1.897037982892,0.634847211931273,1.17605518693715,0.830890654259207,-0.0713932445187616,0.593131332426894,-0.736324767508498,-0.986731928252759,-0.83550023858353,-0.146245935755361,-2.05468238377282,1.1762879053868,-0.135346660790183,1.40458679987964,-1.4801363349839,0.712419605051274,0.37238879611415,-0.311805198633542,1.4491826168491,0.351466938499689,-1.36830336465307,0.771877287716038,-1.56643111101357,0.302619448355126,-1.45195297411092,1.7874904824673,0.354024876795266,-1.10262253240632,0.172400155374789,-1.4195165867069,-0.291738593056604,-0.33349018889294,-0.275170654986335,-0.505853688050626,0.76366513258834,-0.259123047034103,1.15443499300155,-0.499743874157728,-0.00903319775413249,-0.567466198453921,0.84202730639731,1.56019495038408,-0.912917719580444,0.0413534510251338,1.40367765066734,-0.559929951143431,0.520191675612554,-0.23570545765331,-0.250637002274144,2.01548052492286,-0.330696832177633,0.367636453892715,-1.5976837968328,-0.999143145440249,-0.381716739631073
1042733.56704574,884861.039848118,-0.916438866615092,-1.14941116549788,-0.30753913843904,1.02195594570103,-0.106995359329519,0.0431074071471443,-0.526178574101454,-1.08597082415377,0.277743217860887,0.0887173581635334,-0.91022954804538,0.592367445468352,1.79488170706924,-0.861493883686249,-0.290207199054925,0.259015442123119,1.40956527638321,0.529172560464932,1.78224552839115,-0.580837648938275,-0.713497454543219,1.93851280667499,0.646160560027713,1.09261078997814,0.924300202212736,-0.102115358336353,0.581989706755864,-0.785837534660982,-0.952049409271963,-0.865532042305535,-0.212583705188704,-2.09287755847185,1.2225320705815,-0.148791084805795,1.32251970671361,-1.52258967803081,0.752981651908467,0.339300615019226,-0.335184641710739,1.43058612788649,0.316424821461845,-1.43017973669948,0.760351027412565,-1.61398160806622,0.387182015278627,-1.4585254694456,1.74756416945544,0.375810007670943,-1.09684854288685,0.234881946065614,-1.4395707292094,-0.32499249081913,-0.337729085691006,-0.294594259319783,-0.471412982801349,0.783050462188808,-0.263826781349649,1.1587763844319,-0.47773756088832,-0.0837471616386587,-0.574815192892897,0.852377438180116,1.50406532019332,-0.840903559231623,0.0909829134431852,1.41345542026507,-0.524256548643047,0.498984260664882,-0.217961960917157,-0.251191466266659,2.00362721662204,-0.404259019463056,0.360539318864126,-1.56263814790417,-0.98581828942795,-0.414690123064827
1050882.79196047,884861.039848118,NA,NA,NA,NA,NA,NA,NA,NA,NA,NA,NA,NA,NA,NA,NA,NA,NA,NA,NA,NA,NA,NA,NA,NA,NA,NA,NA,NA,NA,NA,NA,NA,NA,NA,NA,NA,NA,NA,NA,NA,NA,NA,NA,NA,NA,NA,NA,NA,NA,NA,NA,NA,NA,NA,NA,NA,NA,NA,NA,NA,NA,NA,NA,NA,NA,NA,NA,NA,NA,NA,NA,NA,NA,NA,NA,NA
1059032.01687521,884861.039848118,NA,NA,NA,NA,NA,NA,NA,NA,NA,NA,NA,NA,NA,NA,NA,NA,NA,NA,NA,NA,NA,NA,NA,NA,NA,NA,NA,NA,NA,NA,NA,NA,NA,NA,NA,NA,NA,NA,NA,NA,NA,NA,NA,NA,NA,NA,NA,NA,NA,NA,NA,NA,NA,NA,NA,NA,NA,NA,NA,NA,NA,NA,NA,NA,NA,NA,NA,NA,NA,NA,NA,NA,NA,NA,NA,NA
1067181.24178994,884861.039848118,NA,NA,NA,NA,NA,NA,NA,NA,NA,NA,NA,NA,NA,NA,NA,NA,NA,NA,NA,NA,NA,NA,NA,NA,NA,NA,NA,NA,NA,NA,NA,NA,NA,NA,NA,NA,NA,NA,NA,NA,NA,NA,NA,NA,NA,NA,NA,NA,NA,NA,NA,NA,NA,NA,NA,NA,NA,NA,NA,NA,NA,NA,NA,NA,NA,NA,NA,NA,NA,NA,NA,NA,NA,NA,NA,NA
1075330.46670467,884861.039848118,NA,NA,NA,NA,NA,NA,NA,NA,NA,NA,NA,NA,NA,NA,NA,NA,NA,NA,NA,NA,NA,NA,NA,NA,NA,NA,NA,NA,NA,NA,NA,NA,NA,NA,NA,NA,NA,NA,NA,NA,NA,NA,NA,NA,NA,NA,NA,NA,NA,NA,NA,NA,NA,NA,NA,NA,NA,NA,NA,NA,NA,NA,NA,NA,NA,NA,NA,NA,NA,NA,NA,NA,NA,NA,NA,NA
1083479.69161941,884861.039848118,NA,NA,NA,NA,NA,NA,NA,NA,NA,NA,NA,NA,NA,NA,NA,NA,NA,NA,NA,NA,NA,NA,NA,NA,NA,NA,NA,NA,NA,NA,NA,NA,NA,NA,NA,NA,NA,NA,NA,NA,NA,NA,NA,NA,NA,NA,NA,NA,NA,NA,NA,NA,NA,NA,NA,NA,NA,NA,NA,NA,NA,NA,NA,NA,NA,NA,NA,NA,NA,NA,NA,NA,NA,NA,NA,NA
1091628.91653414,884861.039848118,NA,NA,NA,NA,NA,NA,NA,NA,NA,NA,NA,NA,NA,NA,NA,NA,NA,NA,NA,NA,NA,NA,NA,NA,NA,NA,NA,NA,NA,NA,NA,NA,NA,NA,NA,NA,NA,NA,NA,NA,NA,NA,NA,NA,NA,NA,NA,NA,NA,NA,NA,NA,NA,NA,NA,NA,NA,NA,NA,NA,NA,NA,NA,NA,NA,NA,NA,NA,NA,NA,NA,NA,NA,NA,NA,NA
1099778.14144887,884861.039848118,NA,NA,NA,NA,NA,NA,NA,NA,NA,NA,NA,NA,NA,NA,NA,NA,NA,NA,NA,NA,NA,NA,NA,NA,NA,NA,NA,NA,NA,NA,NA,NA,NA,NA,NA,NA,NA,NA,NA,NA,NA,NA,NA,NA,NA,NA,NA,NA,NA,NA,NA,NA,NA,NA,NA,NA,NA,NA,NA,NA,NA,NA,NA,NA,NA,NA,NA,NA,NA,NA,NA,NA,NA,NA,NA,NA
1107927.36636361,884861.039848118,NA,NA,NA,NA,NA,NA,NA,NA,NA,NA,NA,NA,NA,NA,NA,NA,NA,NA,NA,NA,NA,NA,NA,NA,NA,NA,NA,NA,NA,NA,NA,NA,NA,NA,NA,NA,NA,NA,NA,NA,NA,NA,NA,NA,NA,NA,NA,NA,NA,NA,NA,NA,NA,NA,NA,NA,NA,NA,NA,NA,NA,NA,NA,NA,NA,NA,NA,NA,NA,NA,NA,NA,NA,NA,NA,NA
1116076.59127834,884861.039848118,NA,NA,NA,NA,NA,NA,NA,NA,NA,NA,NA,NA,NA,NA,NA,NA,NA,NA,NA,NA,NA,NA,NA,NA,NA,NA,NA,NA,NA,NA,NA,NA,NA,NA,NA,NA,NA,NA,NA,NA,NA,NA,NA,NA,NA,NA,NA,NA,NA,NA,NA,NA,NA,NA,NA,NA,NA,NA,NA,NA,NA,NA,NA,NA,NA,NA,NA,NA,NA,NA,NA,NA,NA,NA,NA,NA
1124225.81619307,884861.039848118,NA,NA,NA,NA,NA,NA,NA,NA,NA,NA,NA,NA,NA,NA,NA,NA,NA,NA,NA,NA,NA,NA,NA,NA,NA,NA,NA,NA,NA,NA,NA,NA,NA,NA,NA,NA,NA,NA,NA,NA,NA,NA,NA,NA,NA,NA,NA,NA,NA,NA,NA,NA,NA,NA,NA,NA,NA,NA,NA,NA,NA,NA,NA,NA,NA,NA,NA,NA,NA,NA,NA,NA,NA,NA,NA,NA
1132375.04110781,884861.039848118,NA,NA,NA,NA,NA,NA,NA,NA,NA,NA,NA,NA,NA,NA,NA,NA,NA,NA,NA,NA,NA,NA,NA,NA,NA,NA,NA,NA,NA,NA,NA,NA,NA,NA,NA,NA,NA,NA,NA,NA,NA,NA,NA,NA,NA,NA,NA,NA,NA,NA,NA,NA,NA,NA,NA,NA,NA,NA,NA,NA,NA,NA,NA,NA,NA,NA,NA,NA,NA,NA,NA,NA,NA,NA,NA,NA
1140524.26602254,884861.039848118,NA,NA,NA,NA,NA,NA,NA,NA,NA,NA,NA,NA,NA,NA,NA,NA,NA,NA,NA,NA,NA,NA,NA,NA,NA,NA,NA,NA,NA,NA,NA,NA,NA,NA,NA,NA,NA,NA,NA,NA,NA,NA,NA,NA,NA,NA,NA,NA,NA,NA,NA,NA,NA,NA,NA,NA,NA,NA,NA,NA,NA,NA,NA,NA,NA,NA,NA,NA,NA,NA,NA,NA,NA,NA,NA,NA
1148673.49093727,884861.039848118,NA,NA,NA,NA,NA,NA,NA,NA,NA,NA,NA,NA,NA,NA,NA,NA,NA,NA,NA,NA,NA,NA,NA,NA,NA,NA,NA,NA,NA,NA,NA,NA,NA,NA,NA,NA,NA,NA,NA,NA,NA,NA,NA,NA,NA,NA,NA,NA,NA,NA,NA,NA,NA,NA,NA,NA,NA,NA,NA,NA,NA,NA,NA,NA,NA,NA,NA,NA,NA,NA,NA,NA,NA,NA,NA,NA
1156822.71585201,884861.039848118,NA,NA,NA,NA,NA,NA,NA,NA,NA,NA,NA,NA,NA,NA,NA,NA,NA,NA,NA,NA,NA,NA,NA,NA,NA,NA,NA,NA,NA,NA,NA,NA,NA,NA,NA,NA,NA,NA,NA,NA,NA,NA,NA,NA,NA,NA,NA,NA,NA,NA,NA,NA,NA,NA,NA,NA,NA,NA,NA,NA,NA,NA,NA,NA,NA,NA,NA,NA,NA,NA,NA,NA,NA,NA,NA,NA
1164971.94076674,884861.039848118,NA,NA,NA,NA,NA,NA,NA,NA,NA,NA,NA,NA,NA,NA,NA,NA,NA,NA,NA,NA,NA,NA,NA,NA,NA,NA,NA,NA,NA,NA,NA,NA,NA,NA,NA,NA,NA,NA,NA,NA,NA,NA,NA,NA,NA,NA,NA,NA,NA,NA,NA,NA,NA,NA,NA,NA,NA,NA,NA,NA,NA,NA,NA,NA,NA,NA,NA,NA,NA,NA,NA,NA,NA,NA,NA,NA
1173121.16568148,884861.039848118,NA,NA,NA,NA,NA,NA,NA,NA,NA,NA,NA,NA,NA,NA,NA,NA,NA,NA,NA,NA,NA,NA,NA,NA,NA,NA,NA,NA,NA,NA,NA,NA,NA,NA,NA,NA,NA,NA,NA,NA,NA,NA,NA,NA,NA,NA,NA,NA,NA,NA,NA,NA,NA,NA,NA,NA,NA,NA,NA,NA,NA,NA,NA,NA,NA,NA,NA,NA,NA,NA,NA,NA,NA,NA,NA,NA
1181270.39059621,884861.039848118,NA,NA,NA,NA,NA,NA,NA,NA,NA,NA,NA,NA,NA,NA,NA,NA,NA,NA,NA,NA,NA,NA,NA,NA,NA,NA,NA,NA,NA,NA,NA,NA,NA,NA,NA,NA,NA,NA,NA,NA,NA,NA,NA,NA,NA,NA,NA,NA,NA,NA,NA,NA,NA,NA,NA,NA,NA,NA,NA,NA,NA,NA,NA,NA,NA,NA,NA,NA,NA,NA,NA,NA,NA,NA,NA,NA
1189419.61551094,884861.039848118,NA,NA,NA,NA,NA,NA,NA,NA,NA,NA,NA,NA,NA,NA,NA,NA,NA,NA,NA,NA,NA,NA,NA,NA,NA,NA,NA,NA,NA,NA,NA,NA,NA,NA,NA,NA,NA,NA,NA,NA,NA,NA,NA,NA,NA,NA,NA,NA,NA,NA,NA,NA,NA,NA,NA,NA,NA,NA,NA,NA,NA,NA,NA,NA,NA,NA,NA,NA,NA,NA,NA,NA,NA,NA,NA,NA
1197568.84042568,884861.039848118,NA,NA,NA,NA,NA,NA,NA,NA,NA,NA,NA,NA,NA,NA,NA,NA,NA,NA,NA,NA,NA,NA,NA,NA,NA,NA,NA,NA,NA,NA,NA,NA,NA,NA,NA,NA,NA,NA,NA,NA,NA,NA,NA,NA,NA,NA,NA,NA,NA,NA,NA,NA,NA,NA,NA,NA,NA,NA,NA,NA,NA,NA,NA,NA,NA,NA,NA,NA,NA,NA,NA,NA,NA,NA,NA,NA
1205718.06534041,884861.039848118,NA,NA,NA,NA,NA,NA,NA,NA,NA,NA,NA,NA,NA,NA,NA,NA,NA,NA,NA,NA,NA,NA,NA,NA,NA,NA,NA,NA,NA,NA,NA,NA,NA,NA,NA,NA,NA,NA,NA,NA,NA,NA,NA,NA,NA,NA,NA,NA,NA,NA,NA,NA,NA,NA,NA,NA,NA,NA,NA,NA,NA,NA,NA,NA,NA,NA,NA,NA,NA,NA,NA,NA,NA,NA,NA,NA
1213867.29025514,884861.039848118,NA,NA,NA,NA,NA,NA,NA,NA,NA,NA,NA,NA,NA,NA,NA,NA,NA,NA,NA,NA,NA,NA,NA,NA,NA,NA,NA,NA,NA,NA,NA,NA,NA,NA,NA,NA,NA,NA,NA,NA,NA,NA,NA,NA,NA,NA,NA,NA,NA,NA,NA,NA,NA,NA,NA,NA,NA,NA,NA,NA,NA,NA,NA,NA,NA,NA,NA,NA,NA,NA,NA,NA,NA,NA,NA,NA
1222016.51516988,884861.039848118,NA,NA,NA,NA,NA,NA,NA,NA,NA,NA,NA,NA,NA,NA,NA,NA,NA,NA,NA,NA,NA,NA,NA,NA,NA,NA,NA,NA,NA,NA,NA,NA,NA,NA,NA,NA,NA,NA,NA,NA,NA,NA,NA,NA,NA,NA,NA,NA,NA,NA,NA,NA,NA,NA,NA,NA,NA,NA,NA,NA,NA,NA,NA,NA,NA,NA,NA,NA,NA,NA,NA,NA,NA,NA,NA,NA
879749.068751066,876711.814933384,NA,NA,NA,NA,NA,NA,NA,NA,NA,NA,NA,NA,NA,NA,NA,NA,NA,NA,NA,NA,NA,NA,NA,NA,NA,NA,NA,NA,NA,NA,NA,NA,NA,NA,NA,NA,NA,NA,NA,NA,NA,NA,NA,NA,NA,NA,NA,NA,NA,NA,NA,NA,NA,NA,NA,NA,NA,NA,NA,NA,NA,NA,NA,NA,NA,NA,NA,NA,NA,NA,NA,NA,NA,NA,NA,NA
887898.2936658,876711.814933384,NA,NA,NA,NA,NA,NA,NA,NA,NA,NA,NA,NA,NA,NA,NA,NA,NA,NA,NA,NA,NA,NA,NA,NA,NA,NA,NA,NA,NA,NA,NA,NA,NA,NA,NA,NA,NA,NA,NA,NA,NA,NA,NA,NA,NA,NA,NA,NA,NA,NA,NA,NA,NA,NA,NA,NA,NA,NA,NA,NA,NA,NA,NA,NA,NA,NA,NA,NA,NA,NA,NA,NA,NA,NA,NA,NA
896047.518580533,876711.814933384,NA,NA,NA,NA,NA,NA,NA,NA,NA,NA,NA,NA,NA,NA,NA,NA,NA,NA,NA,NA,NA,NA,NA,NA,NA,NA,NA,NA,NA,NA,NA,NA,NA,NA,NA,NA,NA,NA,NA,NA,NA,NA,NA,NA,NA,NA,NA,NA,NA,NA,NA,NA,NA,NA,NA,NA,NA,NA,NA,NA,NA,NA,NA,NA,NA,NA,NA,NA,NA,NA,NA,NA,NA,NA,NA,NA
904196.743495267,876711.814933384,NA,NA,NA,NA,NA,NA,NA,NA,NA,NA,NA,NA,NA,NA,NA,NA,NA,NA,NA,NA,NA,NA,NA,NA,NA,NA,NA,NA,NA,NA,NA,NA,NA,NA,NA,NA,NA,NA,NA,NA,NA,NA,NA,NA,NA,NA,NA,NA,NA,NA,NA,NA,NA,NA,NA,NA,NA,NA,NA,NA,NA,NA,NA,NA,NA,NA,NA,NA,NA,NA,NA,NA,NA,NA,NA,NA
912345.96841,876711.814933384,NA,NA,NA,NA,NA,NA,NA,NA,NA,NA,NA,NA,NA,NA,NA,NA,NA,NA,NA,NA,NA,NA,NA,NA,NA,NA,NA,NA,NA,NA,NA,NA,NA,NA,NA,NA,NA,NA,NA,NA,NA,NA,NA,NA,NA,NA,NA,NA,NA,NA,NA,NA,NA,NA,NA,NA,NA,NA,NA,NA,NA,NA,NA,NA,NA,NA,NA,NA,NA,NA,NA,NA,NA,NA,NA,NA
920495.193324734,876711.814933384,NA,NA,NA,NA,NA,NA,NA,NA,NA,NA,NA,NA,NA,NA,NA,NA,NA,NA,NA,NA,NA,NA,NA,NA,NA,NA,NA,NA,NA,NA,NA,NA,NA,NA,NA,NA,NA,NA,NA,NA,NA,NA,NA,NA,NA,NA,NA,NA,NA,NA,NA,NA,NA,NA,NA,NA,NA,NA,NA,NA,NA,NA,NA,NA,NA,NA,NA,NA,NA,NA,NA,NA,NA,NA,NA,NA
928644.418239468,876711.814933384,NA,NA,NA,NA,NA,NA,NA,NA,NA,NA,NA,NA,NA,NA,NA,NA,NA,NA,NA,NA,NA,NA,NA,NA,NA,NA,NA,NA,NA,NA,NA,NA,NA,NA,NA,NA,NA,NA,NA,NA,NA,NA,NA,NA,NA,NA,NA,NA,NA,NA,NA,NA,NA,NA,NA,NA,NA,NA,NA,NA,NA,NA,NA,NA,NA,NA,NA,NA,NA,NA,NA,NA,NA,NA,NA,NA
936793.643154201,876711.814933384,NA,NA,NA,NA,NA,NA,NA,NA,NA,NA,NA,NA,NA,NA,NA,NA,NA,NA,NA,NA,NA,NA,NA,NA,NA,NA,NA,NA,NA,NA,NA,NA,NA,NA,NA,NA,NA,NA,NA,NA,NA,NA,NA,NA,NA,NA,NA,NA,NA,NA,NA,NA,NA,NA,NA,NA,NA,NA,NA,NA,NA,NA,NA,NA,NA,NA,NA,NA,NA,NA,NA,NA,NA,NA,NA,NA
944942.868068935,876711.814933384,NA,NA,NA,NA,NA,NA,NA,NA,NA,NA,NA,NA,NA,NA,NA,NA,NA,NA,NA,NA,NA,NA,NA,NA,NA,NA,NA,NA,NA,NA,NA,NA,NA,NA,NA,NA,NA,NA,NA,NA,NA,NA,NA,NA,NA,NA,NA,NA,NA,NA,NA,NA,NA,NA,NA,NA,NA,NA,NA,NA,NA,NA,NA,NA,NA,NA,NA,NA,NA,NA,NA,NA,NA,NA,NA,NA
953092.092983668,876711.814933384,NA,NA,NA,NA,NA,NA,NA,NA,NA,NA,NA,NA,NA,NA,NA,NA,NA,NA,NA,NA,NA,NA,NA,NA,NA,NA,NA,NA,NA,NA,NA,NA,NA,NA,NA,NA,NA,NA,NA,NA,NA,NA,NA,NA,NA,NA,NA,NA,NA,NA,NA,NA,NA,NA,NA,NA,NA,NA,NA,NA,NA,NA,NA,NA,NA,NA,NA,NA,NA,NA,NA,NA,NA,NA,NA,NA
961241.317898402,876711.814933384,NA,NA,NA,NA,NA,NA,NA,NA,NA,NA,NA,NA,NA,NA,NA,NA,NA,NA,NA,NA,NA,NA,NA,NA,NA,NA,NA,NA,NA,NA,NA,NA,NA,NA,NA,NA,NA,NA,NA,NA,NA,NA,NA,NA,NA,NA,NA,NA,NA,NA,NA,NA,NA,NA,NA,NA,NA,NA,NA,NA,NA,NA,NA,NA,NA,NA,NA,NA,NA,NA,NA,NA,NA,NA,NA,NA
969390.542813136,876711.814933384,NA,NA,NA,NA,NA,NA,NA,NA,NA,NA,NA,NA,NA,NA,NA,NA,NA,NA,NA,NA,NA,NA,NA,NA,NA,NA,NA,NA,NA,NA,NA,NA,NA,NA,NA,NA,NA,NA,NA,NA,NA,NA,NA,NA,NA,NA,NA,NA,NA,NA,NA,NA,NA,NA,NA,NA,NA,NA,NA,NA,NA,NA,NA,NA,NA,NA,NA,NA,NA,NA,NA,NA,NA,NA,NA,NA
977539.767727869,876711.814933384,NA,NA,NA,NA,NA,NA,NA,NA,NA,NA,NA,NA,NA,NA,NA,NA,NA,NA,NA,NA,NA,NA,NA,NA,NA,NA,NA,NA,NA,NA,NA,NA,NA,NA,NA,NA,NA,NA,NA,NA,NA,NA,NA,NA,NA,NA,NA,NA,NA,NA,NA,NA,NA,NA,NA,NA,NA,NA,NA,NA,NA,NA,NA,NA,NA,NA,NA,NA,NA,NA,NA,NA,NA,NA,NA,NA
985688.992642603,876711.814933384,NA,NA,NA,NA,NA,NA,NA,NA,NA,NA,NA,NA,NA,NA,NA,NA,NA,NA,NA,NA,NA,NA,NA,NA,NA,NA,NA,NA,NA,NA,NA,NA,NA,NA,NA,NA,NA,NA,NA,NA,NA,NA,NA,NA,NA,NA,NA,NA,NA,NA,NA,NA,NA,NA,NA,NA,NA,NA,NA,NA,NA,NA,NA,NA,NA,NA,NA,NA,NA,NA,NA,NA,NA,NA,NA,NA
993838.217557336,876711.814933384,NA,NA,NA,NA,NA,NA,NA,NA,NA,NA,NA,NA,NA,NA,NA,NA,NA,NA,NA,NA,NA,NA,NA,NA,NA,NA,NA,NA,NA,NA,NA,NA,NA,NA,NA,NA,NA,NA,NA,NA,NA,NA,NA,NA,NA,NA,NA,NA,NA,NA,NA,NA,NA,NA,NA,NA,NA,NA,NA,NA,NA,NA,NA,NA,NA,NA,NA,NA,NA,NA,NA,NA,NA,NA,NA,NA
1001987.44247207,876711.814933384,NA,NA,NA,NA,NA,NA,NA,NA,NA,NA,NA,NA,NA,NA,NA,NA,NA,NA,NA,NA,NA,NA,NA,NA,NA,NA,NA,NA,NA,NA,NA,NA,NA,NA,NA,NA,NA,NA,NA,NA,NA,NA,NA,NA,NA,NA,NA,NA,NA,NA,NA,NA,NA,NA,NA,NA,NA,NA,NA,NA,NA,NA,NA,NA,NA,NA,NA,NA,NA,NA,NA,NA,NA,NA,NA,NA
1010136.6673868,876711.814933384,NA,NA,NA,NA,NA,NA,NA,NA,NA,NA,NA,NA,NA,NA,NA,NA,NA,NA,NA,NA,NA,NA,NA,NA,NA,NA,NA,NA,NA,NA,NA,NA,NA,NA,NA,NA,NA,NA,NA,NA,NA,NA,NA,NA,NA,NA,NA,NA,NA,NA,NA,NA,NA,NA,NA,NA,NA,NA,NA,NA,NA,NA,NA,NA,NA,NA,NA,NA,NA,NA,NA,NA,NA,NA,NA,NA
1018285.89230154,876711.814933384,-1.20749564899047,-1.1024999252816,-0.260588433936429,0.9099228507191,0.0099540035096363,-0.0103716378424422,-0.5979815839583,-1.49553268919103,0.277124863047483,0.00792393551160178,-0.855304338123357,0.731550883275209,1.74901829257043,-0.949427038888067,-0.31792297231584,0.306477518564419,1.09962479516334,0.671613896908615,1.75676998664892,-0.654192879420928,-0.691871693087886,1.84238016406408,0.641875328168569,1.27507013857204,0.72644903218306,0.0730180722888211,0.683023495797262,-0.807444425393898,-1.18830747861429,-0.750162151804243,-0.100041651194338,-1.97806941588887,1.03373185688801,-0.012163054297381,1.53116700157619,-1.38244611772282,0.592672758610387,0.386412627651083,-0.203653874105103,1.56607425559558,0.622038805439657,-1.12904198234437,0.789929064001874,-1.37824068245948,0.127933116323587,-1.44397427957884,1.80376674154511,0.287833484513802,-1.09689609288066,0.11969627530527,-1.32338107113387,-0.236103741443127,-0.301655942405148,-0.220089030159746,-0.490259215256033,0.67987623340895,-0.146735373651412,1.20071973810947,-0.489303421118576,-0.0563340507305282,-0.541019786830272,0.860500542996183,1.70630050646428,-1.06470898964428,-0.0190798162278639,1.29151729720267,-0.677906598734402,0.470653887769789,-0.321091938716725,-0.232041654121642,1.95488383704073,-0.147423042410772,0.301283229768592,-1.67963160716436,-1.08749206101276,-0.399057834080854
1026435.11721627,876711.814933384,-1.09377972002481,-1.11201266593369,-0.282444092896706,0.968753011089209,0.0029234921066346,-0.00593701954195855,-0.536930847085176,-1.37391153965536,0.26821764794776,0.0397422919080534,-0.867521798357604,0.722502705148164,1.76562066139107,-0.947388547691322,-0.321056091175038,0.287467072017272,1.17675295818022,0.636854519761469,1.79197581527353,-0.603067897669835,-0.710714863355104,1.87481671620067,0.623970966720414,1.21040456606272,0.773086093834424,-0.00643629052466335,0.640031406181411,-0.797457844502231,-1.09151901049136,-0.793774658548269,-0.111889783241433,-2.00110218905257,1.06859652439824,-0.0470380310857762,1.46852985307905,-1.44211934568725,0.652218793223198,0.399295871482894,-0.266786737093244,1.52278212563517,0.48961310641739,-1.23706712126417,0.776586530655547,-1.45898795221498,0.160243869864449,-1.43981406189715,1.80659971573029,0.294730772468566,-1.1146861018627,0.14926654062066,-1.39322426184248,-0.269535202346955,-0.312640647833887,-0.257561801309473,-0.518063278798197,0.723380615064785,-0.18221224028059,1.19633350441524,-0.479263445822597,-0.0318038662727496,-0.552158683354102,0.836645962949205,1.64522388033861,-1.00718100836575,0.015468759380572,1.32032373373528,-0.607614047261229,0.494630504864236,-0.255353335146925,-0.246838005291707,1.98257255606548,-0.201942610570321,0.341454276153944,-1.65087492474914,-1.04127661898638,-0.400959706202408
1034584.342131,876711.814933384,NA,NA,NA,NA,NA,NA,NA,NA,NA,NA,NA,NA,NA,NA,NA,NA,NA,NA,NA,NA,NA,NA,NA,NA,NA,NA,NA,NA,NA,NA,NA,NA,NA,NA,NA,NA,NA,NA,NA,NA,NA,NA,NA,NA,NA,NA,NA,NA,NA,NA,NA,NA,NA,NA,NA,NA,NA,NA,NA,NA,NA,NA,NA,NA,NA,NA,NA,NA,NA,NA,NA,NA,NA,NA,NA,NA
1042733.56704574,876711.814933384,NA,NA,NA,NA,NA,NA,NA,NA,NA,NA,NA,NA,NA,NA,NA,NA,NA,NA,NA,NA,NA,NA,NA,NA,NA,NA,NA,NA,NA,NA,NA,NA,NA,NA,NA,NA,NA,NA,NA,NA,NA,NA,NA,NA,NA,NA,NA,NA,NA,NA,NA,NA,NA,NA,NA,NA,NA,NA,NA,NA,NA,NA,NA,NA,NA,NA,NA,NA,NA,NA,NA,NA,NA,NA,NA,NA
1050882.79196047,876711.814933384,NA,NA,NA,NA,NA,NA,NA,NA,NA,NA,NA,NA,NA,NA,NA,NA,NA,NA,NA,NA,NA,NA,NA,NA,NA,NA,NA,NA,NA,NA,NA,NA,NA,NA,NA,NA,NA,NA,NA,NA,NA,NA,NA,NA,NA,NA,NA,NA,NA,NA,NA,NA,NA,NA,NA,NA,NA,NA,NA,NA,NA,NA,NA,NA,NA,NA,NA,NA,NA,NA,NA,NA,NA,NA,NA,NA
1059032.01687521,876711.814933384,NA,NA,NA,NA,NA,NA,NA,NA,NA,NA,NA,NA,NA,NA,NA,NA,NA,NA,NA,NA,NA,NA,NA,NA,NA,NA,NA,NA,NA,NA,NA,NA,NA,NA,NA,NA,NA,NA,NA,NA,NA,NA,NA,NA,NA,NA,NA,NA,NA,NA,NA,NA,NA,NA,NA,NA,NA,NA,NA,NA,NA,NA,NA,NA,NA,NA,NA,NA,NA,NA,NA,NA,NA,NA,NA,NA
1067181.24178994,876711.814933384,NA,NA,NA,NA,NA,NA,NA,NA,NA,NA,NA,NA,NA,NA,NA,NA,NA,NA,NA,NA,NA,NA,NA,NA,NA,NA,NA,NA,NA,NA,NA,NA,NA,NA,NA,NA,NA,NA,NA,NA,NA,NA,NA,NA,NA,NA,NA,NA,NA,NA,NA,NA,NA,NA,NA,NA,NA,NA,NA,NA,NA,NA,NA,NA,NA,NA,NA,NA,NA,NA,NA,NA,NA,NA,NA,NA
1075330.46670467,876711.814933384,NA,NA,NA,NA,NA,NA,NA,NA,NA,NA,NA,NA,NA,NA,NA,NA,NA,NA,NA,NA,NA,NA,NA,NA,NA,NA,NA,NA,NA,NA,NA,NA,NA,NA,NA,NA,NA,NA,NA,NA,NA,NA,NA,NA,NA,NA,NA,NA,NA,NA,NA,NA,NA,NA,NA,NA,NA,NA,NA,NA,NA,NA,NA,NA,NA,NA,NA,NA,NA,NA,NA,NA,NA,NA,NA,NA
1083479.69161941,876711.814933384,NA,NA,NA,NA,NA,NA,NA,NA,NA,NA,NA,NA,NA,NA,NA,NA,NA,NA,NA,NA,NA,NA,NA,NA,NA,NA,NA,NA,NA,NA,NA,NA,NA,NA,NA,NA,NA,NA,NA,NA,NA,NA,NA,NA,NA,NA,NA,NA,NA,NA,NA,NA,NA,NA,NA,NA,NA,NA,NA,NA,NA,NA,NA,NA,NA,NA,NA,NA,NA,NA,NA,NA,NA,NA,NA,NA
1091628.91653414,876711.814933384,NA,NA,NA,NA,NA,NA,NA,NA,NA,NA,NA,NA,NA,NA,NA,NA,NA,NA,NA,NA,NA,NA,NA,NA,NA,NA,NA,NA,NA,NA,NA,NA,NA,NA,NA,NA,NA,NA,NA,NA,NA,NA,NA,NA,NA,NA,NA,NA,NA,NA,NA,NA,NA,NA,NA,NA,NA,NA,NA,NA,NA,NA,NA,NA,NA,NA,NA,NA,NA,NA,NA,NA,NA,NA,NA,NA
1099778.14144887,876711.814933384,NA,NA,NA,NA,NA,NA,NA,NA,NA,NA,NA,NA,NA,NA,NA,NA,NA,NA,NA,NA,NA,NA,NA,NA,NA,NA,NA,NA,NA,NA,NA,NA,NA,NA,NA,NA,NA,NA,NA,NA,NA,NA,NA,NA,NA,NA,NA,NA,NA,NA,NA,NA,NA,NA,NA,NA,NA,NA,NA,NA,NA,NA,NA,NA,NA,NA,NA,NA,NA,NA,NA,NA,NA,NA,NA,NA
1107927.36636361,876711.814933384,NA,NA,NA,NA,NA,NA,NA,NA,NA,NA,NA,NA,NA,NA,NA,NA,NA,NA,NA,NA,NA,NA,NA,NA,NA,NA,NA,NA,NA,NA,NA,NA,NA,NA,NA,NA,NA,NA,NA,NA,NA,NA,NA,NA,NA,NA,NA,NA,NA,NA,NA,NA,NA,NA,NA,NA,NA,NA,NA,NA,NA,NA,NA,NA,NA,NA,NA,NA,NA,NA,NA,NA,NA,NA,NA,NA
1116076.59127834,876711.814933384,NA,NA,NA,NA,NA,NA,NA,NA,NA,NA,NA,NA,NA,NA,NA,NA,NA,NA,NA,NA,NA,NA,NA,NA,NA,NA,NA,NA,NA,NA,NA,NA,NA,NA,NA,NA,NA,NA,NA,NA,NA,NA,NA,NA,NA,NA,NA,NA,NA,NA,NA,NA,NA,NA,NA,NA,NA,NA,NA,NA,NA,NA,NA,NA,NA,NA,NA,NA,NA,NA,NA,NA,NA,NA,NA,NA
1124225.81619307,876711.814933384,NA,NA,NA,NA,NA,NA,NA,NA,NA,NA,NA,NA,NA,NA,NA,NA,NA,NA,NA,NA,NA,NA,NA,NA,NA,NA,NA,NA,NA,NA,NA,NA,NA,NA,NA,NA,NA,NA,NA,NA,NA,NA,NA,NA,NA,NA,NA,NA,NA,NA,NA,NA,NA,NA,NA,NA,NA,NA,NA,NA,NA,NA,NA,NA,NA,NA,NA,NA,NA,NA,NA,NA,NA,NA,NA,NA
1132375.04110781,876711.814933384,NA,NA,NA,NA,NA,NA,NA,NA,NA,NA,NA,NA,NA,NA,NA,NA,NA,NA,NA,NA,NA,NA,NA,NA,NA,NA,NA,NA,NA,NA,NA,NA,NA,NA,NA,NA,NA,NA,NA,NA,NA,NA,NA,NA,NA,NA,NA,NA,NA,NA,NA,NA,NA,NA,NA,NA,NA,NA,NA,NA,NA,NA,NA,NA,NA,NA,NA,NA,NA,NA,NA,NA,NA,NA,NA,NA
1140524.26602254,876711.814933384,NA,NA,NA,NA,NA,NA,NA,NA,NA,NA,NA,NA,NA,NA,NA,NA,NA,NA,NA,NA,NA,NA,NA,NA,NA,NA,NA,NA,NA,NA,NA,NA,NA,NA,NA,NA,NA,NA,NA,NA,NA,NA,NA,NA,NA,NA,NA,NA,NA,NA,NA,NA,NA,NA,NA,NA,NA,NA,NA,NA,NA,NA,NA,NA,NA,NA,NA,NA,NA,NA,NA,NA,NA,NA,NA,NA
1148673.49093727,876711.814933384,NA,NA,NA,NA,NA,NA,NA,NA,NA,NA,NA,NA,NA,NA,NA,NA,NA,NA,NA,NA,NA,NA,NA,NA,NA,NA,NA,NA,NA,NA,NA,NA,NA,NA,NA,NA,NA,NA,NA,NA,NA,NA,NA,NA,NA,NA,NA,NA,NA,NA,NA,NA,NA,NA,NA,NA,NA,NA,NA,NA,NA,NA,NA,NA,NA,NA,NA,NA,NA,NA,NA,NA,NA,NA,NA,NA
1156822.71585201,876711.814933384,NA,NA,NA,NA,NA,NA,NA,NA,NA,NA,NA,NA,NA,NA,NA,NA,NA,NA,NA,NA,NA,NA,NA,NA,NA,NA,NA,NA,NA,NA,NA,NA,NA,NA,NA,NA,NA,NA,NA,NA,NA,NA,NA,NA,NA,NA,NA,NA,NA,NA,NA,NA,NA,NA,NA,NA,NA,NA,NA,NA,NA,NA,NA,NA,NA,NA,NA,NA,NA,NA,NA,NA,NA,NA,NA,NA
1164971.94076674,876711.814933384,NA,NA,NA,NA,NA,NA,NA,NA,NA,NA,NA,NA,NA,NA,NA,NA,NA,NA,NA,NA,NA,NA,NA,NA,NA,NA,NA,NA,NA,NA,NA,NA,NA,NA,NA,NA,NA,NA,NA,NA,NA,NA,NA,NA,NA,NA,NA,NA,NA,NA,NA,NA,NA,NA,NA,NA,NA,NA,NA,NA,NA,NA,NA,NA,NA,NA,NA,NA,NA,NA,NA,NA,NA,NA,NA,NA
1173121.16568148,876711.814933384,NA,NA,NA,NA,NA,NA,NA,NA,NA,NA,NA,NA,NA,NA,NA,NA,NA,NA,NA,NA,NA,NA,NA,NA,NA,NA,NA,NA,NA,NA,NA,NA,NA,NA,NA,NA,NA,NA,NA,NA,NA,NA,NA,NA,NA,NA,NA,NA,NA,NA,NA,NA,NA,NA,NA,NA,NA,NA,NA,NA,NA,NA,NA,NA,NA,NA,NA,NA,NA,NA,NA,NA,NA,NA,NA,NA
1181270.39059621,876711.814933384,NA,NA,NA,NA,NA,NA,NA,NA,NA,NA,NA,NA,NA,NA,NA,NA,NA,NA,NA,NA,NA,NA,NA,NA,NA,NA,NA,NA,NA,NA,NA,NA,NA,NA,NA,NA,NA,NA,NA,NA,NA,NA,NA,NA,NA,NA,NA,NA,NA,NA,NA,NA,NA,NA,NA,NA,NA,NA,NA,NA,NA,NA,NA,NA,NA,NA,NA,NA,NA,NA,NA,NA,NA,NA,NA,NA
1189419.61551094,876711.814933384,NA,NA,NA,NA,NA,NA,NA,NA,NA,NA,NA,NA,NA,NA,NA,NA,NA,NA,NA,NA,NA,NA,NA,NA,NA,NA,NA,NA,NA,NA,NA,NA,NA,NA,NA,NA,NA,NA,NA,NA,NA,NA,NA,NA,NA,NA,NA,NA,NA,NA,NA,NA,NA,NA,NA,NA,NA,NA,NA,NA,NA,NA,NA,NA,NA,NA,NA,NA,NA,NA,NA,NA,NA,NA,NA,NA
1197568.84042568,876711.814933384,NA,NA,NA,NA,NA,NA,NA,NA,NA,NA,NA,NA,NA,NA,NA,NA,NA,NA,NA,NA,NA,NA,NA,NA,NA,NA,NA,NA,NA,NA,NA,NA,NA,NA,NA,NA,NA,NA,NA,NA,NA,NA,NA,NA,NA,NA,NA,NA,NA,NA,NA,NA,NA,NA,NA,NA,NA,NA,NA,NA,NA,NA,NA,NA,NA,NA,NA,NA,NA,NA,NA,NA,NA,NA,NA,NA
1205718.06534041,876711.814933384,NA,NA,NA,NA,NA,NA,NA,NA,NA,NA,NA,NA,NA,NA,NA,NA,NA,NA,NA,NA,NA,NA,NA,NA,NA,NA,NA,NA,NA,NA,NA,NA,NA,NA,NA,NA,NA,NA,NA,NA,NA,NA,NA,NA,NA,NA,NA,NA,NA,NA,NA,NA,NA,NA,NA,NA,NA,NA,NA,NA,NA,NA,NA,NA,NA,NA,NA,NA,NA,NA,NA,NA,NA,NA,NA,NA
1213867.29025514,876711.814933384,NA,NA,NA,NA,NA,NA,NA,NA,NA,NA,NA,NA,NA,NA,NA,NA,NA,NA,NA,NA,NA,NA,NA,NA,NA,NA,NA,NA,NA,NA,NA,NA,NA,NA,NA,NA,NA,NA,NA,NA,NA,NA,NA,NA,NA,NA,NA,NA,NA,NA,NA,NA,NA,NA,NA,NA,NA,NA,NA,NA,NA,NA,NA,NA,NA,NA,NA,NA,NA,NA,NA,NA,NA,NA,NA,NA
1222016.51516988,876711.814933384,NA,NA,NA,NA,NA,NA,NA,NA,NA,NA,NA,NA,NA,NA,NA,NA,NA,NA,NA,NA,NA,NA,NA,NA,NA,NA,NA,NA,NA,NA,NA,NA,NA,NA,NA,NA,NA,NA,NA,NA,NA,NA,NA,NA,NA,NA,NA,NA,NA,NA,NA,NA,NA,NA,NA,NA,NA,NA,NA,NA,NA,NA,NA,NA,NA,NA,NA,NA,NA,NA,NA,NA,NA,NA,NA,NA
